310   0.00008944027544315756   1.2994799251824228e-7
311   0.00008821729209202579   1.2844441102004635e-7
312   0.00008701519830637376   1.2732947214588843e-7
313   0.0000858358957312126   1.2598229799578005e-7
314   0.00008467680429841215   1.2460202086317264e-7
315   0.0000835399672173454   1.226157703430281e-7
316   0.00008241182548493476   1.202457860133164e-7
317   0.00008131213465666346   1.1909842835084348e-7
318   0.00008022740277744837   1.1745993707039632e-7
319   0.0000791691867324702   1.1621418978549028e-7
320   0.00007811364328279277   1.1384831199541534e-7
321   0.00007708044115807337   1.1240736130067557e-7
322   0.00007606016723292988   1.112909669045616e-7
323   0.00007506572239281401   1.0970585873396803e-7
324   0.000074077522406412   1.0842987939933343e-7
325   0.00007310955271465605   1.0718746975282222e-7
326   0.0000721510813492887   1.0602966618872673e-7
327   0.00007120251900077195   1.0517201446491117e-7
328   0.00007027614906280309   1.036023123169973e-7
329   0.00006936746659479937   1.0205196280897736e-7
330   0.00006846418776885428   1.0044333076626198e-7
331   0.00006757561080880737   9.923338244025714e-8
332   0.00006670156039344108   9.800028772151446e-8
333   0.00006584735596252279   9.700920595953832e-8
334   0.00006498791791690199   9.594942709415411e-8
335   0.0000641534255091906   9.490267439625282e-8
336   0.0000633451382905466   9.334744936159524e-8
337   0.00006252749331479881   9.23789147629547e-8
338   0.00006172974614468963   9.139435665903745e-8
339   0.00006094240033562153   9.072218315435056e-8
340   0.00006014786951067917   8.905037959439721e-8
341   0.00005938685601668112   8.782015511982453e-8
342   0.000058639581574478834   8.6550891823079e-8
343   0.00005789705409608814   8.575760110548062e-8
344   0.00005716993768971732   8.477980714671091e-8
345   0.000056455537768257314   8.437590255177863e-8
346   0.0000557541350331996   8.352539534992742e-8
347   0.00005505811154578555   8.26069244999459e-8
348   0.00005437088827425454   8.174601758349243e-8
349   0.00005370220989997569   8.069934570710221e-8
350   0.00005303198519421045   7.951001096342704e-8
351   0.00005237645326339481   7.845341648143919e-8
352   0.00005173574244305359   7.749750332670555e-8
353   0.000051098649583490666   7.629481395411792e-8
354   0.0000504694884666094   7.543156054598328e-8
355   0.000049859111250745376   7.427961420766916e-8
356   0.00004925231458458413   7.359517640975421e-8
357   0.00004865730611347766   7.236453260853299e-8
358   0.00004807058960015557   7.129219493218542e-8
359   0.00004748305152129364   7.030744716674355e-8
360   0.00004690895147032353   6.952479275379325e-8
361   0.00004635034680765867   6.997194855768306e-8
362   0.000045790964165209396   6.929173367394745e-8
363   0.00004524065786547528   6.841248904456347e-8
364   0.000044691908683267116   6.765948324463261e-8
365   0.00004415732318925459   6.702712692118898e-8
366   0.00004362939470471855   6.63413005479442e-8
367   0.00004310946913862884   6.554855741163715e-8
368   0.00004259675751455984   6.475111279358906e-8
369   0.000042088604614307473   6.352455159310692e-8
370   0.00004159079827456985   6.282859299437486e-8
371   0.000041099961561487884   6.238531092573669e-8
372   0.000040615049883914426   6.173040702496551e-8
373   0.000040135497661943076   6.093822851179261e-8
374   0.00003966048732420234   5.986222381029633e-8
375   0.00003919644669442348   5.939145285350439e-8
376   0.00003874001743186644   5.881317803447524e-8
377   0.00003828500541465824   5.79711015809939e-8
378   0.00003783900430476568   5.734438580607482e-8
379   0.000037403982469388777   5.6781370266813025e-8
380   0.00003696876414322816   5.6174236812702814e-8
