310.   0.07872622906866632   0.00018981608996896995
310.25   0.07866394276604496   0.00018985998266208472
310.5   0.07860163412126354   0.00018979218595489313
310.75   0.07853968132687236   0.00018964013771786473
311.   0.07847846684555676   0.00018943156064150772
311.25   0.07841837754330071   0.00018919447103331013
311.5   0.07835980482743302   0.00018895718793136468
311.75   0.07830314478977962   0.00018874834254897506
312.   0.07824879835515593   0.0001885968880653047
312.25   0.07819751811019625   0.0001887428426524971
312.5   0.0781492313571633   0.00018892177354538138
312.75   0.07810421383079355   0.00018907817325557717
313.   0.07806274509240528   0.00018915589079394185
313.25   0.07802746680132486   0.00018878550408903922
313.5   0.0779953763879441   0.0001883456717786805
313.75   0.07796580849002409   0.00018790507237894887
314.   0.07793809035283385   0.00018753321082825783
314.25   0.07790812038120988   0.0001876294383502136
314.5   0.07787998301164012   0.00018780603897986718
314.75   0.07785437132492147   0.0001880015471581941
315.   0.077831987756617   0.0001881537308173256
315.25   0.07781653692815589   0.00018792545295659324
315.5   0.07780456692539224   0.00018763520903675456
315.75   0.07779559407210067   0.0001873297065156586
316.   0.07778912919496395   0.00018705626141341647
316.25   0.07778301894317656   0.00018698403008381585
316.5   0.07777907552218595   0.00018699256962563553
316.75   0.07777746658046941   0.0001870818597146302
317.   0.07777836286250765   0.00018725189301010064
317.25   0.07778163391491012   0.00018760379995957598
317.5   0.07778788149238178   0.00018799659629802832
317.75   0.07779741023947843   0.0001883891621636597
318.   0.07781053020260181   0.00018873979398511197
318.25   0.0778285319871418   0.00018882453148880734
318.5   0.07785037789015706   0.0001888536799058655
318.75   0.07787599837113576   0.0001888576343548401
319.   0.07790532414059588   0.000188867239800883
319.25   0.07793876998092919   0.00018900566140144805
319.5   0.077975592825168   0.00018917666824861784
319.75   0.07801552705212352   0.00018937512035896702
320.   0.07805830423375414   0.00018959580458000083
320.25   0.07810115401987643   0.00018985726700132606
320.5   0.07814728454493564   0.00019012092403989931
320.75   0.07819743791192311   0.00019037160088359134
321.   0.07825237005348329   0.00019059387455073993
321.25   0.07831574903580596   0.000190679100694043
321.5   0.07838432307687654   0.0001907408468000584
321.75   0.07845770986032678   0.00019080084642101634
322.   0.07853552262450406   0.00019088120845778945
322.25   0.07861552416078742   0.00019109425713004205
322.5   0.07869988931236434   0.000191337787908692
322.75   0.078788971528451   0.0001915984149688949
323.   0.07888313305480761   0.00019186251790481729
323.25   0.07898382283050244   0.00019204545758516543
323.5   0.07908992159095232   0.00019223166481323624
323.75   0.07920137959814709   0.0001924357166883136
324.   0.07931814913197169   0.00019267247600673564
324.25   0.07943968815451281   0.0001929838527427467
324.5   0.07956664449869402   0.0001933480861695308
324.75   0.07969918075586402   0.00019377001828885357
325.   0.07983746630980806   0.0001942546088751977
325.25   0.07998126910724582   0.00019488054273508618
325.5   0.0801313418936273   0.00019555060796250647
325.75   0.08028804445337975   0.00019623995346950348
326.   0.08045174869063215   0.0001969232123276956
326.25   0.0806235432181098   0.0001974758878921238
326.5   0.0808028470364077   0.00019800864984947738
326.75   0.0809897834013843   0.0001985349358467129
327.   0.08118448399463409   0.0001990684929517485
327.25   0.08138707861185328   0.00019962705443447095
327.5   0.08159773252400901   0.00020021994730125807
327.75   0.08181661054747215   0.00020086044433651569
328.   0.08204388844831362   0.00020156216409151424
328.25   0.08227935600765245   0.00020241945448299037
328.5   0.0825237658909379   0.00020333498535670885
328.75   0.08277749535823094   0.0002042903964833611
329.   0.08304094026783264   0.00020526688762223012
329.25   0.0833147123412955   0.00020620651836850845
329.5   0.08359897626750118   0.00020714325859024204
329.75   0.08389411077212001   0.00020807280878420872
330.   0.0842005166624513   0.00020899076706511164
330.25   0.08451850105745941   0.00020988594585787161
330.5   0.08484867696565788   0.00021076299146415638
330.75   0.085191570448758   0.00021161992305764166
331.   0.08554773860495477   0.0002124547149355102
331.25   0.08591808543378847   0.00021321072175707674
331.5   0.08630280272529395   0.00021396154219148472
331.75   0.08670242607591193   0.0002147276629566408
332.   0.08711752908524271   0.00021553026081391326
332.25   0.08754846229664975   0.00021646171413377543
332.5   0.08799625186567978   0.00021744704118681712
332.75   0.0884617163922788   0.0002184804628078228
333.   0.08894573164547794   0.00021955607297436332
333.25   0.0894478283432362   0.00022064490788824493
333.5   0.08997096251548228   0.00022177253914482068
333.75   0.09051680340613785   0.00022294221211121727
334.   0.09108712517486094   0.00022415738511512921
334.25   0.09168736021677401   0.00022539657815532854
334.5   0.09231462046204204   0.00022669857459345734
334.75   0.09296957309379134   0.00022807817025796996
335.   0.09365297424476893   0.00022955092931577412
335.25   0.09436264888150725   0.00023117389849672073
335.5   0.09510375143906813   0.00023290824461765414
335.75   0.0958786499478124   0.00023475519033622138
336.   0.09668991304469304   0.00023671626871082677
336.25   0.09754201921147433   0.00023881792446261266
336.5   0.09843568669139724   0.00024102854366022598
336.75   0.09937352776400893   0.00024334044169265094
337.   0.10035843515830037   0.0002457458860513757
337.25   0.10139180990681797   0.00024811307167346496
337.5   0.10247971798971729   0.00025060505552950904
337.75   0.10362691924560888   0.0002532670210112736
338.   0.10483869544069903   0.0002561474253058981
338.25   0.1061215761459601   0.0002594861658875044
338.5   0.1074812444943589   0.0002630817038644881
338.75   0.1089247971118325   0.00026691439900818477
339.   0.11046024519313238   0.0002709644345846192
339.25   0.11209773088624055   0.00027506704807457415
339.5   0.11384614573556973   0.0002794005284391297
339.75   0.11571686382470224   0.0002840079392185034
340.   0.11772299820567257   0.000288937748721522
340.25   0.1198794262398273   0.00029432494902705887
340.5   0.12220429974660821   0.00030012299877587933
340.75   0.12471853315261239   0.0003063684506013475
341.   0.12744679830925632   0.00031310559642083074
341.25   0.1304173628733093   0.00032025079675878314
341.5   0.13366669196183992   0.0003280561447054278
341.75   0.13723752022019645   0.00033666466872641384
342.   0.14118172962707487   0.00034624654727975865
342.25   0.1455634496482903   0.0003572111922275518
342.5   0.15046012671129488   0.00036953256495675846
342.75   0.15596869811733166   0.0003834198257537797
343.   0.16221018559428466   0.0003991372873161864
343.25   0.1693357207278771   0.00041690602147077073
343.5   0.17753406682769682   0.00043729113522248395
343.75   0.18703646255644005   0.00046085930178100707
344.   0.19811684122808404   0.0004882812297051039
344.25   0.21108014455743485   0.0005202651103340889
344.5   0.22621435779372434   0.0005575596017254019
344.75   0.24372245649550714   0.0006006727371898311
345.   0.2636259466482657   0.0006496682620355573
345.25   0.2856994672778365   0.0007040524287296724
345.5   0.3095073106464174   0.0007627155566790164
345.75   0.33449878020815066   0.0008243047246413287
346.   0.36013202693087176   0.0008874898420832484
346.25   0.38595226902634994   0.0009510208086785379
346.5   0.4116183298503932   0.001014238356150724
346.75   0.4368939183207435   0.0010766411079711905
347.   0.46162652364813833   0.0011379494897354571
347.25   0.48572989906960395   0.0011987085704134911
347.5   0.5091493960203113   0.0012580552227303957
347.75   0.5318631781803301   0.0013157455333379158
348.   0.5538680173352883   0.0013715438664170855
348.25   0.5751665758309981   0.0014240599137000554
348.5   0.5957825706992449   0.00147457262368058
348.75   0.6157387875659479   0.0015233548753346444
349.   0.6350604695409954   0.0015707215497091434
349.25   0.6537772667419166   0.001617834353826745
349.5   0.6719113128462423   0.0016639831756039571
349.75   0.6894873453656758   0.001709206399490104
350.   0.7065292837197652   0.0017535323085005386
350.25   0.7230596363316664   0.0017975433673816294
350.5   0.7391007400484763   0.001840480686281311
350.75   0.7546734191317885   0.0018820880004132988
351.   0.7697973643035093   0.001922078381343364
351.25   0.7844868567601375   0.001958959017891959
351.5   0.7987652924956122   0.001993992653593274
351.75   0.8126510854811919   0.0020273299723820304
352.   0.8261618303146917   0.00205913379866977
352.25   0.8393322036151745   0.0020892025264168477
352.5   0.8521538511022644   0.0021182371213631953
352.75   0.8646344109494708   0.002146598306124287
353.   0.8767804069711203   0.002174667566798715
353.25   0.888573442290355   0.00220444599590076
353.5   0.9000508058863954   0.0022341561529931344
353.75   0.9112263756585552   0.0022635455172358774
354.   0.9221137320765252   0.002292340536324701
354.25   0.9327325010030596   0.002319280309870583
354.5   0.943087053183167   0.0023453835352010323
354.75   0.9531875277923989   0.0023707330566904144
355.   0.9630437286592292   0.0023954146937823105
355.25   0.9726775037079393   0.0024198776484319197
355.5   0.9820810145651485   0.002443716194919262
355.75   0.9912579381130457   0.0024668711529479974
356.   1.000211461873423   0.0024892790005307786
356.25   1.0089107918763336   0.0025100293494228466
356.5   1.017404514062319   0.002530214599385661
356.75   1.0257086829646587   0.002550115892235803
357.   1.033839549614361   0.002570025567624007
357.25   1.0418775783235172   0.002591807758992579
357.5   1.0497508780798885   0.002613617392934162
357.75   1.0574493277187453   0.002635120983404059
358.   1.064961968027526   0.002655969758072199
358.25   1.0722226650923687   0.002674385130620816
358.5   1.0792941370959828   0.0026919480707672835
358.75   1.0861858860313156   0.0027088601490246824
359.   1.0929074934041243   0.0027253304091872216
359.25   1.099480763560578   0.0027422373288279686
359.5   1.1058986178233294   0.0027588868044774633
359.75   1.1121658105297831   0.002775232394165302
360.   1.118287013741424   0.0027912252770720017
360.25   1.1242720445962466   0.0028066189155578785
360.5   1.1301181838705467   0.0028216309048918558
360.75   1.1358277100238572   0.002836287110895732
361.   1.1414027708044545   0.0028506137795843945
361.25   1.146841877126508   0.0028648383781668084
361.5   1.1521518042789103   0.0028787092050616306
361.75   1.1573357988731872   0.002892170161589053
362.   1.1623970389755862   0.002905163111524493
362.25   1.1673465405818888   0.0029176339572098827
362.5   1.1721763817697592   0.002929512272466429
362.75   1.176886278298658   0.002940731607835679
363.   1.1814758012412894   0.002951223600131214
363.25   1.1859139277381676   0.0029582893019482635
363.5   1.1902422578404674   0.0029655083168028617
363.75   1.1944725526128455   0.002973894175077463
364.   1.1986167662215685   0.0029844863398953694
364.25   1.2027359261656776   0.003004667076983791
364.5   1.2067744271273464   0.0030267462814513664
364.75   1.2107246038783115   0.0030492299021740374
365.   1.2145784878765646   0.0030705850766827893
365.25   1.2182974237484767   0.0030839557985152585
365.5   1.2219151112233289   0.0030950821540987254
365.75   1.2254352382100548   0.0031044976498232598
366.   1.2288615011363668   0.003112749558391501
366.25   1.2322050145189951   0.003121891966146211
366.5   1.2354591883831876   0.0031304218456740577
366.75   1.2386246992126895   0.0031383117065921415
367.   1.241702168156679   0.00314553352335826
367.25   1.2446715995515976   0.003151220520047504
367.5   1.2475621191188266   0.003156509895127616
367.75   1.250382640444516   0.0031617164883118243
368.   1.2531422012350948   0.0031671617101664616
368.25   1.255895322602741   0.003174020568185802
368.5   1.2585881526934923   0.0031814482202178296
368.75   1.2612114777148309   0.003189437468834483
369.   1.2637558374025482   0.0031979804364199857
369.25   1.2661658650544334   0.003207609256588502
369.5   1.2684951949086927   0.003217562019696269
369.75   1.27075237085796   0.003227607300913173
370.   1.2729460575573939   0.0032375089197633103
370.25   1.2751166852056817   0.0032475639657013806
370.5   1.2772290858578377   0.0032567778976328003
370.75   1.2792793203386095   0.003264680540363285
371.   1.2812633326104097   0.0032707933645766286
371.25   1.2831613531517192   0.0032716897830497517
371.5   1.2849908260468892   0.0032709697833176255
371.75   1.2867537373494042   0.0032693328956850064
372.   1.2884520736211404   0.0032674913292294523
372.25   1.2900864028927592   0.00326793371445961
372.5   1.2916606906426888   0.0032689395023358363
372.75   1.293177506073126   0.003270536991232504
373.   1.294639429155056   0.003272754579241923
373.25   1.2960562870082462   0.003277058876782775
373.5   1.2974205976254625   0.003281474529906527
373.75   1.2987320193831318   0.003285443174265908
374.   1.2999901751812355   0.0032883973449002193
374.25   1.3011785090748291   0.0032858794392974285
374.5   1.3023190755680647   0.0032827135142087277
374.75   1.303417980244494   0.0032798887098574292
375.   1.3044813950958967   0.0032784094500580016
375.25   1.3055530298671478   0.003284150159560032
375.5   1.3065869515184336   0.003291377461769135
375.75   1.3075742535450208   0.0032991615141001558
376.   1.3085058713350814   0.0033065582031620027
376.25   1.3093272453949676   0.0033093734297710994
376.5   1.3100922145375666   0.003311146729267951
376.75   1.3108097203140534   0.003312210377179344
377.   1.31148881320785   0.003312901583148501
377.25   1.3121676426680307   0.0033145404195945314
377.5   1.312815046144403   0.0033161100015005798
377.75   1.3134285922527047   0.0033175638568038396
378.   1.3140057941857552   0.003318854818247
378.25   1.3145351758707422   0.0033195066207489694
378.5   1.3150266029113329   0.0033200682118398775
378.75   1.3154810617188204   0.003320664656224191
379.   1.315899533819327   0.0033214226207617286
379.25   1.3162829959992004   0.003322470351835642
379.5   1.3166324204454762   0.0033239376531797185
379.75   1.316948774881519   0.003325955864151304
380.   1.317233022698096   0.003328657838437029
