310   0.000029630729971067627   9.275554668394397e-8
311   0.000029213517036143374   9.172509985564896e-8
312   0.000028798783535941645   9.043113371762207e-8
313   0.000028392987038280795   8.973756048042824e-8
314   0.000028002177626322624   8.811216574565507e-8
315   0.000027606647272431366   8.725929671835434e-8
316   0.000027229770289979147   8.582885986723133e-8
317   0.000026852248638292128   8.434409711200663e-8
318   0.000026474108064635183   8.385601281057714e-8
319   0.000026105688948413003   8.285593388423195e-8
320   0.000025742013245814834   8.167726370801088e-8
321   0.000025394672656928748   8.040035993053341e-8
322   0.000025047801348673724   7.916573168541283e-8
323   0.000024702454375506606   7.815322406538268e-8
324   0.000024363045326303122   7.688401903479871e-8
325   0.000024030664490253164   7.604735939880767e-8
326   0.00002370192600916227   7.535714917092912e-8
327   0.000023380143599326803   7.44893153536111e-8
328   0.000023067482659149554   7.361816387430778e-8
329   0.000022756666339622474   7.301126878047626e-8
330   0.00002244990778588563   7.22554297854429e-8
331   0.000022147768582009993   7.135360955092586e-8
332   0.000021849467479898976   7.023528534522823e-8
333   0.000021555416590895413   6.915494741656713e-8
334   0.000021260934975413948   6.795376284529899e-8
335   0.00002098408832972286   6.67596632140484e-8
336   0.00002070368280565217   6.594179928538841e-8
337   0.00002042599167809074   6.508295631504255e-8
338   0.000020148472258408246   6.410591400821931e-8
339   0.00001987401408098675   6.364659294098484e-8
340   0.00001961167485410792   6.282691373421785e-8
341   0.000019353529632981697   6.218831590911091e-8
342   0.000019094534803972196   6.148498579956903e-8
343   0.000018842747413731268   6.096000115180621e-8
344   0.00001859572130543499   6.026067025640776e-8
345   0.000018355304485005117   5.955878932240982e-8
346   0.000018119191555310663   5.872161963722695e-8
347   0.000017883699421304705   5.799055058461433e-8
348   0.000017655863209698375   5.7492609293414154e-8
349   0.00001742732073319953   5.661692822559404e-8
350   0.000017202533632166615   5.6099934482734616e-8
351   0.000016972472972416067   5.549224339328328e-8
352   0.000016755606138267818   5.4723163162577276e-8
353   0.000016544630684867215   5.384233259432026e-8
354   0.000016331853590895798   5.334663603610604e-8
355   0.000016123432103072474   5.2771685407165336e-8
356   0.000015916966084082535   5.2139413165649426e-8
357   0.000015714875074471536   5.1448360658161985e-8
358   0.000015519980006223143   5.104059212272877e-8
359   0.000015323305889697776   5.0453100757274316e-8
360   0.000015130380380916676   4.983035593875313e-8
361   0.000014940100404211018   4.931754534928647e-8
362   0.000014751059957138668   4.872840804202154e-8
363   0.000014563598101009286   4.80387181385075e-8
364   0.000014377627952331214   4.727600819650755e-8
365   0.000014201897879111597   4.7433989425931854e-8
366   0.00001402437150304586   4.685943961680962e-8
367   0.000013849383300145319   4.632076027941883e-8
368   0.000013675749165137138   4.572278601139989e-8
369   0.0000135087779294105   4.532628141976042e-8
370   0.000013340059844561428   4.500262713912645e-8
371   0.000013175275635395215   4.453748044695677e-8
372   0.00001301106316608929   4.377596212267213e-8
373   0.000012850652911176178   4.304762417403127e-8
374   0.000012689596479673185   4.263800931594106e-8
375   0.000012531686738742637   4.194488427263813e-8
376   0.000012379848792054266   4.169599456426775e-8
377   0.000012226390612560058   4.119304811833112e-8
378   0.000012080024471915216   4.0526116497508665e-8
379   0.000011932269344057217   4.011690267580106e-8
380   0.000011787149413756543   3.9681800449542355e-8
