310.   0.015897641625528803   0.000028413496132559823
310.25   0.01588336110647829   0.00002839523861384991
310.5   0.015869287200785863   0.000028371631809902007
310.75   0.015855455026821723   0.00002834383719007739
311.   0.015841900141505397   0.000028313028257420233
311.25   0.01582865855410168   0.00002828039092085235
311.5   0.015815766740531804   0.000028247123880775395
311.75   0.01580326165822367   0.000028214439028686152
312.   0.015791180761526056   0.000028183561861442816
312.25   0.015779521946696396   0.000028160167706056326
312.5   0.015768379626426497   0.0000281393207808408
312.75   0.015757809100159694   0.00002812049055090713
313.   0.01574786642386036   0.000028103140677695355
313.25   0.015738939134124205   0.000028085227350729347
313.5   0.015730623472530715   0.000028068296974921542
313.75   0.015722843686037047   0.000028052404105996436
314.   0.015715523235489987   0.000028037604187712355
314.25   0.015708290576966998   0.00002802407954448511
314.5   0.015701477932291187   0.000028011711766495294
314.75   0.015695125732028664   0.000028000507990237036
315.   0.015689275041052695   0.000027990475715279846
315.25   0.015684015293064332   0.000027981956027749152
315.5   0.015679322338992538   0.000027974492424191826
315.75   0.01567521989391741   0.000027967958160656382
316.   0.015671732143681935   0.000027962225108417778
316.25   0.015669010762620932   0.000027956164402530063
316.5   0.015666903815655494   0.00002795103863830619
316.75   0.015665385360399665   0.000027947121637772095
317.   0.015664429280548373   0.000027944691297799866
317.25   0.015663838877203212   0.000027945737212706487
317.5   0.015663825275944784   0.000027948165037300728
317.75   0.01566443115666485   0.000027951570922995102
318.   0.01566570001308098   0.00002795554562193095
318.25   0.015667829474975126   0.00002795754055122644
318.5   0.015670651056378958   0.000027960109730070997
318.75   0.015674148456188555   0.000027963695527788128
319.   0.015678305373068198   0.00002796874729790528
319.25   0.015683014772924907   0.000027977663098008655
319.5   0.015688386828893605   0.000027988201015162185
319.75   0.01569444223666189   0.00002800004165788416
320.   0.015701202290487774   0.000028012861163210148
320.25   0.015708622782030304   0.000028024804212395935
320.5   0.015716818433756528   0.00002803766514476557
320.75   0.015725839477564424   0.000028051728529799523
321.   0.015735737308978332   0.000028067284145043843
321.25   0.01574674474983019   0.00002808452944523601
321.5   0.015758664604534386   0.00002810390148094372
321.75   0.015771478482332284   0.00002812574693592149
322.   0.01578516808382801   0.00002815041935348534
322.25   0.015799439487093402   0.000028181533384963777
322.5   0.015814658645399566   0.000028214924883994594
322.75   0.01583092030127441   0.000028249639613262863
323.   0.01584832141084726   0.000028284706886944418
323.25   0.015867426862083648   0.00002831512035703484
323.5   0.015887689991389915   0.000028345469961068336
323.75   0.015909024481128006   0.000028376375835442097
324.   0.01593134296214686   0.000028408470631763595
324.25   0.01595411503218326   0.000028442933946330052
324.5   0.015977866308094776   0.00002847968211608955
324.75   0.016002687106899303   0.000028519170260018204
325.   0.016028670250249257   0.000028561864079212055
325.25   0.016056023219663394   0.00002860974451799069
325.5   0.01608468834934573   0.000028661206877685364
325.75   0.016114720824277107   0.000028716134719905134
326.   0.016146177905639488   0.000028774411036798242
326.25   0.016179255592301007   0.000028836550788173615
326.5   0.016213825712223004   0.000028901555880910353
326.75   0.016249896385896787   0.000028969047646582348
327.   0.016287477034363437   0.00002903864081601619
327.25   0.01632650086461549   0.000029108301280705746
327.5   0.016367088075860264   0.000029179912784251452
327.75   0.016409284482858874   0.000029253744113906224
328.   0.01645313838120891   0.00002933007274000619
328.25   0.016498624338080702   0.000029408364897729366
328.5   0.01654590226556426   0.000029490057409726204
328.75   0.016595060427939852   0.00002957579545194561
329.   0.01664619113717361   0.000029666244168658826
329.25   0.01669941316651143   0.00002976524907702378
329.5   0.016754797008041687   0.000029869130255096007
329.75   0.016812439702174893   0.000029977315170755177
330.   0.016872443319568844   0.000030089219965919126
330.25   0.016935145253426757   0.00003020169502590533
330.5   0.017000339518850344   0.00003031767777058325
330.75   0.017068050367973885   0.0000304376042043291
331.   0.017138305856129493   0.00003056192842242666
331.25   0.017210787750916164   0.00003069208399298136
331.5   0.017286018940477675   0.000030827233199101646
331.75   0.017364186494362888   0.000030967494230294965
332.   0.017445487589211422   0.00003111299638238429
332.25   0.017530292503468076   0.000031263245019449285
332.5   0.017618596352580902   0.00003141927654317411
332.75   0.01771056440894308   0.00003158152480683722
333.   0.017806373503846545   0.000031750448861692944
333.25   0.01790628125131061   0.000031925298945975495
333.5   0.018010396440544207   0.00003210830398345157
333.75   0.018118908894795574   0.000032300529714468353
334.   0.01823202387393902   0.00003250309783936193
334.25   0.01834986960940227   0.00003272184044953547
334.5   0.01847281715241788   0.00003295157322548466
334.75   0.018601167582126137   0.000033191667932754314
335.   0.018735246558113466   0.000033441492673231456
335.25   0.01887538022910622   0.00003369702036064599
335.5   0.019021988712439607   0.00003396230135523172
335.75   0.019175500118009947   0.00003423812621482484
336.   0.019336380696009584   0.00003452535299098957
336.25   0.019505262399502697   0.0000348232403038994
336.5   0.019682532274874952   0.000035135117905872404
336.75   0.019868748872957854   0.00003546280977852566
337.   0.020064528789757653   0.00003580828581541322
337.25   0.020270441305747428   0.00003617760424458498
337.5   0.020487399494129324   0.00003656768058521324
337.75   0.020716294393175228   0.00003697937032852515
338.   0.020958117948262214   0.00003741366667241301
338.25   0.02121396882368137   0.000037868251795433276
338.5   0.021485101789862526   0.000038349232159227235
338.75   0.021772918260238826   0.00003885965740806306
339.   0.02207900107931624   0.00003940293716391944
339.25   0.02240531535129586   0.000039987450967754115
339.5   0.022753674123880914   0.00004061129208992535
339.75   0.023126345214839895   0.000041277385158686864
340.   0.023525943068502225   0.00004198918092103309
340.25   0.023955294197697253   0.00004274342090636859
340.5   0.024418207804109932   0.00004355496853572524
340.75   0.024918915222565598   0.000044432861882425
341.   0.02546240317436185   0.0000453876237717267
341.25   0.026054698195068525   0.00004643764763249936
341.5   0.0267027278968692   0.000047589359942625227
341.75   0.027414965759819027   0.00004885747070561705
342.   0.028201704412738914   0.000050259895131881596
342.25   0.029075536695913673   0.00005181868425322012
342.5   0.03005202099766725   0.00005356092311423825
342.75   0.031150473241209068   0.00005552038987862042
343.   0.032395009236044416   0.000057739310586274185
343.25   0.033815671926430535   0.00006026688414659628
343.5   0.035450170108640516   0.00006317376305902677
343.75   0.03734461121252414   0.0000665424521136841
344.   0.03955360684537951   0.0000704706739472234
344.25   0.04213775983100866   0.00007506926344649656
344.5   0.04515465958335077   0.00008043853972198263
344.75   0.048644770092149195   0.00008665031980541957
345.   0.05261235027262075   0.00009371187531678537
345.25   0.05701288064462937   0.00010154094169326287
345.5   0.06175891505741872   0.00010998461854545713
345.75   0.06674045928362747   0.00011884799488384189
346.   0.07184929942696354   0.000127939711816583
346.25   0.07699470942669176   0.0001371081721172387
346.5   0.08210838312518932   0.0001462231764081992
346.75   0.08714301276270088   0.00015519838531448494
347.   0.0920679804794196   0.0001639765529535972
347.25   0.0968645826498254   0.00017250967894853576
347.5   0.10152335396910166   0.00018079200353027407
347.75   0.10604030808293151   0.00018881775290708033
348.   0.1104152409247163   0.000196588260548655
348.25   0.11465060083942581   0.0002041149203565208
348.5   0.11874979624032811   0.00021139950728678406
348.75   0.12271731789308954   0.00021845031023698394
349.   0.1265581189405645   0.00022527644479421795
349.25   0.13027909489090705   0.00023189515167085724
349.5   0.13388305628368646   0.00023830543952767894
349.75   0.13737427667684185   0.00024451306374442344
350.   0.14075679450937756   0.0002505231503194732
350.25   0.14402957419705292   0.0002563161570612215
350.5   0.1472026276872894   0.00026192843677663735
350.75   0.1502813146319767   0.00026737386672356705
351.   0.1532708884952778   0.00027266654670289576
351.25   0.15618156195050564   0.0002778495985999664
351.5   0.15901145997285024   0.0002828981541926066
351.75   0.16176328235851092   0.0002878141124146384
352.   0.1644394752012702   0.000292598628072815
352.25   0.1670401897591334   0.00029724323090380843
352.5   0.16957022404863353   0.00030175992520211937
352.75   0.1720322456632667   0.00030615175690514154
353.   0.17442877978022617   0.00031042141832519194
353.25   0.17676295332506944   0.0003145968223878806
353.5   0.17903602605942043   0.0003186449007349062
353.75   0.18124983435225756   0.0003225563531960732
354.   0.18340608963502955   0.00032632097887267547
354.25   0.18550461767846751   0.00032982120626186864
354.5   0.18754933930200737   0.00033319182238556556
354.75   0.18954239541773915   0.0003364658199229791
355.   0.19148586911579832   0.00033967774448698983
355.25   0.19338468465369751   0.00034298721020050246
355.5   0.19523683006154713   0.0003462612702994651
355.75   0.19704300854066417   0.0003494862329508905
356.   0.19880382516939946   0.00035264736653992795
356.25   0.20051546487095787   0.00035568556782172216
356.5   0.20218432900299804   0.00035864404685998543
356.75   0.2038125891855647   0.00036152352714787937
357.   0.20540241390405822   0.0003643245973600545
357.25   0.2069601176066451   0.0003670370702983294
357.5   0.20848213051591843   0.0003696760106436055
357.75   0.2099688730531647   0.0003722461256502568
358.   0.21142070058777943   0.00037475218397641245
358.25   0.212835972747491   0.0003771989739317945
358.5   0.21421760038273283   0.00037959144542134594
358.75   0.21556657164614446   0.0003819345695587423
359.   0.21688384906524616   0.0003842333796786939
359.25   0.21817105505533996   0.0003865127904911665
359.5   0.21942815741192156   0.0003887504960757907
359.75   0.2206557643729144   0.00039094343043194555
360.   0.2218544544822054   0.0003930883153832956
360.25   0.22302502255872866   0.0003951701006235163
360.5   0.22416765255893342   0.0003972011421708209
360.75   0.22528273985656294   0.00039918238285534377
361.   0.22637065196430378   0.0004011147257387024
361.25   0.22743019796588598   0.0004029941679479444
361.5   0.22846381843470615   0.0004048282931278431
361.75   0.2294724403912498   0.00040661991823401827
362.   0.23045698550058705   0.0004083718852135847
362.25   0.23141946199988392   0.0004101002185507203
362.5   0.2323592668807005   0.0004117895421431017
362.75   0.23327685607348525   0.000413437318793628
363.   0.23417266968200204   0.000415040888995062
363.25   0.23504723002407868   0.00041658983009817464
363.5   0.23590081211751673   0.00041809186609094093
363.75   0.23673377198004247   0.0004195471511609845
364.   0.23754645112766373   0.00042095580967570825
364.25   0.2383389231166026   0.0004222967447493429
364.5   0.23911185502978155   0.0004235994769314741
364.75   0.23986565283870942   0.00042487279621407055
365.   0.2406007125159886   0.0004261256767810142
365.25   0.24131774887974985   0.00042740828918175195
365.5   0.24201668236623666   0.00042867293953247933
365.75   0.24269774582106238   0.0004299122309089474
366.   0.2433611604418209   0.0004311185529501089
366.25   0.24400587638649654   0.00043225786493285046
366.5   0.24463384484222075   0.0004333586136067634
366.75   0.24524577260263783   0.0004344233639231291
367.   0.24584236740157245   0.000435454717265684
367.25   0.24642723118282298   0.000436452010781758
367.5   0.24699704845950035   0.00043742250890590036
367.75   0.2475513416312843   0.0004383702753178381
368.   0.2480896100181523   0.0004392994359988337
368.25   0.24860816023315435   0.00044022770314582017
368.5   0.2491108591257267   0.00044114050083649665
368.75   0.2495984406650536   0.0004420365864756555
369.   0.25007164313796615   0.00044291466759232987
369.25   0.2505312994356938   0.0004437846202818633
369.5   0.2509780307863579   0.0004446294389313931
369.75   0.25141255142127383   0.0004454430902848094
370.   0.251835579188348   0.00044621940952790766
370.25   0.2522517766624411   0.0004469212068102269
370.5   0.2526563808243185   0.00044758508480664496
370.75   0.25304850696671594   0.00044821714642941416
371.   0.25342724527125454   0.0004488235974892135
371.25   0.253786949435088   0.0004494182346851021
371.5   0.2541332238215354   0.0004499970326082574
371.75   0.2544670130869329   0.00045056343295777045
372.   0.2547892714582411   0.00045112092172215276
372.25   0.25510281059914   0.0004516923735622786
372.5   0.2554060289849708   0.0004522544101712469
372.75   0.25569915384184694   0.0004528027427039118
373.   0.2559824091917475   0.0004533329950348338
373.25   0.25625738304094614   0.00045382522550470615
373.5   0.25652238828076923   0.0004542964582099557
373.75   0.256777081785413   0.0004547483829983482
374.   0.2570211088258241   0.00045518270716272957
374.25   0.2572520595179732   0.0004556063854136237
374.5   0.2574724050161728   0.00045601386983833137
374.75   0.2576825906660665   0.00045640478547453214
375.   0.257883063586311   0.00045677874184012684
375.25   0.2580748077042217   0.00045712697831126086
375.5   0.2582575278592816   0.0004574607207330067
375.75   0.2584314584226288   0.00045778293896275716
376.   0.25859683237737474   0.00045809663774008596
376.25   0.25875430446223974   0.0004584304498571301
376.5   0.25890351513144294   0.0004587517656299781
376.75   0.2590445211478661   0.0004590532678726863
377.   0.2591773756544675   0.0004593275271357448
377.25   0.2593016555953901   0.0004595299543665038
377.5   0.25941806617026514   0.0004597045625464317
377.75   0.2595268424699625   0.00045985867459996573
378.   0.2596282188326033   0.0004599997102727944
378.25   0.2597241920488555   0.00046017144314639105
378.5   0.25981253606934945   0.0004603309157195887
378.75   0.25989276597047106   0.00046047108197638917
379.   0.2599643868931466   0.00046058479632045407
379.25   0.2600268941994241   0.0004606648150211241
379.5   0.26007977362545437   0.0004607037976290688
379.75   0.2601225014309737   0.0004606943083624534
380.   0.26015454454541215   0.00046062881746453154
