310.   0.0035680071918977535   6.0812789295676965e-6
310.25   0.003563540717280363   6.071930677074427e-6
310.5   0.0035592587696471997   6.063324763067773e-6
310.75   0.003555148308572404   6.055398041005269e-6
311.   0.0035511961802931363   6.0480867748208845e-6
311.25   0.0035473891142548198   6.041326620747328e-6
311.5   0.003543713719536871   6.035052608495976e-6
311.75   0.0035401564811536543   6.029199121765686e-6
312.   0.003536703756225112   6.0236998780502776e-6
312.25   0.003533286858442134   6.018738608639614e-6
312.5   0.003529968501758093   6.013897802171081e-6
312.75   0.00352675691147941   6.009007345822981e-6
313.   0.0035236604310441757   6.003895172442181e-6
313.25   0.003520712700089957   5.997445763658086e-6
313.5   0.0035178871863425767   5.9907964734037075e-6
313.75   0.0035151823934558785   5.984151114549742e-6
314.   0.003512596834350029   5.977715970859987e-6
314.25   0.003510123707854411   5.972168766859739e-6
314.5   0.0035077689736027727   5.967066861262259e-6
314.75   0.0035055333371933144   5.9624340199069204e-6
315.   0.003503417543005179   5.958294392011514e-6
315.25   0.0035014147473306314   5.954968164643906e-6
315.5   0.0034995364168301213   5.952067925406124e-6
315.75   0.003497786521519771   5.949498906593741e-6
316.   0.003496169117876463   5.9471651779057965e-6
316.25   0.0034946960822733438   5.944634772089889e-6
316.5   0.0034933608733246843   5.942276272456466e-6
316.75   0.00349216468312896   5.940126181262892e-6
317.   0.0034911087602839817   5.938221562419986e-6
317.25   0.003490175226926859   5.9368387470385405e-6
317.5   0.003489392202913992   5.935683170919025e-6
317.75   0.0034887689283581405   5.934696573132453e-6
318.   0.0034883148233525855   5.933819929434013e-6
318.25   0.0034880881180348964   5.93246343258949e-6
318.5   0.003488030827902046   5.931305314593443e-6
318.75   0.003488133153040835   5.9304999466561725e-6
319.   0.003488385202199898   5.930204103841827e-6
319.25   0.0034887341442722867   5.931265163927288e-6
319.5   0.0034892296154980028   5.932885885869827e-6
319.75   0.0034898788963961943   5.93495034452044e-6
320.   0.003490689441615446   5.937340944449132e-6
320.25   0.0034916875748780725   5.939580404486921e-6
320.5   0.0034928550800408338   5.942046407692916e-6
320.75   0.0034941923561602984   5.94476198241574e-6
321.   0.003495699881093786   5.947750649695589e-6
321.25   0.003497349173369269   5.951197575164213e-6
321.5   0.003499181342423811   5.9549028406909185e-6
321.75   0.00350120898725098   5.9588257763307654e-6
322.   0.0035034450113836206   5.962925140929434e-6
322.25   0.0035059398844587285   5.966759808567889e-6
322.5   0.003508655280384311   5.970843486038918e-6
322.75   0.0035115898758564445   5.97529630871589e-6
323.   0.003514742430901065   5.980240762501171e-6
323.25   0.0035180980537389316   5.98652301734016e-6
323.5   0.0035216748189779534   5.9932662823643954e-6
323.75   0.003525477390791146   6.000305581169038e-6
324.   0.0035295106481453365   6.007472991341871e-6
324.25   0.003533769288092688   6.0136221189212765e-6
324.5   0.0035382731434408887   6.019936561629091e-6
324.75   0.003543032074619225   6.026638418657709e-6
325.   0.003548056295550358   6.03395450162355e-6
325.25   0.003553357024965168   6.043072407032167e-6
325.5   0.00355894436279618   6.052898908733857e-6
325.75   0.003564829444245791   6.0632841871661705e-6
326.   0.0035710238371447784   6.074075584938522e-6
326.25   0.0035775718906602685   6.08440439631264e-6
326.5   0.003584441147288008   6.095103832142971e-6
326.75   0.0035916313448760354   6.106304888425437e-6
327.   0.003599142455958798   6.118141908670802e-6
327.25   0.003606909823114102   6.1314495078399445e-6
327.5   0.0036150241594178852   6.14540043041047e-6
327.75   0.0036235129512370437   6.159853425824263e-6
328.   0.0036324046526722436   6.174664329507664e-6
328.25   0.0036418349840309622   6.188701260151154e-6
328.5   0.003651686852144801   6.203182352697248e-6
328.75   0.003661948179230111   6.218359779483729e-6
329.   0.0036726069672361615   6.23449282154571e-6
329.25   0.0036835183888133333   6.253038459296376e-6
329.5   0.0036948553026446528   6.272618107615531e-6
329.75   0.003706660955071524   6.293023303174495e-6
330.   0.0037189802824972398   6.314040735968779e-6
330.25   0.0037319739585302044   6.334123332194109e-6
330.5   0.003745532472677557   6.354891945076088e-6
330.75   0.0037596593844701344   6.3766672150787966e-6
331.   0.00377435903947957   6.3997803948575895e-6
331.25   0.003789577272570343   6.425773832831897e-6
331.5   0.0038054025840639164   6.453337571562745e-6
331.75   0.0038218667674986004   6.482341161081943e-6
332.   0.0038390035314114015   6.512651736834631e-6
332.25   0.003856853645535711   6.5439175831120625e-6
332.5   0.003875448231121651   6.576300514240986e-6
332.75   0.0038948256927522837   6.609749695374981e-6
333.   0.003915027023806065   6.644214517076335e-6
333.25   0.003936108826729118   6.678773319938455e-6
333.5   0.003958100290758973   6.714583256255991e-6
333.75   0.003981046348593458   6.75195909001872e-6
334.   0.004004995424727383   6.791230446081069e-6
334.25   0.0040299810694688085   6.833642761609406e-6
334.5   0.004056085670796799   6.878314588845543e-6
334.75   0.0040833782414503245   6.925251229140719e-6
335.   0.00411193329629555   6.974462908084373e-6
335.25   0.004141860867127391   7.02572011157726e-6
335.5   0.004173207663005618   7.079383825029974e-6
335.75   0.004206056182514519   7.135586486036895e-6
336.   0.004240496731827907   7.1944734343406244e-6
336.25   0.00427659196542525   7.256151197550015e-6
336.5   0.004314500991799674   7.320869345931615e-6
336.75   0.004354359196166247   7.388844845099735e-6
337.   0.004396315307171874   7.460316592011002e-6
337.25   0.004440584031814752   7.535495424237022e-6
337.5   0.004487276316668934   7.614746228251623e-6
337.75   0.0045365710315476634   7.698415856151916e-6
338.   0.004588668133641048   7.786889486576027e-6
338.25   0.00464373887339962   7.880828589605947e-6
338.5   0.004702108321647615   7.980394096437236e-6
338.75   0.004764084149981304   8.086024902817327e-6
339.   0.004830013638039086   8.19822141521003e-6
339.25   0.004900330757979239   8.317140195001753e-6
339.5   0.004975428580538191   8.44400881309995e-6
339.75   0.005055802467859731   8.579767407392914e-6
340.   0.0051420233021688974   8.725491961815122e-6
340.25   0.005234714533319648   8.882915491330028e-6
340.5   0.005334698644458566   9.052798506715086e-6
340.75   0.005442895931810715   9.236594644465573e-6
341.   0.005560390941435807   9.436025751600026e-6
341.25   0.0056884969668451815   9.652741460680219e-6
341.5   0.005828716968658217   9.889751924525822e-6
341.75   0.005982892414388152   0.000010150218714489217
342.   0.0061532601279956104   0.000010437977128805342
342.25   0.006342539808433193   0.000010756918585037914
342.5   0.006554135413018683   0.000011113894953275503
342.75   0.006792252524712277   0.000011516454663398716
343.   0.00706214100203136   0.000011973990307906373
343.25   0.007370452369340907   0.000012502352504335158
343.5   0.007725245520413415   0.000013110685709115816
343.75   0.008136498495967526   0.000013814860542715962
344.   0.008616023919521381   0.000014633607606640103
344.25   0.00917663082751076   0.000015579546683246653
344.5   0.009831090981344041   0.000016681636347782284
344.75   0.010588198912285376   0.000017955793523449735
345.   0.011448882555625378   0.00001940501338663943
345.25   0.01240379570763772   0.000021023638670875285
345.5   0.01343360025973389   0.000022771506059945413
345.75   0.014514328104723301   0.000024607185593005106
346.   0.01562240916017744   0.00002648951332739245
346.25   0.016738016017863497   0.000028377242528938
346.5   0.0178463499359848   0.000030250845207958005
346.75   0.01893712430224416   0.00003209353168116329
347.   0.020003681482831052   0.00003389489205253117
347.25   0.02104194193390142   0.00003565270475565176
347.5   0.022049854427089108   0.000037360047461311046
347.75   0.0230265464063744   0.00003901511330156936
348.   0.023971963781420892   0.00004061738714634691
348.25   0.024886541356466722   0.000042165164634445535
348.5   0.025771114752061623   0.000043661841251363175
348.75   0.02662667924984858   0.00004510934959756945
349.   0.027454331911462387   0.000046509830305459985
349.25   0.028255295100472925   0.00004786751200887208
349.5   0.029030604942805873   0.000049182009535821844
349.75   0.029781352075493695   0.00005045469493236895
350.   0.030508590674030216   0.000051686822496704065
350.25   0.03121334079219645   0.000052875574565791013
350.5   0.031896548225161594   0.000054027302960182884
350.75   0.03255911781075731   0.00005514464616915212
351.   0.033201903481919155   0.000056230260573386045
351.25   0.03382555686463532   0.00005729202743439034
351.5   0.03443104306516467   0.00005832551684222095
351.75   0.03501914097800575   0.000059331118084471995
352.   0.035590591506539364   0.00006030906738605177
352.25   0.0361462728937647   0.00006125786746827745
352.5   0.03668662000930511   0.00006217964866707466
352.75   0.03721219812793944   0.00006307492853170004
353.   0.0377235388562773   0.00006394414505554042
353.25   0.03822127696770385   0.00006478414627652503
353.5   0.038705698359601116   0.00006560005508731536
353.75   0.039177188309392395   0.00006639361786632188
354.   0.039636103272856785   0.00006716660401196607
354.25   0.040082496187014365   0.00006792488450691351
354.5   0.04051705195123596   0.00006866465982497402
354.75   0.04094016947249604   0.00006938602185164106
355.   0.041352231321551254   0.00007008899823528966
355.25   0.04175367683207707   0.00007077203118690562
355.5   0.04214475991447192   0.00007143713206251186
355.75   0.042525789907965315   0.0000720848031037635
356.   0.04289706242307794   0.0000727155235350154
356.25   0.043258916835956465   0.00007333643865029865
356.5   0.04361154558437675   0.00007393874714696762
356.75   0.04395518403215814   0.00007452003607720954
357.   0.0442900558874366   0.0000750777559358069
357.25   0.04461613437174782   0.00007558637044775327
357.5   0.04493395306087417   0.00007607468063467807
357.75   0.045243805377497635   0.00007654938211590711
358.   0.04554597935111668   0.0000770174213939235
358.25   0.045840932891499944   0.00007751461915056653
358.5   0.046128702243939126   0.00007800876633758646
358.75   0.046409488093791806   0.00007849551226669454
359.   0.04668348450694042   0.00007897030515094241
359.25   0.04695105723865339   0.00007940953533450058
359.5   0.047212141564259145   0.00007983440294834748
359.75   0.04746683933143216   0.0000802476708769598
360.   0.04771524459303145   0.00008065218237312428
360.25   0.047957281952084437   0.00008106089676579923
360.5   0.04819325547452073   0.00008146289349322923
360.75   0.048423305239448315   0.00008185706359991151
361.   0.04864756682003376   0.00008224224296006324
361.25   0.048866007099394   0.0000826136495734432
361.5   0.04907898137800968   0.00008297495924815895
361.75   0.049286681243911584   0.0000833263323135256
362.   0.04948929651774808   0.00008366792222829514
362.25   0.04968704693307636   0.00008399980276557371
362.5   0.04988007531212588   0.0000843222159935012
362.75   0.050068553784577995   0.00008463532673461573
363.   0.05025265279800866   0.00008493929482304318
363.25   0.050433571008065683   0.00008523273076063176
363.5   0.05061004526916834   0.0000855179306410747
363.75   0.050781815588520095   0.00008579567947225368
364.   0.050948609816715236   0.00008606677432003646
364.25   0.051108269161557265   0.00008633208582700715
364.5   0.051263103619905014   0.00008659234892896825
364.75   0.051413580366363856   0.00008684837038233619
365.   0.051560174174548744   0.00008710096772300335
365.25   0.05170538107599712   0.00008736027225515455
365.5   0.05184689083259258   0.00008761418797379146
365.75   0.0519843704019648   0.0000878597298403866
366.   0.052117475011689014   0.00008809383580984244
366.25   0.05224379783477675   0.00008829690836570524
366.5   0.05236582352714799   0.00008848862994194661
366.75   0.052484017421149956   0.00008867248949092306
367.   0.05259885232289088   0.00008885205108196939
367.25   0.05271206942888353   0.00008904443230885343
367.5   0.05282240160946726   0.00008923458827381385
367.75   0.05292982527035855   0.00008942076167211109
368.   0.053034313209883804   0.00008960115137467969
368.25   0.05313594300987695   0.00008976655230096743
368.5   0.05323452978379471   0.00008992532302113467
368.75   0.05332999158597631   0.0000900785563871894
369.   0.05342224233025884   0.00009022736367655521
369.25   0.053510620810860034   0.00009037617568848964
369.5   0.053595827959540245   0.00009052154354816581
369.75   0.053677999853091844   0.0000906632789868451
370.   0.05375727313812241   0.00009080118578139346
370.25   0.05383406630039495   0.00009093560244043053
370.5   0.05390812546807769   0.00009106556184364254
370.75   0.05397947387537619   0.0000911906227736445
371.   0.05404813328959395   0.00009131033273184406
371.25   0.05411404730285462   0.00009142149463369665
371.5   0.05417734175365088   0.00009152744146307942
371.75   0.05423806561070237   0.0000916288060298645
372.   0.05429626705057238   0.00009172622972380033
372.25   0.05435179084459133   0.0000918219943861915
372.5   0.05440496596051865   0.00009191448453900967
372.75   0.05445592112559162   0.00009200369977565227
373.   0.05450478571418523   0.00009208963689385256
373.25   0.05455222593142626   0.00009217265302475097
373.5   0.05459762528797476   0.00009225223363145607
373.75   0.05464089620849575   0.00009232821926720352
374.   0.05468194832642352   0.00009240044559629533
374.25   0.05472023874691753   0.00009246769897631153
374.5   0.05475629855417094   0.0000925312613137694
374.75   0.054790212769829844   0.00009259138016622216
375.   0.05482206658263864   0.00009264830495795641
375.25   0.05485207749979375   0.00009270404054376657
375.5   0.054880146843790056   0.00009275639558180684
375.75   0.05490630646489962   0.0000928049102808581
376.   0.054930587613083476   0.0000928491162968981
376.25   0.05495299823945809   0.00009288477657200676
376.5   0.054973600101922176   0.00009291664868629304
376.75   0.05499243198363521   0.00009294577093455742
377.   0.055009532250707316   0.0000929731949337869
377.25   0.05502497086409217   0.0000930036496849571
377.5   0.05503874076411086   0.00009303310337920343
377.75   0.05505086610339358   0.00009306115510875308
378.   0.05506137048302997   0.00009308739652197138
378.25   0.05507033175383649   0.00009311148788704805
378.5   0.055077696038383805   0.00009313290038819888
378.75   0.05508346306720881   0.00009315117313115198
379.   0.05508763177589317   0.00009316583782306337
379.25   0.05509020031967208   0.00009317641888342818
379.5   0.055091166087658745   0.00009318243355257479
379.75   0.05509052571669457   0.00009318339199781095
380.   0.055088275104840885   0.00009317879741729907
