310.   0.0003078250987501094   3.344480768666461e-7
310.25   0.000308223295494702   3.350216798373776e-7
310.5   0.0003086422136714838   3.3559036152455103e-7
310.75   0.0003090813797477032   3.361533116894943e-7
311.   0.00030954031650188397   3.367097054508139e-7
311.25   0.00031001854288516305   3.3725870270575605e-7
311.5   0.00031051557387661027   3.3779944752364935e-7
311.75   0.0003110309203321938   3.383310675097998e-7
312.   0.00031156408882702263   3.3885267313809263e-7
312.25   0.0003121097654155399   3.3930366679135703e-7
312.5   0.0003126741497286735   3.397661883731246e-7
312.75   0.00031325871078947834   3.4026378693509687e-7
313.   0.0003138649554241419   3.4082052171860633e-7
313.25   0.00031449783150537303   3.415431664935837e-7
313.5   0.0003151541941905488   3.4234253556767917e-7
313.75   0.0003158342764485591   3.4321059134710805e-7
314.   0.00031653832447465195   3.4413913517797094e-7
314.25   0.0003172659858509968   3.451443596533246e-7
314.5   0.0003180183868979533   3.4618356533522696e-7
314.75   0.0003187960692869148   3.4723792222828386e-7
315.   0.0003195995966126799   3.482881669768771e-7
315.25   0.0003204288989105212   3.4922009489667927e-7
315.5   0.00032128549961196767   3.5014488082544536e-7
315.75   0.0003221703050993133   3.510807614286574e-7
316.   0.00032308425505324584   3.520464296981486e-7
316.25   0.0003240303802815683   3.5311862515369743e-7
316.5   0.00032500683445855415   3.5423701375906957e-7
316.75   0.0003260138190966109   3.553980433947683e-7
317.   0.0003270515537728355   3.5659808629669197e-7
317.25   0.00032811569878418495   3.57759950900835e-7
317.5   0.00032921287306705475   3.589819330367592e-7
317.75   0.00033034524848820507   3.602905237885261e-7
318.   0.00033151507208202   3.617129709670105e-7
318.25   0.00033273085333943416   3.634725395446824e-7
318.5   0.0003339864157606862   3.653270274684532e-7
318.75   0.0003352816970098677   3.672253768358999e-7
319.   0.0003366166518974978   3.6911507157033055e-7
319.25   0.0003379856751810437   3.7075839440160216e-7
319.5   0.0003393965013140158   3.7235458004213233e-7
319.75   0.0003408514570393369   3.73922426738359e-7
320.   0.00034235296337207746   3.7548131032026253e-7
320.25   0.00034390753607360615   3.7698645055967604e-7
320.5   0.0003455122599123203   3.7854832493908893e-7
320.75   0.00034716821260566763   3.8021517800998406e-7
321.   0.0003488765353562982   3.8203687811819567e-7
321.25   0.0003506356402696733   3.84351526506562e-7
321.5   0.0003524506847479695   3.8681533236871913e-7
321.75   0.000354324190895097   3.8936425384339903e-7
322.   0.0003562588034882108   3.9193206779207207e-7
322.25   0.00035825943652758555   3.941812319082987e-7
322.5   0.00036032604176874006   3.964134180313486e-7
322.75   0.00036246078876014747   3.986673854938974e-7
323.   0.0003646659716293346   4.0098336112853317e-7
323.25   0.00036694417323816103   4.03612823608931e-7
323.5   0.0003692977479006571   4.063089469289003e-7
323.75   0.00037172935261848737   4.090291079049424e-7
324.   0.00037424180515881563   4.1172901482796943e-7
324.25   0.00037683599442008784   4.14097158688351e-7
324.5   0.0003795180024424272   4.1645270229186983e-7
324.75   0.0003822920872035502   4.18857205799681e-7
325.   0.00038516275957844705   4.21374919718086e-7
325.25   0.0003881330512052014   4.241863457435452e-7
325.5   0.0003912104593731524   4.272050934641652e-7
325.75   0.0003944011169120928   4.30456940793462e-7
326.   0.00039771153401083206   4.3396902351662553e-7
326.25   0.0004011536664726557   4.379723295666385e-7
326.5   0.00040472792076856617   4.422176746585914e-7
326.75   0.0004084400012213318   4.4665118803852487e-7
327.   0.00041229602239477076   4.512164457551382e-7
327.25   0.0004163002481992238   4.556374425756336e-7
327.5   0.0004204628913476354   4.601508737266849e-7
327.75   0.0004247925058719501   4.647835836417003e-7
328.   0.0004292982789973506   4.695640253301018e-7
328.25   0.00043398976674789377   4.745195516162107e-7
328.5   0.0004388780524320253   4.796862355583303e-7
328.75   0.0004439747442471058   4.850995516922975e-7
329.   0.0004492923728167243   4.907973717015884e-7
329.25   0.00045484587894617767   4.968844585699588e-7
329.5   0.0004606480107906899   5.033159319245389e-7
329.75   0.0004667140685582861   5.101107259464505e-7
330.   0.0004730606796906028   5.172894419097898e-7
330.25   0.0004797026399308414   5.249790856803667e-7
330.5   0.0004866642141232976   5.330607678504189e-7
330.75   0.0004939683927205831   5.415158516576081e-7
331.   0.000501640307422964   5.503247902878823e-7
331.25   0.000509710659232966   5.59285506438488e-7
331.5   0.0005182053182631462   5.686245752673439e-7
331.75   0.0005271561238548482   5.78398540631013e-7
332.   0.0005365981979286205   5.88669277727326e-7
332.25   0.000546569878418068   5.997565523256669e-7
332.5   0.0005571148705194026   6.113916119816842e-7
332.75   0.0005682812009092488   6.235453177444405e-7
333.   0.0005801223602652343   6.36186514894023e-7
333.25   0.0005927000641912677   6.487812229933802e-7
333.5   0.000606078532725687   6.619731173289809e-7
333.75   0.0006203320352821545   6.759476021475466e-7
334.   0.000635544275649817   6.909115448068121e-7
334.25   0.000651798766837121   7.073319759395558e-7
334.5   0.0006692179435431003   7.251521230980619e-7
334.75   0.0006879291750116541   7.445600370239074e-7
335.   0.0007080779946470078   7.65770229000982e-7
335.25   0.0007298505359153415   7.89402152675659e-7
335.5   0.0007534134629290614   8.152370994221174e-7
335.75   0.0007789805384884678   8.434282665059387e-7
336.   0.000806800443379385   8.741549771437165e-7
336.25   0.0008371494144521688   9.072791744659429e-7
336.5   0.0008703884364390314   9.435127136075743e-7
336.75   0.0009069282538992132   9.833158759273967e-7
337.   0.0009472571288306683   1.027235782017759e-6
337.25   0.0009919600393510576   1.076006512337827e-6
337.5   0.0010417389133850876   1.1303116994296314e-6
337.75   0.0010974457421468807   1.1910676629862364e-6
338.   0.0011601208477251483   1.2593930714626466e-6
338.25   0.0012310580321647187   1.3364823650188678e-6
338.5   0.0013118258614811169   1.4242744993564567e-6
338.75   0.001404399385291132   1.5249938807144033e-6
339.   0.0015112650982937342   1.641445553930773e-6
339.25   0.0016355466993611934   1.77769126300327e-6
339.5   0.001781306961056743   1.9376711807903475e-6
339.75   0.0019537261439239732   2.126976839068586e-6
340.   0.002159463593358949   2.3527821303646133e-6
340.25   0.0024070742437824083   2.6235386661730127e-6
340.5   0.00270731646956871   2.951643974151443e-6
340.75   0.0030733938284323156   3.351604180892516e-6
341.   0.003520402829188864   3.8400513287295735e-6
341.25   0.0040630151176342865   4.434598316299086e-6
341.5   0.004709237445144377   5.142834117483999e-6
341.75   0.005447699010413763   5.951973980785259e-6
342.   0.006227992341100669   6.806228527706794e-6
342.25   0.006945129247075586   7.586236442797618e-6
342.5   0.007457883722858149   8.140875652505485e-6
342.75   0.0076623672012592165   8.357856501941355e-6
343.   0.0075715622581326025   8.252900605479366e-6
343.25   0.007308316726106707   7.96381709030777e-6
343.5   0.007016460872831991   7.644659063676982e-6
343.75   0.006785000591537608   7.3921762215840734e-6
344.   0.0066341085789780214   7.228141045627322e-6
344.25   0.006542569114534992   7.129312912982471e-6
344.5   0.0064817584582846175   7.064339605143487e-6
344.75   0.006433650172834868   7.013446995323195e-6
345.   0.006391394473020029   6.969038485153325e-6
345.25   0.006353970503967237   6.929478842465473e-6
345.5   0.006322161833449865   6.896044027244712e-6
345.75   0.006296443005460827   6.869278799799053e-6
346.   0.006276568759238552   6.848942935919526e-6
346.25   0.006261858014126625   6.834423990126077e-6
346.5   0.006251338236762985   6.82454333306986e-6
346.75   0.006244130858859429   6.81832749287167e-6
347.   0.006239483463629683   6.814939932688776e-6
347.25   0.00623675237151957   6.813664974706221e-6
347.5   0.006235502043185063   6.814006588575921e-6
347.75   0.006235369471646759   6.815550220440895e-6
348.   0.006236075019433771   6.817971819394919e-6
348.25   0.00623741955957789   6.82089119640736e-6
348.5   0.00623921462317399   6.824283195014057e-6
348.75   0.00624132532341531   6.828038945145616e-6
349.   0.006243645499702521   6.832081418311775e-6
349.25   0.006246086067854676   6.8366056780722675e-6
349.5   0.006248586925651007   6.841233317831592e-6
349.75   0.0062510962902961745   6.8458453030949e-6
350.   0.006253572768687663   6.85033304397573e-6
350.25   0.0062559964493799115   6.855359719312078e-6
350.5   0.006258322089596043   6.85976601941457e-6
350.75   0.006260522762904777   6.8631516099996055e-6
351.   0.006262575640379079   6.8651156460025995e-6
351.25   0.006264410163605199   6.862496628375538e-6
351.5   0.006266080637131433   6.8587386204593654e-6
351.75   0.00626759312693061   6.854557534251139e-6
352.   0.006268955739107907   6.850681175643254e-6
352.25   0.006270235743289386   6.850090352168238e-6
352.5   0.006271364281136654   6.850408729099503e-6
352.75   0.0062723305013299745   6.851485783110931e-6
353.   0.006273124315431181   6.853169786649606e-6
353.25   0.006273693284131636   6.855765674047991e-6
353.5   0.006274088388511593   6.8584800528364346e-6
353.75   0.0062743185317214656   6.860970826419872e-6
354.   0.006274393154204064   6.862892082484826e-6
354.25   0.006274384943859985   6.8621767485514626e-6
354.5   0.006274216623893   6.860867274195295e-6
354.75   0.006273873370533834   6.8593036830597815e-6
355.   0.006273340376853874   6.857830326850683e-6
355.25   0.0062725389813107525   6.858009127289403e-6
355.5   0.006271543400215079   6.858499701660284e-6
355.75   0.0062703646145501925   6.859166338494009e-6
356.   0.006269013811885962   6.859871760392817e-6
356.25   0.006267530557284885   6.860046423518526e-6
356.5   0.006265887049729079   6.860151022769463e-6
356.75   0.006264083548662891   6.860218341630557e-6
357.   0.006262120329665071   6.86028151838217e-6
357.25   0.0062599930666721775   6.860663651998807e-6
357.5   0.006257708470726443   6.860994309920166e-6
357.75   0.006255268680051152   6.86119019344604e-6
358.   0.006252675836489548   6.8611670914510525e-6
358.25   0.006249923816234889   6.862335885452621e-6
358.5   0.00624702628725895   6.862522337150041e-6
358.75   0.0062439887195962435   6.861033425936278e-6
359.   0.0062408166017842255   6.85716925596549e-6
359.25   0.006237534501717841   6.845564346311979e-6
359.5   0.006234121319582805   6.8320093040406075e-6
359.75   0.0062305748584977295   6.817671022598384e-6
360.   0.006226892854261368   6.803727983376164e-6
360.25   0.0062230302620865045   6.795454980976928e-6
360.5   0.006219044315210465   6.788349746220471e-6
360.75   0.00621494983286397   6.781970770974296e-6
361.   0.0062107617238404906   6.775872138712196e-6
361.25   0.0062065952297032006   6.768603503205214e-6
361.5   0.006202325454295947   6.761106810672455e-6
361.75   0.0061979269978634875   6.753328016254259e-6
362.   0.00619337418043735   6.745212544692685e-6
362.25   0.006188507849959149   6.73552224812736e-6
362.5   0.0061834877799833215   6.725853591397028e-6
362.75   0.006178341345100915   6.71662894370033e-6
363.   0.006173096116630807   6.708274271017326e-6
363.25   0.006167874916704901   6.703157714785364e-6
363.5   0.006162572943171794   6.6990047916046645e-6
363.75   0.00615717990397994   6.695468115465454e-6
364.   0.006151685371872453   6.692197184386043e-6
364.25   0.006146030308086216   6.688218648752876e-6
364.5   0.00614027173014339   6.684041574597577e-6
364.75   0.006134418409206521   6.679556898194902e-6
365.   0.006128479145456721   6.6746546386572245e-6
365.25   0.006122481499249656   6.668671173338586e-6
365.5   0.00611640816224764   6.662266800841508e-6
365.75   0.006110260450221572   6.655552187266918e-6
366.   0.006104039647168511   6.648638863677904e-6
366.25   0.0060977579167706105   6.64190854796261e-6
366.5   0.006091401238990073   6.63509822125608e-6
366.75   0.006084966398346752   6.628213148847725e-6
367.   0.0060784501163618975   6.6212585939268595e-6
367.25   0.006071812448901311   6.614953245776523e-6
367.5   0.006065101130027652   6.608305695537658e-6
367.75   0.006058327476697578   6.601033152659217e-6
368.   0.006051502853603924   6.5928507393779784e-6
368.25   0.0060446943735563505   6.58088099954039e-6
368.5   0.00603783567408806   6.568454215264727e-6
368.75   0.006030915775973926   6.556325056082276e-6
369.   0.006023923587187068   6.545253563172038e-6
369.25   0.006016820108974709   6.539493864756183e-6
369.5   0.006009632864890671   6.534941964146726e-6
369.75   0.0060023616508535155   6.530965738113444e-6
370.   0.005995006232999329   6.52692854510976e-6
370.25   0.005987542183794649   6.520088759757144e-6
370.5   0.005980002975661205   6.512735945829077e-6
370.75   0.005972398036351122   6.505067687280775e-6
371.   0.005964736829967625   6.497282902429353e-6
371.25   0.0059570553351229495   6.49014252995064e-6
371.5   0.00594932608676091   6.4830645876543365e-6
371.75   0.005941547975974576   6.476025742754081e-6
372.   0.0059337198598909575   6.4690024726715064e-6
372.25   0.0059258316434476245   6.4619087794522755e-6
372.5   0.005917894580867477   6.454807813778369e-6
372.75   0.005909911026657396   6.447700615686582e-6
373.   0.005901883325772773   6.4405882024482236e-6
373.25   0.005893820686227186   6.433434144676668e-6
373.5   0.005885715830039673   6.426291716232647e-6
373.75   0.005877568304139151   6.419176954595532e-6
374.   0.005869377629850365   6.412105966970887e-6
374.25   0.005861143141239271   6.405346842596289e-6
374.5   0.0058528645360928465   6.398563754361485e-6
374.75   0.005844541326595729   6.391671485091355e-6
375.   0.005836173001261675   6.384584287998191e-6
375.25   0.005827758816119286   6.377450333300859e-6
375.5   0.00581929850578834   6.369855172101111e-6
375.75   0.005810791574218691   6.361617047864742e-6
376.   0.0058022375035894054   6.35255316481225e-6
376.25   0.005793624557022504   6.341638779822726e-6
376.5   0.005784967825290154   6.329864436808791e-6
376.75   0.005776271238299566   6.317383082176666e-6
377.   0.0057675387305066925   6.304348559042937e-6
377.25   0.005758788218792793   6.290335437199893e-6
377.5   0.005750004108515003   6.27631025118847e-6
377.75   0.005741184717516092   6.2626631381668774e-6
378.   0.005732328337651936   6.249786345531959e-6
378.25   0.005723410810293794   6.2398371433084205e-6
378.5   0.005714461722902911   6.230747599314291e-6
378.75   0.005705488322259761   6.222206173642954e-6
379.   0.005696497878087114   6.213899593884758e-6
379.25   0.0056874976827638235   6.205512878440163e-6
379.5   0.0056784950510427356   6.1967293594561575e-6
379.75   0.0056694973197725365   6.187230705393997e-6
380.   0.0056605118476235105   6.176696943236266e-6
