310.   0.007122251025577751   0.000023234520042160584
310.25   0.00714002232487121   0.00002328097409729814
310.5   0.007157911884961773   0.000023336195302398082
310.75   0.007175970663822695   0.00002339757300222272
311.   0.007194250690039383   0.000023462447172889724
311.25   0.0072128051064641   0.00002352810642392035
311.5   0.007231688216015322   0.000023591785902901505
311.75   0.0072509555297477135   0.000023650665097055574
312.   0.007270663817327088   0.000023701865525624017
312.25   0.007291038256329477   0.00002372027897069191
312.5   0.007311905761819362   0.00002373375480580909
312.75   0.007333258639279638   0.000023748322955473162
313.   0.007355089197147049   0.000023770141889396338
313.25   0.007377187784809212   0.000023828842423756505
313.5   0.0073998276909510285   0.000023898388710222458
313.75   0.007423084213460916   0.0000239757708715866
314.   0.007447034540666795   0.000024057913872075965
314.25   0.0074720219363830645   0.00002413201850586774
314.5   0.007497760327900939   0.000024208299939737746
314.75   0.007524224459475683   0.00002428744187806787
315.   0.007551388744201407   0.000024370144983160733
315.25   0.00757925148462538   0.000024464173081322757
315.5   0.007607752692701959   0.00002456046793000756
315.75   0.0076368557131982545   0.000024656883545012407
316.   0.007666523245672231   0.000024751221471985032
316.25   0.007696309875350304   0.000024826699544606492
316.5   0.007726743171785983   0.000024901198403638883
316.75   0.0077579518160991205   0.000024978340776659655
317.   0.007790068161530046   0.000025061844490286863
317.25   0.007823633022919335   0.000025172796836087784
317.5   0.007858224583073708   0.0000252911291961035
317.75   0.00789382016383894   0.00002541373759035226
318.   0.007930396903241422   0.000025537434696416158
318.25   0.007967852149865609   0.000025645379464753174
318.5   0.008006273179894255   0.000025753042398143494
318.75   0.008045669485341217   0.000025862575376208085
319.   0.008086051314365681   0.00002597619378479229
319.25   0.008127275232845746   0.000026102715316641476
319.5   0.00816956754628717   0.00002623542249999362
319.75   0.008213005130679707   0.00002637403205618772
320.   0.008257667821887433   0.000026518254641865078
320.25   0.00830386619357079   0.000026668627321104157
320.5   0.00835137080085906   0.000026823692310439097
320.75   0.008400176822086143   0.000026982793703788315
321.   0.008450280009881982   0.00002714525647602485
321.25   0.008501585602132569   0.00002730686471188261
321.5   0.008554216952553168   0.000027471782506812
321.75   0.00860820975327588   0.000027640737458000817
322.   0.008663601791474332   0.0000278144850842063
322.25   0.008720176789071388   0.00002799777971035795
322.5   0.008778332233283758   0.000028185939234057427
322.75   0.008838220160401856   0.000028378155744312607
323.   0.008899999391632616   0.000028573594261576626
323.25   0.008964130291846712   0.000028764228380956563
323.5   0.009030379243450785   0.00002895907938459095
323.75   0.009098805007389892   0.00002916022145593631
324.   0.009169470190227683   0.000029369815944008105
324.25   0.009242447949831614   0.000029598666385474857
324.5   0.00931780056172374   0.000029837302510063988
324.75   0.009395601250606235   0.000030084592039087296
325.   0.009475928247862397   0.00003033936045109526
325.25   0.009558361803055953   0.00003059638251936969
325.5   0.00964368699044706   0.00003085992448412466
325.75   0.009732211992477292   0.00003113035537457272
326.   0.009824261862800714   0.00003140806761183001
326.25   0.009921750042978463   0.00003168960462341237
326.5   0.010022872101013167   0.00003198075974400767
326.75   0.010127346940418133   0.000032283650061357936
327.   0.010234882390253384   0.00003260050960483235
327.25   0.010342744447724912   0.00003294449279003247
327.5   0.010453965797899901   0.00003330321839386083
327.75   0.010569249896924503   0.00003367473918824433
328.   0.010689342914981673   0.000034057013712602576
328.25   0.010816974309637064   0.000034428813954555046
328.5   0.010950322048350654   0.00003481415445878139
328.75   0.011089456702242357   0.00003521882876499737
329.   0.011234459200085875   0.00003564899989701903
329.25   0.01138459485248961   0.00003613694557797307
329.5   0.011541105104242054   0.0000366543540425355
329.75   0.011704465281995875   0.00003719765522910456
330.   0.011875190421700807   0.00003776307021994249
330.25   0.012054125770380807   0.00003833016397194797
330.5   0.012241486871431765   0.00003891719243314756
330.75   0.012437811908267803   0.00003952673451180429
331.   0.012643690426870535   0.00004016159064223967
331.25   0.012859555583365342   0.00004082318500091603
331.5   0.01308641130704135   0.000041517065954597946
331.75   0.013325135135629804   0.000042247584945674916
332.   0.013576694200852188   0.00004301950727807589
332.25   0.013842472555086454   0.000043849793925849345
332.5   0.014123222792418018   0.00004472821508467124
332.75   0.01442011848807027   0.00004565594025816046
333.   0.014734468237771877   0.00004663432153057311
333.25   0.015066956985171449   0.00004765106049984762
333.5   0.015420281702068267   0.000048726779067657656
333.75   0.0157966357614165   0.000049869768811064703
334.   0.01619848722523188   0.000051089329586839223
334.25   0.016629782910001195   0.00005240011053356712
334.5   0.01709211329916957   0.00005380830340589545
334.75   0.017588541759254103   0.00005532544106330127
335.   0.018122573155955703   0.00005696469221531924
335.25   0.018697322304603647   0.000058746520304507164
335.5   0.019318654722421773   0.000060681120883107266
335.75   0.01999237267613194   0.00006278612679126188
336.   0.0207252248382302   0.00006508206456584946
336.25   0.02152574413769159   0.00006759242257528199
336.5   0.022402346257368297   0.0000703461326277955
336.75   0.023365681703045923   0.00007337682831332842
337.   0.024428412930992956   0.00007672450632310404
337.25   0.025604902695562662   0.0000804489953321028
337.5   0.026914421018494287   0.00008459219209078992
337.75   0.028379469402031527   0.00008921801048369457
338.   0.030027530524070645   0.00009440436717036899
338.25   0.031893438684264856   0.00010020909424821405
338.5   0.03401782951848349   0.00010679916267589834
338.75   0.03645260108955223   0.00011434153819561886
339.   0.039263104884410045   0.00012304679585283378
339.25   0.04253076613826091   0.00013320373150871185
339.5   0.04636328399318232   0.0001451286525395874
339.75   0.05089730292018986   0.000159251005021759
340.   0.05630859750338542   0.00017612363285631253
340.25   0.06282393454736292   0.00019648354045071379
340.5   0.0707269058050489   0.00022119717644912687
340.75   0.0803667584263166   0.0002513534331262919
341.   0.0921436183613974   0.0002881975731988026
341.25   0.10644918734860272   0.00033290356444839374
341.5   0.12349930818171145   0.0003861735868711734
341.75   0.14300247463113883   0.0004470940290183333
342.   0.16363981315096832   0.0005115420707388106
342.25   0.1826456144737369   0.0005708975129159335
342.5   0.19630294563257183   0.0006135289456395301
342.75   0.20186160808216191   0.0006308448681694357
343.   0.19964392869790473   0.0006238572986640019
343.25   0.19287747048116377   0.0006026640817693795
343.5   0.18534380499128664   0.0005790693794276679
343.75   0.179393574096035   0.0005604128255313693
344.   0.17556449394306986   0.0005483682511865278
344.25   0.17328673507466275   0.0005411673936639833
344.5   0.17182396796696314   0.0005364783759630234
344.75   0.17070473165416092   0.0005328162534206033
345.   0.16975269458702644   0.0005296182518667533
345.25   0.1689817732156591   0.0005267935258679034
345.5   0.168367402905371   0.0005244243885195121
345.75   0.16791321292513006   0.0005225575928843521
346.   0.16760373246564625   0.0005211801625500642
346.25   0.16737497858027417   0.0005203550607433597
346.5   0.1672431803793943   0.0005198520133952062
346.75   0.16719019034074284   0.0005195601664915752
347.   0.16720116471990126   0.000519378528549705
347.25   0.16727649149731955   0.0005189329109266572
347.5   0.16739256542857778   0.0005185401587415291
347.75   0.16753997711334057   0.0005182437955473949
348.   0.16771152814163812   0.0005180952260190984
348.25   0.16790462769069503   0.0005184468631564177
348.5   0.16811105608231344   0.0005189508309206308
348.75   0.1683264588613386   0.0005195545308853764
349.   0.16854723341949054   0.0005202071730842751
349.25   0.16876691482831455   0.0005207121897506965
349.5   0.16898771045501437   0.0005212258139345264
349.75   0.16920877469675197   0.0005217596035437026
350.   0.16942954620207945   0.0005223261957590856
350.25   0.16965414011592314   0.0005230529301733184
350.5   0.1698761957690984   0.0005237954033162177
350.75   0.17009389368503425   0.0005245222416100088
351.   0.17030550890423038   0.00052520200474693
351.25   0.17050292178287518   0.0005256598176256921
351.5   0.17069355819034077   0.00052606378964863
351.75   0.17087849839873953   0.0005264402570358986
352.   0.17105889043553446   0.0005268160786310915
352.25   0.17123463420014426   0.0005273410459391042
352.5   0.17140881142741596   0.0005278721946221485
352.75   0.17158325793332949   0.0005283880023951184
353.   0.17175985703496505   0.0005288667426929555
353.25   0.17195613424642303   0.0005291709306478553
353.5   0.17215229567865242   0.0005294395955151795
353.75   0.1723440062751978   0.0005296973084904286
354.   0.1725268884767777   0.0005299689847478141
354.25   0.1726788417320687   0.000530386733943246
354.5   0.17282006705439582   0.0005308270371289646
354.75   0.17295323401653456   0.0005312723865714839
355.   0.17308105084628153   0.0005317050761953823
355.25   0.17321691572970976   0.0005320064329820554
355.5   0.1733487452776956   0.0005322989670468522
355.75   0.173475031975299   0.000532605278824404
356.   0.17359425351466218   0.0005329482316823606
356.25   0.17369778121980764   0.0005334850678813554
356.5   0.17379395904319886   0.0005340519852313257
356.75   0.17388409566474405   0.0005346182007862652
357.   0.17396951537495706   0.0005351525890854855
357.25   0.1740535315620283   0.0005355303702549919
357.5   0.17413474299600445   0.000535849994385897
357.75   0.17421371752436446   0.0005361171693628379
358.   0.17429102845549307   0.0005363376714763413
358.25   0.174369389970125   0.0005365508850943152
358.5   0.1744464044458629   0.0005367158986416609
358.75   0.17452179486297376   0.0005368250939565447
359.   0.17459528022134885   0.0005368707804288323
359.25   0.1746692001329574   0.0005367494016576647
359.5   0.1747396015265719   0.0005365868577394574
359.75   0.17480512847385613   0.0005364140412495537
360.   0.17486441090099816   0.0005362621465726954
360.25   0.1749093948577339   0.0005362961401371081
360.5   0.174947995002656   0.0005363614470259275
360.75   0.1749814999108996   0.0005364361051315359
361.   0.17501120961537175   0.0005364979363462645
361.25   0.17504626134480042   0.0005364358131344831
361.5   0.17507704977381597   0.0005363510418017241
361.75   0.17510174143355098   0.0005362567221594936
362.   0.17511848535521896   0.000536166070481522
362.25   0.1751096720904116   0.0005361914401605819
362.5   0.175095398447021   0.0005362079935837077
362.75   0.17508012917703009   0.0005361892344337546
363.   0.17506836710030915   0.0005361084322204994
363.25   0.17508577781331258   0.0005357888925821043
363.5   0.1751074351118596   0.0005354125429518807
363.75   0.17512941128617657   0.0005350125099289563
364.   0.17514774359244745   0.0005346222013283047
364.25   0.17515599180570027   0.0005344609560470433
364.5   0.17515353695821903   0.0005343034275366494
364.75   0.17513730191188992   0.0005341088077308296
365.   0.17510418459016905   0.000533835952395019
365.25   0.1750174518913675   0.0005332632244586119
365.5   0.17492089482663964   0.0005326004752165264
365.75   0.1748249161863636   0.0005318783711632619
366.   0.17474000025919642   0.0005311278259841326
366.25   0.17472393649249587   0.0005303897237250154
366.5   0.1747213991617742   0.000529681872739151
366.75   0.1747240362855834   0.0005290319763342271
367.   0.1747234297448704   0.0005284679403096381
367.25   0.17468198296798493   0.0005281892021308248
367.5   0.17463182036116806   0.00052798470973689
367.75   0.174576086088365   0.0005278137819562287
368.   0.17451794729674908   0.000527635427019672
368.25   0.17445704355178943   0.0005272010295479561
368.5   0.17440154692699938   0.0005267586360639785
368.75   0.17435612438830567   0.0005263500315644837
369.   0.1743254745528387   0.000526017296022821
369.25   0.174354600468361   0.00052604891214003
369.5   0.17439199293818455   0.0005261436691490423
369.75   0.1744261916717962   0.0005262451944721969
370.   0.17444565566490491   0.0005262967178112467
370.25   0.17439555521670813   0.0005260378798632063
370.5   0.17432456697997495   0.0005256950567586666
370.75   0.17423834605226454   0.0005252922924232032
371.   0.17414258649252748   0.0005248537969123201
371.25   0.1740527299208392   0.0005244448104524755
371.5   0.17396097933769258   0.0005240327626139789
371.75   0.17386922647577163   0.0005236258654605903
372.   0.17377937472169314   0.0005232323821212164
372.25   0.17370421351265022   0.0005229358806784102
372.5   0.17363047245758675   0.0005226395601587013
372.75   0.17355570416631336   0.0005223214890584506
373.   0.17347744499561388   0.0005219595954875461
373.25   0.17338324512571207   0.0005214023465867327
373.5   0.17328454257407963   0.0005208081262619993
373.75   0.1731828454698252   0.0005202065855659051
374.   0.17307967086704346   0.0005196275577535401
374.25   0.17297772951438872   0.0005192052287954021
374.5   0.17287689994280703   0.0005188241975477442
374.75   0.17277824768665656   0.000518472843901443
375.   0.1726828439113949   0.0005181394735435134
375.25   0.17260174398504557   0.0005177937850372904
375.5   0.1725220833836554   0.0005174498428939912
375.75   0.17244092888665027   0.0005171032045114862
376.   0.17235532966508824   0.0005167493997633666
376.25   0.17225134169786968   0.0005163671942849169
376.5   0.17214132081752556   0.0005159754578422174
376.75   0.17202668654950604   0.0005155763827279168
377.   0.17190886630022245   0.0005151721726202547
377.25   0.17179339245716302   0.000514775488323568
377.5   0.17167598085951538   0.0005143739547308712
377.75   0.17155643163757392   0.0005139656013460475
378.   0.17143454347342033   0.0005135484457421296
378.25   0.171306554119715   0.0005131058933136868
378.5   0.1711772350466346   0.0005126563473432453
378.75   0.17104781414697967   0.0005122036702672775
379.   0.1709195254775934   0.0005117517441306272
379.25   0.17079360917709824   0.0005113044703247405
379.5   0.1706713113849442   0.0005108657693300745
379.75   0.1705538841617374   0.0005104395804625868
380.   0.17044258541082313   0.0005100298616242217
