310.   0.01572226189944899   0.00005500439037281523
310.25   0.015718383185382656   0.00005496303209990851
310.5   0.015714275604412742   0.000054932759701989334
310.75   0.015710049619003193   0.000054911647455455945
311.   0.015705816902999985   0.000054897750175179144
311.25   0.015701690379338287   0.00005488910261426755
311.5   0.015697784259124922   0.00005488371884233479
311.75   0.015694214082158663   0.00005487959160130074
312.   0.015691096758954394   0.0000548746916377073
312.25   0.015688746640251806   0.00005485673264128844
312.5   0.01568700997210413   0.000054837920501308054
312.75   0.015685928522654068   0.00005482030754622794
313.   0.01568554467730043   0.000054805970155705636
313.25   0.015686043309672285   0.00005480747988613473
313.5   0.015687270186836615   0.00005481235499719193
313.75   0.01568921209406265   0.000054818498874213304
314.   0.015691855813521467   0.00005482379007144578
314.25   0.015695433237891184   0.000054815508663677744
314.5   0.015699589202607524   0.00005480623054506537
314.75   0.015704210932435184   0.00005479804881777077
315.   0.015709184377970628   0.00005479308319860176
315.25   0.01571363957038749   0.000054797985870823004
315.5   0.015718512324127458   0.00005480864891608512
315.75   0.015723991176964627   0.000054825446676341874
316.   0.015730267302411408   0.00005484875955053782
316.25   0.015738460912935508   0.00005488850966778464
316.5   0.015747476899910896   0.00005493179199470202
316.75   0.01575713821106769   0.00005497512858842468
317.   0.01576726558230484   0.0000550149944895504
317.25   0.015776959225857316   0.00005503099076228131
317.5   0.015787036696617712   0.00005504295387675811
317.75   0.015797603910559184   0.00005505405476840243
318.   0.015808768490572122   0.000055067509773745745
318.25   0.01582079176748683   0.000055091097987585966
318.5   0.015833573160185306   0.00005512183635314545
318.75   0.015847163933253982   0.00005516124870264984
319.   0.015861616394960292   0.00005521088351164236
319.25   0.015876886030268312   0.000055289415082727466
319.5   0.01589316383247523   0.000055374609171775816
319.75   0.015910545412023906   0.00005546112366837897
320.   0.01592912824117841   0.00005554353404024746
320.25   0.015949940147892586   0.00005558943507479303
320.5   0.015971788776263433   0.00005563070670265533
320.75   0.01599439887926917   0.000055672629702728686
321.   0.016017491065462807   0.000055720571991985686
321.25   0.016039551777810263   0.00005580148041591664
321.5   0.016062006283707582   0.00005589097035707993
321.75   0.016085063971009707   0.000055985918100803336
322.   0.01610893819384131   0.000056083148306201756
322.25   0.01613423016421807   0.0000561723140157418
322.5   0.016160627228338595   0.000056260044160658806
322.75   0.016188198851586448   0.0000563459047576525
323.   0.016217016315855884   0.00005642945458634888
323.25   0.016247547098581495   0.000056500632060101006
323.5   0.016279317331138705   0.0000565723663206173
323.75   0.01631224291424668   0.00005664812676349179
324.   0.016346238795554018   0.0000567314509860424
324.25   0.016380914589598634   0.000056839344323833066
324.5   0.016416606898267638   0.000056956841734172565
324.75   0.01645335229972994   0.00005708221573663782
325.   0.016491188835695596   0.00005721370775625672
325.25   0.016530246782548465   0.00005734889421690244
325.5   0.016570441150616455   0.00005748683002602436
325.75   0.01661177766674504   0.00005762591373966411
326.   0.0166542630670719   0.00005776451210493132
326.25   0.01669742238846866   0.00005788651213312936
326.5   0.01674193617871772   0.000058010308751892124
326.75   0.01678801300188061   0.00005814010012158351
327.   0.016835867320533406   0.000058280183339986995
327.25   0.01688632882571306   0.00005845207493004982
327.5   0.016938777947973264   0.00005863648648379086
327.75   0.016993198257136827   0.000058831000304514104
328.   0.017049574512239273   0.00005903314730366317
328.25   0.01710778769030066   0.000059230003906225746
328.5   0.01716797125131255   0.000059433445554470385
328.75   0.01723015744378971   0.00005964512044960574
329.   0.01729438127553031   0.00005986672618588302
329.25   0.017360405346257136   0.00006010909045425442
329.5   0.017428653350712794   0.000060361407997492955
329.75   0.017499283635038276   0.000060621792767109264
330.   0.017572461433953156   0.00006088831582492019
330.25   0.017648544534998582   0.0000611510504058228
330.5   0.017727456334643673   0.00006141901563517221
330.75   0.01780930911963857   0.00006169343185657068
331.   0.0178942219472606   0.00006197556549475863
331.25   0.017982605866931057   0.00006228183787268326
331.5   0.018074200097933812   0.00006259265832451187
331.75   0.018169029179958916   0.0000629031798824091
332.   0.01826712298904529   0.00006320841054826767
332.25   0.018367962146617105   0.00006346207125595071
332.5   0.018472358376572712   0.00006371587847881432
332.75   0.018580591973849637   0.0000639814732297612
333.   0.01869295918482974   0.0000642709181674323
333.25   0.018810110144254603   0.00006464798642469741
333.5   0.018931911167703593   0.00006505468209801112
333.75   0.01905857475581488   0.00006548312147188788
334.   0.019190330487936866   0.00006592515813908144
334.25   0.019327483456876782   0.00006632917259566958
334.5   0.01947022421178087   0.00006674619643905942
334.75   0.019618820853398465   0.00006718528604242419
335.   0.01977356574135083   0.00006765591896778859
335.25   0.019934423845728716   0.00006820607095947718
335.5   0.020102234101901865   0.00006879361376832938
335.75   0.020277528538235192   0.00006941350840456452
336.   0.02046088368003683   0.00007006055995429631
336.25   0.02065330578075812   0.00007070141378775973
336.5   0.020854952430889438   0.00007136915227692114
336.75   0.021066407128735937   0.00007206990204433912
337.   0.021288315349846786   0.00007281021335762768
337.25   0.021521019248573543   0.00007361369611561425
337.5   0.021765829196458367   0.00007446506875882302
337.75   0.022023791880777178   0.00007536541522106269
338.   0.02229606851841426   0.00007631607221150731
338.25   0.02258454092308065   0.00007731315298913614
338.5   0.022889844359071664   0.00007836621206602864
338.75   0.02321334555740586   0.00007948000210591019
339.   0.02355659807263048   0.00008065991756794732
339.25   0.02392091522126841   0.00008191360278488523
339.5   0.024308957070341187   0.00008324604052008027
339.75   0.024723260993801108   0.00008466466262851681
340.   0.0251667463747408   0.00008617809859310621
340.25   0.02564261721520337   0.00008778391127268696
340.5   0.02615503941239772   0.00008951095782024803
340.75   0.026708690442878595   0.00009137869656165806
341.   0.027309076913480453   0.00009340975079718384
341.25   0.027963053103447117   0.000095652227090917
341.5   0.028677975790631704   0.00009810821804702647
341.75   0.02946308436368059   0.00010080532441233385
342.   0.03032960209699372   0.00010377745297838189
342.25   0.03129194229861165   0.00010705078272210757
342.5   0.032366159155548385   0.00011069854404494985
342.75   0.033573002135429623   0.0001147932724548339
343.   0.034938403867824756   0.00011942541213373052
343.25   0.036493104669759455   0.0001247094811831548
343.5   0.03827980912943653   0.0001307841462707313
343.75   0.040348967110397815   0.00013782115188826848
344.   0.042760386248870075   0.0001460240390331937
344.25   0.04558192614967466   0.00015561988879218592
344.5   0.04887533212407501   0.00016682326867796863
344.75   0.052685112477743296   0.00017978690860351182
345.   0.057016586232609655   0.00019453036941992358
345.25   0.061820180850882415   0.0002108947794745082
345.5   0.06700390326946996   0.00022855961525093777
345.75   0.07244961491706461   0.000247121925665457
346.   0.0780410509369025   0.0002661849789737891
346.25   0.08368485249497894   0.00028542843737329335
346.5   0.08930299328413524   0.00030458707753478967
346.75   0.09484327569396013   0.000323482244218738
347.   0.1002713097284685   0.00034199569123260533
347.25   0.10556149163065616   0.00036002727280136105
347.5   0.11070702354627926   0.0003775674121637907
347.75   0.11570369944425951   0.00039460569223451355
348.   0.12055153714257878   0.00041114669693684074
348.25   0.12525644442875952   0.00042723766119080384
348.5   0.12981871483390625   0.0004428557609863212
348.75   0.13424240552688607   0.0004580103768859947
349.   0.13853200844554722   0.0004727115710606643
349.25   0.14268817744250015   0.00048694472224303036
349.5   0.14672089985377276   0.0005007518064028378
349.75   0.1506364725513691   0.0005141519209970344
350.   0.1544411517940846   0.0005271638843954388
350.25   0.15814961860231377   0.0005398466379651392
350.5   0.16175634560814578   0.0005521628844859704
350.75   0.1652634023563073   0.0005641115754683499
351.   0.16867239786580931   0.0005756895381098275
351.25   0.17197046856503756   0.0005868118499436338
351.5   0.175177510765474   0.0005975801872637192
351.75   0.17830007439185924   0.0006080208332398857
352.   0.18134477219537024   0.000618160841149609
352.25   0.18432994712719247   0.0006280399235340122
352.5   0.1872463498304874   0.0006376702791375665
352.75   0.19009568582250824   0.0006470759364343443
353.   0.19287940502348977   0.0006562812913219691
353.25   0.19559800100901192   0.0006654048478700865
353.5   0.19825343863263126   0.0006743429228295092
353.75   0.20084679462958427   0.0006830804758454736
354.   0.20337896063586725   0.0006916005519803765
354.25   0.20584738542361095   0.0006997913494345777
354.5   0.20825712170051452   0.0007077604235156466
354.75   0.21060996693586762   0.0007155254417927288
355.   0.21290764191447695   0.0007231044791779337
355.25   0.21515122082483482   0.000730477312280443
355.5   0.21734308028093613   0.0007377162056600053
355.75   0.2194849864417001   0.0007448569098850464
356.   0.22157865906312632   0.000751936321659615
356.25   0.22362199290523058   0.0007592025459419424
356.5   0.2256218500736238   0.0007664044573354462
356.75   0.22758143243660886   0.0007734932812590077
357.   0.2295039751249513   0.0007804175554753138
357.25   0.23140543182478515   0.0007869538927024095
357.5   0.23327156168874433   0.0007932798970482921
357.75   0.2351003587650478   0.0007994078728772379
358.   0.236889646390395   0.0008053504988361109
358.25   0.2386221473611867   0.0008111450063458332
358.5   0.24031603945985713   0.0008167713159816123
358.75   0.2419749343185878   0.0008222330394437487
359.   0.24360251758398488   0.0008275337738804132
359.25   0.2452194522557239   0.0008326609731644712
359.5   0.2468061445200009   0.0008376405675374864
359.75   0.2483594290034933   0.0008424828710147234
360.   0.24987597670382017   0.0008471984163339229
360.25   0.2513311070842777   0.0008516587962750078
360.5   0.25275056624916425   0.000856067940240392
360.75   0.2541393932836331   0.0008604950049938094
361.   0.255502753172982   0.0008650111375356061
361.25   0.25686295787045127   0.0008701607568554785
361.5   0.25820179421660666   0.0008753648286880166
361.75   0.2595177156070106   0.0008805043372430672
362.   0.26080908798732066   0.0008854564451125722
362.25   0.2620701354526364   0.0008896155957141819
362.5   0.2633046887990281   0.0008935166127122084
362.75   0.2645125474566375   0.000897224281005741
363.   0.2656934779040262   0.0009008052683830961
363.25   0.2668519512553144   0.0009045489901335993
363.5   0.2679810913426852   0.0009082188891354506
363.75   0.2690786124494253   0.0009117956642005734
364.   0.27014214984848817   0.0009152594161118375
364.25   0.27114890281215337   0.0009186344252272906
364.5   0.27212464859269975   0.0009218374238977649
364.75   0.27307520160856175   0.0009248283169964789
365.   0.2740065064080543   0.0009275660182370205
365.25   0.2749389306368132   0.0009295662691950086
365.5   0.27585879601365315   0.0009314008796482063
365.75   0.2767665314420624   0.0009332081524560284
366.   0.2776625524901291   0.0009351296231474997
366.25   0.2785519895588031   0.0009377927200926493
366.5   0.27942865716012943   0.0009406738493060971
366.75   0.28029098808488745   0.0009437252472816305
367.   0.2811373614460291   0.0009468978561551085
367.25   0.2819606832058553   0.0009501889294413619
367.5   0.28276677053198085   0.0009534806961526762
367.75   0.2835560755090505   0.0009567008162058403
368.   0.2843290466334679   0.0009597753518006151
368.25   0.2850863405001949   0.0009623311901323917
368.5   0.2858281045481168   0.0009647054890447196
368.75   0.28655469070504397   0.0009669418117875019
369.   0.2872664462477497   0.0009690846238238791
369.25   0.2879719534836336   0.0009713478643039056
369.5   0.28866008010037303   0.0009735430531677098
369.75   0.28932778354642175   0.0009756481744338969
370.   0.2899719543234891   0.0009776407651348026
370.25   0.2905771188531302   0.0009792798901789481
370.5   0.29115716326180563   0.000980845834179933
370.75   0.2917138192145014   0.0009824040993267294
371.   0.29224884581568566   0.0009840213610230646
371.25   0.2927562671268194   0.0009861397204986705
371.5   0.29324870738952075   0.0009883068306179518
371.75   0.29373117995804854   0.0009904397067652907
372.   0.2942087781093013   0.0009924538533269576
372.25   0.2947006358285982   0.0009938629821122386
372.5   0.2951925509025562   0.0009951373468280289
372.75   0.2956841443227426   0.0009963516228658118
373.   0.29617501893974973   0.0009975817426098412
373.25   0.29667247098106375   0.0009992110485892876
373.5   0.2971653228457165   0.0010008912873117118
373.75   0.29764997717912434   0.001002577058369449
374.   0.2981227704860502   0.0010042221820570536
374.25   0.29856819918249716   0.0010056278392221436
374.5   0.29899888185538737   0.0010069579971611776
374.75   0.29941576578017476   0.001008226157725938
375.   0.29981980855837587   0.0010094460239985488
375.25   0.3002124400198647   0.0010107065373207611
375.5   0.3005939939633619   0.0010119171905359635
375.75   0.3009652698771707   0.001013061688596397
376.   0.3013270743364008   0.0010141234832575891
376.25   0.30168859459605474   0.001014926219164158
376.5   0.3020389765596747   0.0010156753092630654
376.75   0.3023756371719673   0.0010164184530155598
377.   0.30269595261632576   0.0010172040174080018
377.25   0.30297837797882404   0.0010183186279068557
377.5   0.3032465377591491   0.001019480642182995
377.75   0.30350537418345996   0.001020643667187745
378.   0.3037598943369137   0.0010217606406422671
378.25   0.30402998011046345   0.00102271570255691
378.5   0.304300109976132   0.0010235555086198554
378.75   0.3045694558202007   0.0010242587620640567
379.   0.30483717276187877   0.0010248038939315387
379.25   0.30510239941155176   0.0010251690669775414
379.5   0.3053642581232225   0.0010253321794940033
379.75   0.30562185524131175   0.0010252708690547325
380.   0.3058742813420105   0.0010249625161846327
