310.   0.09715412037981752   0.00008919929325100446
310.25   0.09709009182897572   0.0000891109821739234
310.5   0.09702914544373686   0.00008903793405952857
310.75   0.09697123398317994   0.00008897647557102316
311.   0.09691631027218373   0.00008892289587665816
311.25   0.09686432720497144   0.00008887344296421106
311.5   0.09681523774891325   0.00008882432078372714
311.75   0.09676899494860182   0.00008877168725171568
312.   0.09672555193021684   0.00008871165314799286
312.25   0.09668460980974485   0.0000886018421758147
312.5   0.09664647367111856   0.00008849191518294835
312.75   0.09661119918378991   0.0000883934345451174
313.   0.09657884332586142   0.00008831809420531921
313.25   0.09654919398502193   0.00008834542362689509
313.5   0.09652268822656214   0.00008839296584780303
313.75   0.09649949700638946   0.00008844537713904986
314.   0.09647979412886994   0.00008848711948210952
314.25   0.09646449814019478   0.0000884286879725423
314.5   0.09645275400668661   0.00008835708009561308
314.75   0.09644444340608027   0.00008828613344259705
315.   0.09643944742787813   0.00008822984850122458
315.25   0.09643727036684276   0.00008829148535299443
315.5   0.09643831681157194   0.0000883611447124646
315.75   0.0964426188776819   0.00008841717280054707
316.   0.09645021006802029   0.00008843762350460913
316.25   0.09646073756208512   0.00008828865271962776
316.5   0.09647477858217329   0.0000881034412800447
316.75   0.09649252882465248   0.00008790454806388562
317.   0.09651418780280198   0.00008771480632322742
317.25   0.09654062761008632   0.00008761981271077773
317.5   0.09657112353598915   0.0000875558421637054
317.75   0.09660561533439396   0.00008752124184161697
318.   0.09664404323891099   0.00008751434679829148
318.25   0.09668545917005023   0.0000875546730405112
318.5   0.0967310435191622   0.00008761101689604627
318.75   0.09678110013327654   0.00008767303942790109
319.   0.09683593897098325   0.00008773023150683001
319.25   0.09689666937607365   0.0000877162066964647
319.5   0.09696250893308303   0.00008769777065871081
319.75   0.0970334642102873   0.00008768662422776049
320.   0.09710954379589154   0.00008769464630810006
320.25   0.09719147946251082   0.00008778073243689014
320.5   0.09727827929600708   0.00008789188762893341
320.75   0.09736966435966432   0.0000880214836995927
321.   0.09746535323490398   0.0000881627841716959
321.25   0.09756320850753147   0.0000883056361168743
321.5   0.09766552578388826   0.00008844767156206594
321.75   0.09777277260090458   0.00008858315672923909
322.   0.09788542697510018   0.00008870626018893324
322.25   0.09800458889731035   0.00008879339686116199
322.5   0.09812990771439067   0.00008886313139208374
322.75   0.09826164603872059   0.00008891653613805852
323.   0.098400074399467   0.00008895469628862303
323.25   0.09854691300735452   0.00008895971405990861
323.5   0.09870044230139047   0.00008895916952081609
323.75   0.09886036906397075   0.00008896197613200516
324.   0.09902639817747882   0.00008897721074511713
324.25   0.09919578598907133   0.00008905727478891472
324.5   0.09937163930130988   0.00008915151219925084
324.75   0.09955465960092234   0.00008925187110619872
325.   0.0997455669788842   0.00008935014448038888
325.25   0.09994725235170439   0.00008938897308263767
325.5   0.10015748221518025   0.00008942800811873604
325.75   0.10037615574903905   0.00008947862686223801
326.   0.10060317569106714   0.00008955244638508636
326.25   0.100837115647184   0.00008971514250170636
326.5   0.10107974057816455   0.00008990400173368626
326.75   0.10133151333268522   0.00009010935238773631
327.   0.10159291420806142   0.00009032131599049217
327.25   0.10186500145296719   0.00009048160386159911
327.5   0.10214751548462508   0.00009064691762661896
327.75   0.10244076520373382   0.00009082651513028907
328.   0.1027450759200127   0.00009102987669325644
328.25   0.10306092862724425   0.00009131341229351268
328.5   0.10338849266940697   0.00009162220501154692
328.75   0.10372809238919424   0.00009194726321266974
329.   0.10408007188495223   0.00009227937424541057
329.25   0.10444475611501067   0.00009256204298027911
329.5   0.10482258892600652   0.0000928509444104084
329.75   0.10521399913307329   0.00009315557107406042
330.   0.10561944208823824   0.00009348568670260002
330.25   0.10603851036861656   0.00009389345459623605
330.5   0.10647295600319252   0.00009433078904694389
330.75   0.10692369569166013   0.000094790958860362
331.   0.10739169296344553   0.00009526705958719616
331.25   0.10787950472552855   0.00009572873607404181
331.5   0.1083860583172826   0.00009620104623354662
331.75   0.10891183990805609   0.00009668613823487024
332.   0.10945737796301402   0.00009718620918409839
332.25   0.11002162425113758   0.00009771043166039428
332.5   0.11060745319695803   0.00009825155040655286
332.75   0.11121621987365073   0.0000988091863135261
333.   0.11184936321488606   0.00009938298436232561
333.25   0.11250963405075631   0.00009995664429143944
333.5   0.11319697152512602   0.00010055196988227092
333.75   0.11391260439954584   0.00010117534566097832
334.   0.11465786078471443   0.00010183344480586908
334.25   0.11543336644964913   0.00010253672405291917
334.5   0.11624180236209813   0.00010328772091220523
334.75   0.11708519992654427   0.00010409269408865574
335.   0.11796575241843446   0.0001049582537541203
335.25   0.11888783227510313   0.00010599652942565657
335.5   0.11985124696687274   0.00010706966687876021
335.75   0.12085794625360714   0.0001081411849249725
336.   0.12191008657521997   0.00010917296582818688
336.25   0.12300636534195616   0.0001098932786185253
336.5   0.12415452571779831   0.00011058039395385291
336.75   0.12535907724562548   0.00011128872445716264
337.   0.12662494746058445   0.00011207552717924408
337.25   0.12796100734512394   0.00011319284499696935
337.5   0.12936841316535597   0.00011444076674187929
337.75   0.13085223053513279   0.00011580562549880894
338.   0.1324181329123471   0.0001172733095315508
338.25   0.13406978460703461   0.00011880768453946015
338.5   0.13581809034750386   0.00012042317743254193
338.75   0.13767233960578065   0.0001221133316489462
339.   0.13964300132298496   0.00012387170673340786
339.25   0.1417442803326805   0.00012566137431056258
339.5   0.1439864257735552   0.00012751786656456853
339.75   0.14638380910164045   0.0001294483436751495
340.   0.14895300498397626   0.00013146129540850355
340.25   0.15171168194704282   0.0001334365962691073
340.5   0.15468435603122194   0.00013556399718798814
340.75   0.15789799306779656   0.00013791545038321974
341.   0.1613843731085941   0.00014057163592913008
341.25   0.16518147975922778   0.0001438432442452337
341.5   0.16933403671215563   0.00014753778983978493
341.75   0.17389623834134596   0.00015167731188462722
342.   0.17893389931709985   0.0001562914629231424
342.25   0.18452804940455492   0.00016136541099204659
342.5   0.19077744400485702   0.00016702343012172286
342.75   0.1978053024125179   0.00017335825750554033
343.   0.20576547592499533   0.00018048699378025665
343.25   0.21484971212016823   0.00018849311458327895
343.5   0.2252985720979485   0.00019764542797308076
343.75   0.23740633989552823   0.0002082010475907739
344.   0.2515217199577465   0.00022046388347845132
344.25   0.2680314119576524   0.00023475282473430813
344.5   0.2873045757531284   0.0002514096263674523
344.75   0.30960141520671974   0.0002706671629256035
345.   0.3349520295011989   0.0002925606919553013
345.25   0.3630778695906733   0.000316914840941538
345.5   0.39342254129176496   0.00034320093252389626
345.75   0.4252867009481772   0.00037081263457981197
346.   0.45798130511800694   0.00039915460147993203
346.25   0.4909230289300871   0.0004278423447395649
346.5   0.5236814485543025   0.00045635767077161496
346.75   0.5559558348566084   0.0004843829946754157
347.   0.5875519240103986   0.0005116804469002808
347.25   0.6183589619067548   0.0005377765099189459
347.5   0.6483082028126869   0.0005629086764556371
347.75   0.6773720899054351   0.000587099195754576
348.   0.7055468833043093   0.0006104034161521345
348.25   0.732842393581375   0.0006330019684720382
348.5   0.759281551924483   0.0006548591596410608
348.75   0.7848913146275822   0.0006760406406480709
349.   0.8097015598895053   0.0006966183356698096
349.25   0.833741289945763   0.0007168724144043841
349.5   0.8570445494120138   0.0007366077865200554
349.75   0.8796429410105007   0.0007558127183357188
350.   0.9015671515597008   0.0007744682531546713
350.25   0.9228483586622473   0.0007923798008183135
350.5   0.9435125163166626   0.0008097436187119616
350.75   0.9635857271092926   0.0008265961721145308
351.   0.9830926681682004   0.0008429738517912388
351.25   1.002054607776706   0.0008591235618636789
351.5   1.0204962433665064   0.0008747941524228724
351.75   1.0384391366517038   0.0008899286530128624
352.   1.0559037077321893   0.0009044632285927455
352.25   1.0729116798516667   0.0009177998464709858
352.5   1.089478140829228   0.0009305854236344824
352.75   1.105619458787828   0.0009429683254633032
353.   1.121351063027946   0.0009551057431058563
353.25   1.1366880546556248   0.0009675916317692705
353.5   1.1516434186475986   0.0009800112510140806
353.75   1.166229894534416   0.0009923614069514413
354.   1.1804594990353674   0.0010046362555111736
354.25   1.194344832234016   0.001017115958289513
354.5   1.207894874168424   0.0010293924071085178
354.75   1.221119209251258   0.0010413286761729518
355.   1.2340268442831177   0.001052779268680542
355.25   1.2466197213466237   0.0010629265605004215
355.5   1.2589147969113488   0.00107252498217642
355.75   1.270922329428931   0.0010816881000993998
356.   1.282652256572465   0.0010905349727918499
356.25   1.2941147194564877   0.0010989564807804986
356.5   1.3053183868865252   0.001107404703228159
356.75   1.316272150022381   0.0011161129611592453
357.   1.3269846504966738   0.0011253237100641213
357.25   1.3374695619209707   0.0011371180201311755
357.5   1.347727793665829   0.0011492276904506668
357.75   1.3577651155788066   0.0011611505153910618
358.   1.367587021999278   0.0011723615654847745
358.25   1.377208174300898   0.0011802358915018957
358.5   1.386620505689303   0.001187083597440335
358.75   1.3958248122105728   0.0011931907424715233
359.   1.4048215263693713   0.0011988549826263276
359.25   1.4136021849626905   0.0012051330076059536
359.5   1.4221783799716965   0.0012113075435214113
359.75   1.4305531109594247   0.0012173962529896394
360.   1.4387291857464797   0.001223416995464488
360.25   1.4466884726362021   0.0012292167338910289
360.5   1.4544622045788915   0.0012350511352955892
360.75   1.4620613132818066   0.0012410099056564443
361.   1.4694968363777736   0.001247185082622616
361.25   1.4768058563791615   0.0012546048019857225
361.5   1.483963630826356   0.001262070252184548
361.75   1.4909707379252644   0.001269292340878751
362.   1.4978275523302496   0.0012759728019472313
362.25   1.5045278790614414   0.0012805982422636518
362.5   1.5110805549705406   0.0012845283878555997
362.75   1.5174880267294697   0.0012879396770878301
363.   1.5237526348733381   0.0012910136985108402
363.25   1.5298704765877005   0.0012941785838919985
363.5   1.5358522235831613   0.0012972899519580465
363.75   1.5417024623872642   0.0013004441512444922
364.   1.547425753378147   0.0013037397742225287
364.25   1.5530343566299896   0.0013077702221730712
364.5   1.5585220516030356   0.0013119539536412003
364.75   1.5638901429195242   0.0013161930017678383
365.   1.5691398396827947   0.0013203866546872393
365.25   1.5742709478144201   0.0013240523591574876
365.5   1.5792863169804114   0.0013276113373212092
365.75   1.584187427982259   0.0013311112617774756
366.   1.5889756899744385   0.00133460080136236
366.25   1.593649205451152   0.0013383038204303553
366.5   1.59821374991216   0.00134202911543331
366.75   1.60267186322814   0.0013457564668394716
367.   1.6070260510908028   0.0013494647964567073
367.25   1.6112874052576875   0.0013532215459620086
367.5   1.615446375404124   0.0013568812328612339
367.75   1.619501831541942   0.0013603848212515853
368.   1.623452542072761   0.0013636714932738917
368.25   1.6272772634990418   0.0013662611649951945
368.5   1.6310022824683208   0.0013686710411437225
368.75   1.6346342479843883   0.0013710077275991756
369.   1.638179876458935   0.0013733798876727034
369.25   1.6416659134479752   0.001376679545941843
369.5   1.6450714169657061   0.0013799314332511466
369.75   1.6483951200407414   0.0013829299680873754
370.   1.6516356678312307   0.0013854655730444023
370.25   1.6547823709739407   0.001386081544530137
370.5   1.6578465836630718   0.0013862924355639782
370.75   1.6608304851513447   0.0013863862287752785
371.   1.663736241690302   0.0013866559806157042
371.25   1.6665694457521265   0.001388726215218977
371.5   1.6693274496935944   0.0013910523012029448
371.75   1.6720109777966368   0.0013934002020690418
372.   1.6746207195065805   0.0013955316598316348
372.25   1.6771576007456126   0.0013961776047116234
372.5   1.6796218670912235   0.0013965225564995735
372.75   1.6820139980815512   0.00139673552412885
373.   1.6843344399149798   0.0013969881047183395
373.25   1.6865767322253749   0.0013980522132662559
373.5   1.6887508354987226   0.0013992715204544182
373.75   1.6908599065836367   0.0014005817745936884
374.   1.6929071159378686   0.0014019176235824035
374.25   1.6949065638091354   0.0014029741607099403
374.5   1.696846233698798   0.001404016176442728
374.75   1.6987248843358078   0.0014050722919700602
375.   1.7005412209806052   0.001406171525426953
375.25   1.702285176774921   0.0014075148640019727
375.5   1.7039675079756533   0.0014088929271982267
375.75   1.7055903192049853   0.0014102659676927367
376.   1.707155716913162   0.0014115936063951403
376.25   1.7086740435360022   0.0014129841012492012
376.5   1.7101359296254206   0.001414187792247838
376.75   1.7115401342906083   0.0014151017115761222
377.   1.712885372183493   0.0014156214626083342
377.25   1.7141587607137787   0.0014148019673306633
377.5   1.7153750384862325   0.0014137066577702255
377.75   1.7165374937784037   0.001412568469105913
378.   1.7176494365918558   0.0014116233675053173
378.25   1.7187191130915929   0.0014120156057968525
378.5   1.7197430220357974   0.0014127246143895709
378.75   1.7207225383430607   0.0014136275016047996
379.   1.7216590319458138   0.0014145996743271895
379.25   1.7225538679586792   0.001415514839322776
379.5   1.7234084068408695   0.0014162450193611195
379.75   1.7242240045527526   0.001416660584843048
380.   1.7250020127069092   0.0014166303016432359
