310.   0.040857148629817194   0.00020541253220926202
310.25   0.04090144916814405   0.00020581912362213848
310.5   0.04094921765552432   0.00020622436080855789
310.75   0.04100032156462408   0.00020661950632325145
311.   0.04105462663551307   0.0002069956530869099
311.25   0.04111199680685164   0.00020734371697765275
311.5   0.04117229414382878   0.00020765442921701665
311.75   0.04123537876266267   0.0002079183285363281
312.   0.04130110875146195   0.00020812575310831822
312.25   0.0413679066654144   0.0002081761161824781
312.5   0.04143762105391395   0.0002081855698961503
312.75   0.04151069162093303   0.00020818102770605516
313.   0.04158756842068159   0.00020818997440606588
313.25   0.041671475176648994   0.0002083319042306274
313.5   0.04175904028715512   0.0002085083526326023
313.75   0.041849612526335206   0.00020871111577855963
314.   0.04194252718604257   0.00020893181232172636
314.25   0.04203456853705409   0.00020905242755054037
314.5   0.04212857137466439   0.00020921641805294407
314.75   0.042224870462002656   0.00020945984269794005
315.   0.042323809373521426   0.00020981962172109944
315.25   0.04242571975320384   0.00021056165920529875
315.5   0.04253099347572128   0.00021140762438487713
315.75   0.04264001184363531   0.0002123033247818408
316.   0.04275316699312314   0.00021319324853349882
316.25   0.042872541887659314   0.0002137434068804481
316.5   0.04299621785296644   0.00021428055359927183
316.75   0.043123929896365605   0.0002148591453650253
317.   0.043255407833297295   0.00021553506581259852
317.25   0.04338847429484502   0.00021668525774557623
317.5   0.043525489872660444   0.00021792474320752496
317.75   0.0436669531519096   0.00021918207192561607
318.   0.04381337837469335   0.00022038384330832966
318.25   0.04396695081358672   0.0002211445891198653
318.5   0.044125921054280745   0.00022181719516765514
318.75   0.04429017049749655   0.00022245013268268007
319.   0.04445957960327202   0.00022309326852691793
319.25   0.04463218971601957   0.00022392735990916094
319.5   0.044810430500773844   0.000224825671606852
319.75   0.04499494187116384   0.000225789051008816
320.   0.04518638653895399   0.00022681839820782186
320.25   0.04538844203767857   0.00022794002724003948
320.5   0.0455976720729462   0.00022911977653636636
320.75   0.045813572723093034   0.00023034818212965384
321.   0.04603562729817744   0.00023161549543772252
321.25   0.046260389777603356   0.00023287427870960283
321.5   0.04649135799119065   0.00023416599418510546
321.75   0.04672918732730236   0.0002354955122732754
322.   0.0469745602303141   0.00023686789601664904
322.25   0.04722883255221295   0.00023832036817530717
322.5   0.04749185313970061   0.00023981414354033837
322.75   0.04776412726500012   0.00024134158873668465
323.   0.04804618486049957   0.00024289481108612964
323.25   0.04833960760170922   0.0002444298271168954
323.5   0.048643560351236535   0.0002459877536930747
323.75   0.048958227954434934   0.000247574820370854
324.   0.04928381002290973   0.00024919753138951734
324.25   0.04961963979801699   0.00025083677752295276
324.5   0.049967170104246304   0.0002525355138467001
324.75   0.05032702271030916   0.0002543120865592289
325.   0.050699855383131216   0.00025618568226846885
325.25   0.05108737684628894   0.00025824306163612244
325.5   0.05148892661085181   0.00026041315761389527
325.75   0.05190486083980196   0.0002626899523057508
326.   0.05233556412082284   0.00026506722938778087
326.25   0.052778722657153575   0.00026753600337811964
326.5   0.05323855252561566   0.00027009313822122624
326.75   0.053716695387181705   0.00027273280225990345
327.   0.05421489181349162   0.0002754489468206544
327.25   0.054739843306264975   0.0002781649091134319
327.5   0.05528682359475394   0.0002809711835106319
327.75   0.05585585803475298   0.000283890930147363
328.   0.056446994872097034   0.0002869486909936145
328.25   0.05705543575110654   0.0002902591602164848
328.5   0.05768798804775039   0.0002937280216514173
328.75   0.05834686934842279   0.0002973468339368923
329.   0.05903445930160191   0.00030110680246963635
329.25   0.05975671061152078   0.0003049764852908398
329.5   0.06051171272273013   0.00030897687182208813
329.75   0.06130097399453934   0.0003131074837812867
330.   0.06212614323352578   0.0003173679731343022
330.25   0.06298591575727121   0.00032163833771152483
330.5   0.06388653312864911   0.0003260828245963283
330.75   0.06483151621879002   0.00033075361083104713
331.   0.06582470360826208   0.00033570703465880927
331.25   0.06687302083364172   0.00034116391938869296
331.5   0.06797732383564828   0.00034697185606091184
331.75   0.06914145585533152   0.00035313289817597964
332.   0.07036966273078202   0.000359649743887454
332.25   0.07166470815705714   0.0003663904933348509
332.5   0.07303444954676995   0.000373543933777026
332.75   0.07448554664545662   0.0003811752031974091
333.   0.07602540984079126   0.000389356321916897
333.25   0.07766464470231897   0.00039849678533906486
333.5   0.07940933084382382   0.0004082378271390234
333.75   0.0812688069091572   0.00041853078799421547
334.   0.08325360476038296   0.0004293224675932881
334.25   0.08537438047943195   0.00043995669181371653
334.5   0.0876463619811397   0.00045117644062074607
334.75   0.09008553260355871   0.0004631823231537123
335.   0.09271016113322186   0.00047620179398705415
335.25   0.09553910744378286   0.0004910370507069091
335.5   0.09859936054085577   0.0005072564635083192
335.75   0.10191987348582976   0.0005249498052041646
336.   0.10553431611074061   0.0005442222623111884
336.25   0.10948880890112297   0.0005650459051408668
336.5   0.11382059188734443   0.000587767896746648
336.75   0.1185810699687551   0.0006126329211556117
337.   0.12383134345415536   0.0006399316271141168
337.25   0.12962952991507137   0.0006697273140790916
337.5   0.13608320264717338   0.0007028105188745847
337.75   0.14330633529974895   0.0007398274850647975
338.   0.15143815188699777   0.0007815687023755176
338.25   0.16067012997221788   0.0008294296426695556
338.5   0.17118899062580745   0.0008840811861841195
338.75   0.18325016916048015   0.0009468256458309924
339.   0.19717512074543106   0.0010193005093702304
339.25   0.21335602225117395   0.001103399844459323
339.5   0.23233182390639512   0.0012019882530886561
339.75   0.2547773076694513   0.00131854328225449
340.   0.2815599491303227   0.0014575322319667014
340.25   0.3137883899944878   0.0016250892053106013
340.5   0.35287121109827807   0.0018279369009380707
340.75   0.40053242886732837   0.0020746496564680956
341.   0.45874530809228725   0.0023748893480559532
341.25   0.5294813572496667   0.0027349523360523324
341.5   0.6137446243422526   0.00316222890172854
341.75   0.7100449492337985   0.0036493598995592
342.   0.8117940716340329   0.00416354463347435
342.25   0.9052012146046895   0.004641880470867693
342.5   0.9719144612012572   0.004985968170213667
342.75   0.9984046669931591   0.005125908291136425
343.   0.9863859154990406   0.00506934722262287
343.25   0.9518789990125252   0.004895507900676408
343.5   0.9136496912251838   0.004702406674412366
343.75   0.8832989145169469   0.004549619412803606
344.   0.8634564108233103   0.004450674118016434
344.25   0.8513969260101899   0.004390668469059169
344.5   0.843353179651286   0.004351336667836208
344.75   0.8369741015573451   0.004320796638435631
345.   0.8313640403589991   0.0042946562078023465
345.25   0.8263746142826883   0.004273843870047964
345.5   0.8221196748372012   0.0042571112348359546
345.75   0.8186613484946603   0.004244428340163535
346.   0.8159681679108244   0.004235282790314589
346.25   0.8139611754103873   0.004227607006507988
346.5   0.8125017428424347   0.004222148968209128
346.75   0.8114726192241792   0.004218459313380695
347.   0.81077297692399   0.00421617259452798
347.25   0.8103066040445094   0.004214857282995627
347.5   0.8100271396949072   0.004214557471629726
347.75   0.8098882028349174   0.00421522954932222
348.   0.8098542727933316   0.004216888737967901
348.25   0.8098948142210184   0.004220970017325443
348.5   0.8099938703138813   0.004225655552474064
348.75   0.8101370329408853   0.004230512750746082
349.   0.8103136769260442   0.004235123522315033
349.25   0.8105321525897828   0.004237691639696607
349.5   0.8107646206645093   0.004239750907164818
349.75   0.8110008670558737   0.004241468496625331
350.   0.8112319790851159   0.004243021493863383
350.25   0.811435920177616   0.0042457417529684
350.5   0.8116253030922845   0.00424822364612712
350.75   0.8117994035736639   0.004250199966889298
351.   0.811958068284791   0.0042514029049989365
351.25   0.8121206304946429   0.004249763860786709
351.5   0.8122612629604592   0.004247522285471417
351.75   0.8123732455695437   0.0042451380331246305
352.   0.8124500234195929   0.004243078498651912
352.25   0.8124470613431916   0.004243417638839577
352.5   0.8124111676509556   0.004244406340279096
352.75   0.8123515593583958   0.00424588276263274
353.   0.8122776915625577   0.004247683424352451
353.25   0.8122399863191462   0.004249891998009155
353.5   0.8121914715121968   0.004251994380339687
353.75   0.8121256479253169   0.004253720730821164
354.   0.8120359887178354   0.004254798179536008
354.25   0.8118918775726252   0.004253405277807413
354.5   0.8117202709598915   0.004251419577544237
354.75   0.8115242867694832   0.0042491868347468926
355.   0.8113071059126277   0.004247057095316177
355.25   0.8110751510901085   0.004246833340020105
355.5   0.8108272715813979   0.004246852348544446
355.75   0.8105655166937212   0.004246888619951796
356.   0.8102919672695453   0.004246714079650126
356.25   0.8100247047106977   0.004243828844504921
356.5   0.8097435755900267   0.0042411668171565145
356.75   0.8094442619351829   0.004239412732495051
357.   0.8091223987373685   0.004239258654464845
357.25   0.8087591927238618   0.004245872228436878
357.5   0.8083702553557944   0.0042537235119172205
357.75   0.8079569084346953   0.004261714715960737
358.   0.8075204860624822   0.004268736180497073
358.25   0.8070675339272435   0.004269007762567009
358.5   0.8065921491042218   0.004267899919946387
358.75   0.8060935903664371   0.004266156456407062
359.   0.805571104720572   0.004264528874242479
359.25   0.8050177854376249   0.004266114837913379
359.5   0.8044414294790257   0.004268416159269525
359.75   0.803843734671709   0.004271259649900822
360.   0.8032264102065818   0.004274470254286445
360.25   0.8025908860462387   0.004278425390075251
360.5   0.8019392978370383   0.0042821724075859866
360.75   0.8012735036820821   0.004285306452371245
361.   0.8005953724965836   0.004287418875221153
361.25   0.7999209173746321   0.004286055642861247
361.5   0.7992322925905058   0.004283651561085343
361.75   0.7985256787610908   0.004280613112105641
362.   0.7977972153482276   0.004277350558146644
362.25   0.7970142726239122   0.004275901431183437
362.5   0.7962130277733327   0.004274416113287914
362.75   0.7954011197261045   0.0042726591709784465
363.   0.7945862480778267   0.004270393086078246
363.25   0.7938081992252729   0.004266187259148867
363.5   0.7930300623789498   0.004261463474366866
363.75   0.7922467643282771   0.004256459693178728
364.   0.7914531813780625   0.004251415906526389
364.25   0.7906470379473902   0.00424940068446898
364.5   0.7898190643900175   0.004246710084427702
364.75   0.7889628191302022   0.004242447641773438
365.   0.7880718038563204   0.0042357097032893224
365.25   0.7870877433350759   0.004219314949636959
365.5   0.786076272833324   0.004201105024599343
365.75   0.7850516249328199   0.004182688681599966
366.   0.7840281403987212   0.004165687204339128
366.25   0.7830772250864697   0.004157807444016738
366.5   0.7821338647280814   0.004152211544110674
366.75   0.7811897101035284   0.004148105131511235
367.   0.7802363414749875   0.004144687509405301
367.25   0.7792273662384318   0.004137804717763216
367.5   0.7782071784927429   0.004131319615387826
367.75   0.7771824570477298   0.004125764428308241
368.   0.7761599252674309   0.004121675163869653
368.25   0.7751818835996358   0.004123281208801235
368.5   0.7742054987570449   0.0041259714613579015
368.75   0.7732232813453864   0.004128803885515577
369.   0.7722276832592782   0.004130829487223364
369.25   0.7711749721728022   0.00412698209415182
369.5   0.7701079609414625   0.00412204242607768
369.75   0.7690335083191262   0.004116700250691103
370.   0.7679585169543586   0.004111650077670395
370.25   0.7669340518292933   0.004110216523469127
370.5   0.7659054545727823   0.004109434972646088
370.75   0.7648619575141794   0.00410895487648932
371.   0.7637927169500776   0.0041084232483619915
371.25   0.7626297230634139   0.004106605366038035
371.5   0.7614417606894613   0.0041043721765874576
371.75   0.7602407900689014   0.004101718231544853
372.   0.7590388471736099   0.004098638067503546
372.25   0.7578873721525092   0.004095028770104764
372.5   0.7567435883699469   0.004091021021380119
372.75   0.7556038943847342   0.004086648605392712
373.   0.7544646616494809   0.004081945529325802
373.25   0.7533107926389502   0.004077143856649619
373.5   0.7521545965358186   0.0040720015424695315
373.75   0.7509969783891117   0.004066473503927905
374.   0.7498388455272625   0.00406051439703763
374.25   0.7486934721705648   0.004053345934838066
374.5   0.7475444894514661   0.004045946322605626
374.75   0.7463878280846071   0.004038564753063737
375.   0.7452193917204615   0.004031451875833675
375.25   0.7440154830066186   0.0040259289639147135
375.5   0.7427993107806273   0.004020755139833752
375.75   0.741574587095675   0.004015754527390639
376.   0.7403450434287671   0.004010750199348227
376.25   0.7391287511611107   0.004004948171809082
376.5   0.7379094634167026   0.003999030490905302
376.75   0.7366851991081225   0.003993065322302531
377.   0.7354539635252461   0.003987121206213323
377.25   0.7342049663441454   0.003981405910643124
377.5   0.7329484617641916   0.003975794614805334
377.75   0.7316859526407662   0.003970301024294087
378.   0.7304189480467643   0.003964938898781487
378.25   0.7291559605466941   0.003959870493274525
378.5   0.7278887302024258   0.003954902173094727
378.75   0.726615966375445   0.003949988082660591
379.   0.7253363695185227   0.003945082106296993
379.25   0.7240486312983547   0.0039401378716741615
379.5   0.7227514347161664   0.003935108753455154
379.75   0.7214434542263118   0.003929947877161047
380.   0.7201233558529229   0.003924608123263637
