310.   0.03395517629124026   0.00004295106237880612
310.25   0.03400083574050507   0.00004298203306199719
310.5   0.034047962712161615   0.00004302283036443533
310.75   0.034096652331300055   0.00004307109614498715
311.   0.0341470020544596   0.000043124428545513545
311.25   0.0341991117652395   0.000043180380065799785
311.5   0.034253083874648316   0.00004323645559527754
311.75   0.034309023426470346   0.00004329011039980321
312.   0.034367038207947   0.000043338748061357525
312.25   0.0344273129164258   0.00004335361897666706
312.5   0.03448985813146097   0.00004336833864172244
312.75   0.03455476020573371   0.00004339085114935925
313.   0.034622108080031876   0.000043429270380447185
313.25   0.03469207147865174   0.000043538914475479765
313.5   0.034764636239139605   0.000043662840442175526
313.75   0.0348398676956263   0.000043790400665775235
314.   0.03491783353593237   0.000043910709671934626
314.25   0.03499875106216806   0.00004395913501330729
314.5   0.03508248834428735   0.000043998690791783884
314.75   0.035169060268178134   0.00004403972582051283
315.   0.03525848309927387   0.00004409283103250781
315.25   0.03535061259871447   0.00004422993067361451
315.5   0.03544569315860155   0.00004437721697526905
315.75   0.035543812322435316   0.000044520917223533034
316.   0.03564506098361764   0.00004464691838426246
316.25   0.03574937642535435   0.000044671874771811574
316.5   0.03585707512164149   0.000044676671863084316
316.75   0.035968323882827974   0.000044674495456117864
317.   0.036083295312964725   0.00004467887054138573
317.25   0.036202644302773854   0.00004473972480379727
317.5   0.03632589441103599   0.000044821237063966754
317.75   0.03645304068246818   0.000044923159590288484
318.   0.03658407976083822   0.00004504524506488467
318.25   0.03671848325573764   0.00004520410353398598
318.5   0.03685698270285203   0.00004537611180027255
318.75   0.03699979818861434   0.00004555405051031498
319.   0.037147158250759205   0.00004573047996510965
319.25   0.03729948829224359   0.00004585860598472414
319.5   0.0374567743544641   0.000045984822321499914
319.75   0.03761919533275709   0.00004611722428427055
320.   0.037786938223934516   0.000046264161614764394
320.25   0.037960725594878814   0.000046464849868896525
320.5   0.03814003107392839   0.00004668574373267357
320.75   0.03832484987303811   0.000046923315968485396
321.   0.0385151801253652   0.000047173927186781844
321.25   0.03871016186960832   0.000047435771372374316
321.5   0.0389109936147653   0.00004770225948981747
321.75   0.03911804236165302   0.0000479685706108141
322.   0.03933169164623324   0.0000482297190142521
322.25   0.03955254209687685   0.00004846457039899498
322.5   0.03978073723386945   0.00004868991184023322
322.75   0.04001663360525117   0.00004890686778584877
323.   0.040260605942561825   0.00004911659854817063
323.25   0.04051377132159204   0.00004930515494771671
323.5   0.04077554385834458   0.000049494759896356
323.75   0.04104605775087202   0.00004969306303364401
324.   0.04132545866473931   0.00004990802347899696
324.25   0.041613011300619715   0.00005018440837696873
324.5   0.04191012249075158   0.00005048040166306442
324.75   0.04221735328276104   0.000050789694741764685
325.   0.04253529653145224   0.00005110571885779099
325.25   0.042864830338483706   0.00005138200328727544
325.5   0.04320627184720156   0.000051666165970235795
325.75   0.04356021895676048   0.00005196745323227826
326.   0.04392730756515792   0.00005229554705242089
326.25   0.04430837704074234   0.000052704270247544736
326.5   0.04470392476141013   0.00005314400470170083
326.75   0.04511465168752149   0.000053607473486670875
327.   0.045541307639857816   0.00005408705371374822
327.25   0.04598468742053563   0.00005453173436086981
327.5   0.046445663033971324   0.00005499240791745994
327.75   0.04692516178340065   0.00005547853875810957
328.   0.04742418001342138   0.000056000134188648724
328.25   0.047943747444772804   0.00005661715074071576
328.5   0.048485076578013944   0.000057272894863702836
328.75   0.04904943066301973   0.00005795819157366861
329.   0.049638173709579854   0.00005866334258197715
329.25   0.05025307776734747   0.00005931983716209173
329.5   0.050895331651820586   0.00005999680676624347
329.75   0.05156653947890791   0.00006070774974750361
330.   0.05226844606788485   0.00006146710046599301
330.25   0.05300187984934057   0.00006233811752288018
330.5   0.05377038574480709   0.00006327191451999764
330.75   0.054576696870727186   0.00006426566604372538
331.   0.05542379721527258   0.00006531640477407887
331.25   0.056316147411514084   0.00006641266110475127
331.5   0.05725569066019716   0.0000675625344222394
331.75   0.058245835703442564   0.00006876617656186185
332.   0.059290345093711914   0.00007002382679480554
332.25   0.060392853271916944   0.00007131177293024407
332.5   0.06155869524486026   0.00007266325945070394
332.75   0.06279323469565154   0.0000740895166567083
333.   0.06410244454005   0.00007560295142057196
333.25   0.06549335086717446   0.00007723303408284437
333.5   0.06697293816262477   0.00007897371960228171
333.75   0.06854943526313022   0.00008083504039437786
334.   0.07023211628139116   0.00008282830765319239
334.25   0.07203039140308098   0.00008494643401236707
334.5   0.07395761346655343   0.0000872308196983395
334.75   0.07602782277096251   0.00008970709547218457
335.   0.07825706276209426   0.00009240446473287689
335.25   0.08066613078796887   0.00009550321475839127
335.5   0.08327302880921217   0.00009884460083163473
335.75   0.08610119479619854   0.00010240454466927585
336.   0.08917789650449694   0.00010615541832832652
336.25   0.09253200851308423   0.00010972370734072601
336.5   0.09620499702047249   0.00011352628418248657
336.75   0.10024257859449028   0.00011768225022015304
337.   0.10469909734780379   0.00012233306540151978
337.25   0.1096424634099635   0.00012797318070997
337.5   0.1151471300235329   0.0001343807554860098
337.75   0.12130654831530857   0.0001416446979213744
338.   0.12823481124496702   0.00014987330231797504
338.25   0.13606857093011435   0.00015914743705822826
338.5   0.1449865027915726   0.00016969692047553902
338.75   0.1552077849535223   0.00018175062657810098
339.   0.16700841422376317   0.00019559504115716428
339.25   0.18074254151201286   0.0002115311383684176
339.5   0.19685225752301308   0.00023008993552973663
339.75   0.21590910142474926   0.00025188354051287946
340.   0.2386476329049156   0.00027769271556198115
340.25   0.26600532862257537   0.0003080616708038657
340.5   0.2991750491487179   0.00034475854432091047
340.75   0.33961484194542474   0.00038954223844287714
341.   0.3889916163925035   0.0004444910234962082
341.25   0.44892355253250504   0.000512897847815979
341.5   0.5202954076914235   0.0005950299228691671
341.75   0.601850567559666   0.0006895418453664867
342.   0.6880212837094511   0.0007900708813298039
342.25   0.7672217669383625   0.0008826985932852094
342.5   0.8238455078750352   0.0009496748988297104
342.75   0.8464179247745177   0.0009774808078794781
343.   0.8363740779138015   0.0009674323847043558
343.25   0.8072777530832038   0.0009345527249009981
343.5   0.7750249636814889   0.0008976831948397319
343.75   0.7494479961181816   0.000868280128705004
344.   0.7327755366547951   0.0008489914732416447
344.25   0.7226684636035631   0.0008370976135821736
344.5   0.7159608556552935   0.0008290566851916531
344.75   0.7106611807388487   0.0008226229874458248
345.   0.7060124488365608   0.0008169805933005312
345.25   0.7019095053547446   0.0008122150970796452
345.5   0.6984273831912057   0.0008082667830356975
345.75   0.6956150487199346   0.000805194233979036
346.   0.693441956543092   0.0008029646354477404
346.25   0.6918114853430192   0.000801825488975697
346.5   0.6906376571500906   0.0008011846608231697
346.75   0.6898269892182411   0.0008007944558566695
347.   0.6892999571512223   0.0008004207199685288
347.25   0.6890006837283899   0.0007991330323281653
347.5   0.6888685591225178   0.0007977196159773228
347.75   0.6888625170050956   0.0007962765871691135
348.   0.6889506909204074   0.000794912542810615
348.25   0.689107195197383   0.0007940276789876127
348.5   0.6893142546943497   0.0007933564677660276
348.75   0.6895571334080413   0.0007929185492483243
349.   0.6898242708116727   0.0007927378316034321
349.25   0.6901096827509018   0.0007931246728105609
349.5   0.6904017587484962   0.0007937144208597854
349.75   0.690693450890527   0.0007944241311852929
350.   0.6909788402043264   0.0007951710815252764
350.25   0.6912471179864106   0.0007955871124638107
350.5   0.6915020041952232   0.0007959870739160119
350.75   0.6917420702609038   0.0007964035736112138
351.   0.6919663620664539   0.0007968702294011921
351.25   0.6921735479981628   0.0007978035154610005
351.5   0.6923644413073015   0.0007987061110111734
351.75   0.6925393616809674   0.0007994587561943461
352.   0.692698849124228   0.0007999408612007102
352.25   0.6928515937324679   0.0007992759089535599
352.5   0.692987364707882   0.0007983930940155383
352.75   0.6931039346556095   0.0007974745146220128
353.   0.6931991473723349   0.0007967047469087421
353.25   0.693261520430364   0.000796833431986059
353.5   0.6933020839687247   0.0007972651294384411
353.75   0.6933226250071249   0.0007979629997933964
354.   0.6933250004507017   0.0007988897234847764
354.25   0.6933190770554125   0.0008003098021668768
354.5   0.6932957399341777   0.000801763178236763
354.75   0.6932537849083744   0.0008030882949249132
355.   0.6931920147171342   0.0008041216785710159
355.25   0.6931043835739854   0.0008039463821935209
355.5   0.6929964679217241   0.0008034439992437038
355.75   0.6928690408848516   0.0008027505969068073
356.   0.69272289315581   0.0008020038518171159
356.25   0.6925565937633312   0.00080116910590508
356.5   0.692374084167334   0.0008006298630934514
356.75   0.6921771031166661   0.0008005990037786704
357.   0.6919674094957057   0.0008012917061118174
357.25   0.6917498201579078   0.0008047295760892682
357.5   0.6915218882222715   0.0008086147148879836
357.75   0.6912841930388705   0.0008124374942331005
358.   0.6910373166121107   0.0008156825602354763
358.25   0.6907944834426948   0.0008158429843083838
358.5   0.6905386342666133   0.0008151646973702172
358.75   0.690265233813298   0.0008139212820976827
359.   0.6899696965326402   0.0008123892504654063
359.25   0.6896332171777836   0.0008114741934238153
359.5   0.6892708929997398   0.0008105839593510823
359.75   0.688883729334602   0.0008097498128140786
360.   0.6884727382412347   0.0008090033028980047
360.25   0.688031357453683   0.0008083046040301545
360.5   0.6875711955526952   0.0008077859235550212
360.75   0.6870963514459502   0.000807508692501066
361.   0.6866109577925167   0.000807534872672483
361.25   0.6861343140059648   0.0008087139150652064
361.5   0.6856494865422518   0.0008100099402321446
361.75   0.6851545817563173   0.00081116798494783
362.   0.6846476827474051   0.0008119307392323386
362.25   0.6841214763208838   0.000810999278743752
362.5   0.6835815036317372   0.0008095631099922698
362.75   0.683027953137812   0.0008077785603058528
363.   0.6824610098904613   0.000805803385544345
363.25   0.6818780863160658   0.0008039928039512134
363.5   0.6812832281108078   0.0008022335219849702
363.75   0.6806777297425043   0.0008006081478336626
364.   0.6800628915768004   0.0007991999625533005
364.25   0.6794446078723946   0.0007985251971462083
364.5   0.6788177821980612   0.0007980646892788782
364.75   0.6781818775849354   0.000797728989055832
365.   0.6775363476734279   0.000797427884805856
365.25   0.6768783927622255   0.0007967747024889763
365.5   0.6762105826668738   0.000796090789781418
365.75   0.6755332502901686   0.0007954031841416659
366.   0.6748467266823128   0.0007947391287395249
366.25   0.6741512060934823   0.0007941632433617616
366.5   0.6734472044682116   0.0007936512459694143
366.75   0.6727351019346178   0.0007932159765095421
367.   0.6720152772626792   0.0007928703602386617
367.25   0.6712924250252058   0.0007928472731279685
367.5   0.6705608902269512   0.0007928526864781574
367.75   0.6698193046189398   0.0007928110131897741
368.   0.6690662860495235   0.0007926460933858632
368.25   0.668291184524202   0.0007918658121886812
368.5   0.6675055197690213   0.0007909732201868515
368.75   0.6667116044687075   0.0007900581685406445
369.   0.6659117644394491   0.0007892111567602001
369.25   0.6651172219589778   0.0007891357065437979
369.5   0.664317916474501   0.0007890679819818974
369.75   0.663512627352339   0.0007888532378951537
370.   0.6627001219474505   0.0007883356462332287
370.25   0.6618741488932575   0.0007864376605625087
370.5   0.6610404481151163   0.0007842878244985236
370.75   0.6601997718557497   0.0007820986218582767
371.   0.6593528743813951   0.0007800839533007042
371.25   0.6585040186686696   0.0007794156258483945
371.5   0.6576490627948385   0.0007789737480155598
371.75   0.6567873526541986   0.0007785906392294205
372.   0.6559182270103086   0.0007780974962379564
372.25   0.6550378483729579   0.0007766311383461923
372.5   0.6541499703841112   0.000774989423629396
372.75   0.6532551889210003   0.0007732798427433345
373.   0.6523541010914741   0.0007716105548280824
373.25   0.6514447759477223   0.0007704286147931235
373.5   0.6505313477174565   0.0007693708707305571
373.75   0.6496154367086073   0.0007684111653906914
374.   0.6486986705598137   0.0007675231579329075
374.25   0.6477918263532526   0.0007666084498424298
374.5   0.6468837690420537   0.000765740761410533
374.75   0.6459724630994005   0.0007649221823252522
375.   0.6450558583213295   0.0007641548069653538
375.25   0.6441229757343578   0.0007634973678563553
375.5   0.6431841955334328   0.0007628728157364652
375.75   0.6422410166735997   0.0007622604393527916
376.   0.6412949447391376   0.0007616394025606919
376.25   0.6403565066156743   0.0007611121475109758
376.5   0.6394146207611876   0.0007604851158237878
376.75   0.6384671804333868   0.0007596873993563527
377.   0.6375120650236155   0.0007586476957913716
377.25   0.6365366354586628   0.0007567054541739686
377.5   0.6355534273954456   0.0007546117054355663
377.75   0.6345645109121303   0.0007525311850106341
378.   0.6335719658174167   0.0007506295367191387
378.25   0.6325813364743295   0.0007497229112114091
378.5   0.6315898922842061   0.000749070680354869
378.75   0.6305983501458812   0.00074857953151943
379.   0.6296074288710957   0.0007481556326040309
379.25   0.6286178491612396   0.0007477046391329682
379.5   0.6276303335844117   0.0007471317017888121
379.75   0.6266456065527773   0.0007463414743799065
380.   0.6256643943002276   0.0007452381222476694
