310.   0.03699660480191322   0.00006912688936358865
310.25   0.03704422152998592   0.0000692061535032734
310.5   0.03709408806906747   0.00006932054517645919
310.75   0.03714623203522016   0.00006946460144772204
311.   0.037200682212255434   0.0000696327697464325
311.25   0.03725746860029733   0.0000698193992988232
311.5   0.03731662246680414   0.00007001873330261807
311.75   0.03737817640019399   0.00007022490191530207
312.   0.03744216436622912   0.00007043191610926312
312.25   0.03750859924985687   0.0000706128534962683
312.5   0.03757754928819497   0.00007079042988412898
312.75   0.03764906218769798   0.00007096681143645946
313.   0.03772318748885775   0.00007114421042509402
313.25   0.037799868954728214   0.0000713422967425387
313.5   0.03787930986666447   0.00007153916438707662
313.75   0.03796161002047117   0.00007173002589688578
314.   0.03804687240480383   0.00007190998557683127
314.25   0.03813564490628917   0.00007205452262468491
314.5   0.038227423236736335   0.0000721856456225751
314.75   0.03832213922127935   0.00007230613267557865
315.   0.03841972417814533   0.00007241882546441153
315.25   0.03851928627476189   0.00007250611436088915
315.5   0.038621899448819136   0.00007259950408518084
315.75   0.038727832265075514   0.00007271049743388556
316.   0.038837361204617296   0.00007285088518229272
316.25   0.03895155771695923   0.00007309215901463459
316.5   0.039069622006175184   0.00007336417652575004
316.75   0.03919153215074396   0.00007365517276832275
317.   0.03931726725052017   0.00007395308367102359
317.25   0.039446098542136904   0.00007419997998310413
317.5   0.03957899222392566   0.0000744464343942217
317.75   0.039716223807010446   0.00007469821681104292
318.   0.03985807826614571   0.0000749612578634658
318.25   0.04000592065158276   0.0000752878957827458
318.5   0.040158570450179266   0.0000756202014596926
318.75   0.04031590114305779   0.00007594549749347066
319.   0.040477784797567196   0.0000762507386781805
319.25   0.040642999981395506   0.00007644128455446016
319.5   0.04081293137661623   0.00007661600404747991
319.75   0.040987899396369494   0.00007679430964855294
320.   0.04116823695037342   0.00007699621249025833
320.25   0.041354618786327645   0.00007730274269926259
320.5   0.04154694920665353   0.00007765144708505015
320.75   0.041745466592087874   0.0000780392459204549
321.   0.04195042051863601   0.00007846297527412588
321.25   0.04216199871295282   0.00007893734832039283
321.5   0.042380577495363385   0.0000794341099607364
321.75   0.04260647512099764   0.00007994232397789548
322.   0.04284002523097256   0.00008045068062183023
322.25   0.043082228790363754   0.00008089182982115802
322.5   0.04333255144460144   0.00008133073217935764
322.75   0.043591107308592336   0.00008177805879621328
323.   0.043858020040805704   0.00008224488469899772
323.25   0.044132539807206446   0.00008278026173758293
323.5   0.044416034816032686   0.00008334417764394042
323.75   0.044709031932227764   0.00008393335614848688
324.   0.04501208568288688   0.00008454440639148124
324.25   0.04532663068771995   0.00008515763916903634
324.5   0.045652106603404005   0.00008579178484595557
324.75   0.04598880605205775   0.00008644985892427574
325.   0.04633704273935725   0.00008713502375932052
325.25   0.0466964098361717   0.00008785220434543643
325.5   0.04706829537909523   0.00008860267676728626
325.75   0.04745340043342728   0.00008938943976737531
326.   0.04785246953616864   0.00009021565775874205
326.25   0.048266187965999   0.00009112034881692086
326.5   0.04869554491084077   0.00009205780372047909
326.75   0.049141483111463796   0.00009301665034734602
327.   0.04960500757795224   0.00009398496631381183
327.25   0.05008789367360537   0.0000948959553850649
327.5   0.05059031905095218   0.0000958112767106488
327.75   0.05111321115811861   0.000096740169220195
328.   0.051657568313770316   0.00009769239926039148
328.25   0.05222455463515121   0.00009869551107124647
328.5   0.052815209243880445   0.00009973679832409033
328.75   0.05343074809577815   0.00010082055979357995
329.   0.054072487091902835   0.00010195139991615319
329.25   0.05474091349156911   0.0001031257689287452
329.5   0.055438864429125975   0.00010436064926485856
329.75   0.056168425729980126   0.00010566542278312954
330.   0.056931859119412856   0.00010705017401217598
330.25   0.057732174196878004   0.00010855903357182454
330.5   0.05857128636297397   0.00011015810849081141
330.75   0.05945187037410598   0.00011184564415131003
331.   0.06037685209607646   0.00011361986494874435
331.25   0.06134958105650696   0.00011544727277574066
331.5   0.0623733835610913   0.00011736940226192744
331.75   0.06345207259375235   0.00011939828937128125
332.   0.06458985462058237   0.00012154712137188384
332.25   0.0657916832523562   0.00012386096549457244
332.5   0.06706230056987157   0.00012631408570996352
332.75   0.06840729952228054   0.00012891057331491183
333.   0.06983291232009732   0.00013165511594612098
333.25   0.07134468904188153   0.000134512896426788
333.5   0.07295235074765166   0.0001375446469933292
333.75   0.07466529878732743   0.0001407754479142627
334.   0.0764941206890875   0.00014423342332186922
334.25   0.07845113001296243   0.0001480222169433223
334.5   0.08054942041890505   0.00015208031328273257
334.75   0.0828042736964791   0.00015641544816668884
335.   0.0852331535521784   0.00016103672463658764
335.25   0.08785983361843612   0.00016580498022810135
335.5   0.0907023906571308   0.00017093396825500535
335.75   0.09378581397471666   0.00017650827221846806
336.   0.09713918087135731   0.00018262593943671164
336.25   0.10079007277609225   0.00018958358429249406
336.5   0.1047869877202423   0.00019727300689058547
336.75   0.10918022041637575   0.00020576565163291444
337.   0.11402955600917601   0.00021514653651306338
337.25   0.11941118337567228   0.00022537737996866238
337.5   0.12540507947380786   0.00023676412687501905
337.75   0.13211334361136365   0.00024952383761243685
338.   0.13966063568561474   0.000263922026290174
338.25   0.14820149076021782   0.0002805101942988577
338.5   0.15792444311144047   0.0002994066096662869
338.75   0.1690663096987056   0.0003210046968816512
339.   0.18192517773922168   0.0003457959567015335
339.25   0.19686794562703688   0.00037398158787282573
339.5   0.21439081135689964   0.0004068603783903695
339.75   0.23511849235963195   0.0004456480288952748
340.   0.2598543689012914   0.0004919156754301818
340.25   0.28964542446365377   0.0005480744658670295
340.5   0.32577385412396476   0.0006162556990402841
340.75   0.3698271425813625   0.0006994444884764082
341.   0.4236195447939805   0.0008010436208871218
341.25   0.488898506303568   0.0009240650204074195
341.5   0.5666366260883988   0.001070554755859628
341.75   0.6554647198297122   0.0012379839131092486
342.   0.7493178641974548   0.0014150076564822252
342.25   0.8355718359582301   0.0015784092803552206
342.5   0.8972338219508637   0.001695705688014819
342.75   0.9218088567682612   0.0017431507127249526
343.   0.9108624937772828   0.0017234963263650415
343.25   0.8791767382819098   0.0016639657609093216
343.5   0.844053967454137   0.0015979615827753989
343.75   0.8162009613923591   0.0015458549607616447
344.   0.7980438743931106   0.0015123495819443597
344.25   0.7870291822820821   0.001493396462533919
344.5   0.7797150153826398   0.0014816362078792387
344.75   0.7739333145644388   0.001472805144816349
345.   0.7688605324555972   0.0014651828929065586
345.25   0.764383498968602   0.0014578961711996003
345.5   0.7605840683530033   0.0014516492567396703
345.75   0.7575162075908084   0.0014465873597369913
346.   0.7551473030430524   0.0014426891875659316
346.25   0.7533815228504918   0.0014398001052198356
346.5   0.7521137284238777   0.0014377742536424974
346.75   0.7512393105620933   0.0014364549262829663
347.   0.7506688309013482   0.001435714353986334
347.25   0.7503256423398517   0.0014357116184191897
347.5   0.7501588538980042   0.001436027441445161
347.75   0.7501260231155134   0.001436518680263225
348.   0.7501947550273738   0.0014370604520323818
348.25   0.7503489425049912   0.0014372825357503928
348.5   0.7505580160928739   0.0014374458787933247
348.75   0.7508043752390283   0.001437563082092934
349.   0.7510738566365232   0.0014376539414763967
349.25   0.7513462401874407   0.001437865072732411
349.5   0.7516241481567126   0.0014380575760534458
349.75   0.7519031940475503   0.0014382159004477236
350.   0.7521802676866984   0.0014383268527057385
350.25   0.7524551412876065   0.0014381940194319294
350.5   0.7527239152882077   0.0014380656050399106
350.75   0.7529851878599755   0.0014380081833463337
351.   0.7532380741919955   0.0014380902600254365
351.25   0.7534953617414547   0.0014389214570022515
351.5   0.7537384499624077   0.0014398214008579271
351.75   0.753962112471593   0.001440643993919767
352.   0.7541612877697024   0.001441241617256883
352.25   0.7543152569000245   0.001440728836814113
352.5   0.7544411969309144   0.0014399818136959536
352.75   0.7545407578350914   0.001439147492254804
353.   0.7546157215885004   0.0014383749446843974
353.25   0.7546653187767881   0.001438520770716248
353.5   0.7546952640170691   0.0014387539847311311
353.75   0.7547087237512877   0.0014389430520871627
354.   0.7547089545193187   0.0014389548875438651
354.25   0.7547184939251431   0.0014378717016525254
354.5   0.7547139659087203   0.0014366500026747402
354.75   0.7546910521580218   0.0014354701464379459
355.   0.7546454052154293   0.0014345146846196997
355.25   0.7545541272188856   0.0014350027431837755
355.5   0.7544386425212567   0.0014356777247878278
355.75   0.7543020140529891   0.001436308713353735
356.   0.7541473495894858   0.001436662143431636
356.25   0.7539906112381595   0.0014355895964165612
356.5   0.7538171081036081   0.001434125446494977
356.75   0.7536248700834337   0.0014323984355159366
357.   0.7534119066919347   0.001430538775349294
357.25   0.7531733845802515   0.001428981565613142
357.5   0.7529112085899679   0.001427436334107001
357.75   0.7526244668510294   0.0014259145465804713
358.   0.7523122366289104   0.0014244277780410283
358.25   0.7519616303344531   0.001422943391104709
358.5   0.7515883878703418   0.0014215350434765915
358.75   0.7511963946307243   0.0014202325684298674
359.   0.7507895717261603   0.0014190660670417618
359.25   0.750377179394143   0.0014173085169822005
359.5   0.7499558019432151   0.001416047896135338
359.75   0.7495273135253947   0.001415621773721476
360.   0.7490935997554994   0.0014163708811827302
360.25   0.7486759734784103   0.0014213055852903497
360.5   0.7482492333066035   0.0014270499137934807
360.75   0.7478074371931015   0.001432874454048376
361.   0.747344580703433   0.001438042796402993
361.25   0.7468315701305367   0.00143927952051829
361.5   0.7462944333080699   0.0014393703187312373
361.75   0.7457363016040017   0.001438583139535869
362.   0.7451603302933418   0.0014371885004974317
362.25   0.7445787184357927   0.001435848184333429
362.5   0.7439820710957107   0.001434294856980144
362.75   0.7433699640488963   0.0014326492880348816
363.   0.7427419638777902   0.0014310333128237324
363.25   0.7420890977516339   0.001429881354696125
363.5   0.7414228274198408   0.001428882243975375
363.75   0.74074614125465   0.0014280349592585792
364.   0.7400620473506772   0.0014273384341578577
364.25   0.7393861685936404   0.0014269837610442508
364.5   0.7387039594756943   0.0014267013307977432
364.75   0.7380133947299543   0.0014264122701464312
365.   0.7373124267825573   0.0014260370465146957
365.25   0.7365904737240176   0.0014252649742513615
365.5   0.7358573345276872   0.001424337215075738
365.75   0.7351143358071215   0.0014232654483929796
366.   0.7343628097776198   0.0014220614511774386
366.25   0.7336107754565526   0.001420723510740915
366.5   0.7328502427779767   0.001419282570055965
366.75   0.732079861758985   0.0014177561727203457
367.   0.731298267468934   0.0014161619930812205
367.25   0.7304991459149228   0.0014148844055287145
367.5   0.7296879962982613   0.0014134292253850282
367.75   0.7288654024609491   0.001411666518159692
368.   0.7280319486195113   0.0014094654124279958
368.25   0.7271862079036054   0.0014056225648675384
368.5   0.7263315754774308   0.0014015024080614182
368.75   0.7254694485323671   0.0013974038307352013
369.   0.7246012303070183   0.0013936278323011793
369.25   0.7237340382043176   0.001391399792161455
369.5   0.7228613117974578   0.0013897362073085379
369.75   0.7219821685648165   0.0013885721451526094
370.   0.7210957160217959   0.001387842168034241
370.25   0.7201988051040501   0.0013877886166822392
370.5   0.7192936632294807   0.0013879143029347752
370.75   0.7183802753020524   0.0013880279387492706
371.   0.717458622835846   0.0013879369336806308
371.25   0.7165266814164402   0.0013868691091824621
371.5   0.7155872242908352   0.001385437429939981
371.75   0.7146410307851523   0.0013836787488480833
372.   0.7136888822152971   0.0013816301872104431
372.25   0.7127361753682818   0.0013794731449615198
372.5   0.7117772483554861   0.0013770440442910565
372.75   0.7108110281020851   0.0013743227263676976
373.   0.7098364318663245   0.0013712889152965304
373.25   0.7088450652422399   0.0013671442557987971
373.5   0.7078460314469605   0.0013629554537940016
373.75   0.7068411632027299   0.0013590154912972022
374.   0.7058323018929356   0.0013556191287109516
374.25   0.7048270368532703   0.0013543855286205428
374.5   0.7038192051027503   0.001353764413817144
374.75   0.702808360161664   0.0013535226990147285
375.   0.7017940501761111   0.0013534258656573174
375.25   0.7007792081365719   0.0013529918361370843
375.5   0.6997586334303043   0.0013523273151353674
375.75   0.698730492523663   0.0013512927792856087
376.   0.697692939026832   0.0013497479116591127
376.25   0.696630706450183   0.001346444581929322
376.5   0.6955606630739293   0.0013427882428109724
376.75   0.6944863263362645   0.0013390822358522961
377.   0.6934112314960567   0.0013356316226009462
377.25   0.6923486783061534   0.001333914279035028
377.5   0.6912886128721949   0.001332601667012131
377.75   0.6902306966020719   0.0013315321761092633
378.   0.6891745865870021   0.0013305432826431285
378.25   0.6881266369610141   0.00132903866182849
378.5   0.6870771290044095   0.0013274591309718883
378.75   0.6860230085671611   0.0013258138305160907
379.   0.6849612032408217   0.0013241119499649118
379.25   0.6838886226066088   0.0013223627270838717
379.5   0.6828021584794383   0.0013205754471506488
379.75   0.6816986851479852   0.0013187594422563456
380.   0.6805750596108613   0.0013169240906586977
