310.   0.004686049129403569   8.102287809517663e-6
310.25   0.004680640656877311   8.092130326927215e-6
310.5   0.004675330919685897   8.082561553186131e-6
310.75   0.004670126590803194   8.073528144985757e-6
311.   0.00466503443531543   8.064976266464731e-6
311.25   0.004660061313317444   8.056851574144195e-6
311.5   0.00465521418291831   8.04909920133584e-6
311.75   0.004650500103360901   8.041663741998629e-6
312.   0.0046459262382613185   8.03448923402055e-6
312.25   0.0046415191971052394   8.027335568485874e-6
312.5   0.004637259377112896   8.020401785784245e-6
312.75   0.0046331464314388945   8.013704613634994e-6
313.   0.004629180039948345   8.007261023212059e-6
313.25   0.004625320085472896   8.001523718053437e-6
313.5   0.004621621870314574   7.99590256923936e-6
313.75   0.004618101323922767   7.990238581653236e-6
314.   0.004614774603775792   7.984370881975422e-6
314.25   0.004611766153062694   7.977022093950645e-6
314.5   0.004608941871181583   7.969582295219915e-6
314.75   0.004606274767460105   7.962337226297479e-6
315.   0.004603737554384312   7.955576238413159e-6
315.25   0.0046011620611944234   7.950671974353165e-6
315.5   0.00459871646194949   7.94641554217758e-6
315.75   0.004596429642354002   7.942669193459043e-6
316.   0.004594330906103214   7.93929350100815e-6
316.25   0.004592574386430928   7.935797312371839e-6
316.5   0.004591016778894981   7.932525775795524e-6
316.75   0.004589638149109289   7.929476385912417e-6
317.   0.004588418344561241   7.926646679073712e-6
317.25   0.004587251349600162   7.923693228505528e-6
317.5   0.004586235966316908   7.921089162829344e-6
317.75   0.004585386189223228   7.918970918566633e-6
318.   0.004584716266131152   7.917476986938757e-6
318.25   0.004584230650071466   7.917567467879357e-6
318.5   0.004583958147373255   7.918242716717282e-6
318.75   0.004583917922022233   7.919314146672048e-6
319.   0.004584129495099756   7.9205905123177e-6
319.25   0.00458472946158042   7.921379886842506e-6
319.5   0.004585575429985182   7.922179447654156e-6
319.75   0.004586640516643389   7.92299228745586e-6
320.   0.0045878975033179885   7.92382162082736e-6
320.25   0.0045892087420215215   7.924204073799084e-6
320.5   0.004590699717573427   7.924793533884479e-6
320.75   0.004592387035994166   7.925784001585608e-6
321.   0.004594287660409017   7.92737278407106e-6
321.25   0.004596444618961293   7.930571392679012e-6
321.5   0.0045988398394353775   7.934454551373108e-6
321.75   0.004601480961733155   7.938899292019054e-6
322.   0.004604375866925737   7.943780771975205e-6
322.25   0.004607535406243515   7.948418026765385e-6
322.5   0.004610964192327862   7.953454149748007e-6
322.75   0.004614669789779486   7.958984701092583e-6
323.   0.004618660033564525   7.965107186782003e-6
323.25   0.004622953315995252   7.972283150626729e-6
323.5   0.004627543747235441   7.980110148564655e-6
323.75   0.004632435853278408   7.988543946264515e-6
324.   0.004637634407988565   7.997539775741138e-6
324.25   0.004643133049540784   8.007122265942608e-6
324.5   0.004648952954639506   8.017148134920627e-6
324.75   0.0046551043935486374   8.027542226017542e-6
325.   0.004661598038679331   8.038228173624783e-6
325.25   0.004668450354167493   8.048306370342412e-6
325.5   0.004675665413565101   8.058841818619329e-6
325.75   0.004683253030972946   8.070091394096266e-6
326.   0.004691223471866097   8.082317819276418e-6
326.25   0.004699600454846289   8.096909539542584e-6
326.5   0.004708377176689679   8.112584322719797e-6
326.75   0.004717560090710346   8.12916434476559e-6
327.   0.004727156095774615   8.146468395585254e-6
327.25   0.00473714391243822   8.163585145120842e-6
327.5   0.004747571262774651   8.181336497793637e-6
327.75   0.004758458350769669   8.19982900684928e-6
328.   0.004769826240509139   8.219172392628339e-6
328.25   0.004781723418634616   8.239559151862116e-6
328.5   0.0047941359883579265   8.260995510199233e-6
328.75   0.004807077008747724   8.283569123265449e-6
329.   0.004820560358071554   8.307370795185492e-6
329.25   0.0048345624168597365   8.332917555643784e-6
329.5   0.004849152193519261   8.359719594097756e-6
329.75   0.0048643622376902396   8.387703753382632e-6
330.   0.0048802266204971126   8.416796055015542e-6
330.25   0.004896847728502178   8.446742802580843e-6
330.5   0.00491417040714142   8.477716668532955e-6
330.75   0.00493220636695389   8.509715095854103e-6
331.   0.004950968501871663   8.542736815506813e-6
331.25   0.004970412166896729   8.576137414653707e-6
331.5   0.004990634548113604   8.610813010035761e-6
331.75   0.0050116771260596575   8.647034479224726e-6
332.   0.0050335838076228925   8.685083213411843e-6
332.25   0.005056430294134369   8.726498290472348e-6
332.5   0.005080225515032743   8.769856224145293e-6
332.75   0.00510500979347767   8.814956158050577e-6
333.   0.0051308263812425165   8.861593131377542e-6
333.25   0.005157697869068861   8.908735280061087e-6
333.5   0.0051857072417998374   8.95730838253483e-6
333.75   0.005214918213938821   9.007437251370131e-6
334.   0.005245399067106703   9.059254759306606e-6
334.25   0.005277205199309677   9.11250188615456e-6
334.5   0.005310440172286551   9.167884687464588e-6
334.75   0.005345196346570851   9.225733272368342e-6
335.   0.005381573089298988   9.2863966307306e-6
335.25   0.00541975269756814   9.350719893216404e-6
335.5   0.0054597469150832025   9.418438470204979e-6
335.75   0.005501649275664173   9.489769959917037e-6
336.   0.0055455624228041   9.564950514884255e-6
336.25   0.005591537234983117   9.644573842418876e-6
336.5   0.005639783507387891   9.728454963816472e-6
336.75   0.005690464616211968   9.816757194769534e-6
337.   0.005743759832608914   9.909665583770115e-6
337.25   0.0057998927826874176   0.000010007085769815918
337.5   0.005859044685679949   0.000010109674620102739
337.75   0.005921445033985483   0.00001021783183285384
338.   0.005987349089191574   0.000010332001748872091
338.25   0.006057034145443316   0.000010452887096849014
338.5   0.006130829375321072   0.000010580757479922093
338.75   0.006209096194396306   0.000010716146343313466
339.   0.006292241943758544   0.00001085966008516416
339.25   0.006380726402545022   0.000011011649226950519
339.5   0.006475074961162978   0.000011173373254218794
339.75   0.006575886059576407   0.000011345890811860518
340.   0.00668384609535119   0.000011530413254635503
340.25   0.006799770063526065   0.000011728342248225821
340.5   0.006924542980928648   0.000011941278629906378
340.75   0.007059223970872637   0.000012171094857841865
341.   0.007205056411622937   0.00001241998428059052
341.25   0.0073634441141207626   0.000012690115525942173
341.5   0.007536224184007761   0.000012985127898254643
341.75   0.007725521683463879   0.000013308886221182807
342.   0.007933900869406521   0.000013666036653203866
342.25   0.00816452391834133   0.000014063466986350145
342.5   0.008421156531769915   0.000014506376738718487
342.75   0.008708502407416328   0.000015002670484519328
343.   0.009032412280967858   0.000015562202670691557
343.25   0.009400230834727416   0.000016196351587752688
343.5   0.009821051909181103   0.000016921819997656405
343.75   0.010306212276954744   0.00001775826131175203
344.   0.010869531848206935   0.000018729635386810623
344.25   0.011527149857605815   0.000019864636243259373
344.5   0.012296524076455843   0.0000211926859693139
344.75   0.013193570570505608   0.000022741156065875746
345.   0.014227951075960369   0.00002452660821333198
345.25   0.01539765080971777   0.000026544794766278775
345.5   0.016686650321358257   0.000028768666038457188
345.75   0.018067403188653405   0.00003115076134784448
346.   0.019507641339715612   0.00003363547960896324
346.25   0.02097725784707467   0.000036174626126287776
346.5   0.022451283423331445   0.00003872049177966228
346.75   0.023911526853299954   0.00004123976543556809
347.   0.025345605503523296   0.00004370873810417653
347.25   0.026745315268983588   0.000046097603189905836
347.5   0.028106437504898663   0.00004841294197961466
347.75   0.02942671666346257   0.000050654030348216344
348.   0.030705399933412373   0.00005282347078570025
348.25   0.031942802700463346   0.00005494013387237974
348.5   0.03313965014200349   0.00005699217851096551
348.75   0.034297122689490575   0.00005898084162903563
349.   0.03541661363235323   0.00006090746870995206
349.25   0.03649979131979009   0.00006277133537237107
349.5   0.03754796911207841   0.00006457627938324789
349.75   0.0385626030390357   0.00006632413725917624
350.   0.03954510821235533   0.00006801658061842374
350.25   0.040496678333637445   0.00006965281996143545
350.5   0.04141882848302306   0.00007123722836460935
350.75   0.04231285492962515   0.00007277192103882801
351.   0.04317998916767801   0.00007425890301231726
351.25   0.04402123759425084   0.00007570058656950554
351.5   0.044837925176752585   0.00007709805683778816
351.75   0.045631169292827026   0.00007845277268547478
352.   0.04640203629297911   0.00007976607977067011
352.25   0.04715241089278635   0.00008103452069049031
352.5   0.04788207998131644   0.00008226566634587323
352.75   0.04859159572814518   0.00008346261845639758
353.   0.04928144687810335   0.00008462852384701793
353.25   0.049951073197143404   0.00008577152090630488
353.5   0.05060220676777591   0.00008688805359907675
353.75   0.05123559662355024   0.00008797926314623266
354.   0.051851966849888624   0.0000890462140535445
354.25   0.05245216818915476   0.0000900911359774482
354.5   0.05303667464548837   0.00009111325111746771
354.75   0.05360608251230618   0.00009211289016391433
355.   0.05416096688779307   0.00009309029693547429
355.25   0.0547023690666429   0.00009405222535878292
355.5   0.05523015623725099   0.00009498966659292506
355.75   0.055744641598421976   0.00009589981876996627
356.   0.056246112984778406   0.00009677967793375344
356.25   0.05673451093618313   0.00009760498206541065
356.5   0.057210523312627076   0.00009840143666738444
356.75   0.05767450699373975   0.00009917440027515725
357.   0.05812680441397329   0.0000999294363171751
357.25   0.05856769764197532   0.00010069004334111036
357.5   0.05899756750746055   0.00010143765292538876
357.75   0.05941673785717275   0.00010217093371588145
358.   0.05982552200869708   0.00010288844697218823
358.25   0.06022446812423739   0.0001035861142636273
358.5   0.0606135315088112   0.00010426580328093021
358.75   0.0609928947369154   0.00010492683887392728
359.   0.06136272840858274   0.00010556849030239932
359.25   0.06172283826546917   0.00010618560059360798
359.5   0.06207386232801235   0.00010678339153101294
359.75   0.06241608636864308   0.00010736280543867018
360.   0.06274979118648238   0.00010792479715038722
360.25   0.06307538313898041   0.00010846854973155106
360.5   0.06339295343988455   0.00010899751694218552
360.75   0.06370271547080088   0.00010951343488224039
361.   0.06400487708024687   0.00011001807518071596
361.25   0.06429984589689039   0.00011051779557056032
361.5   0.06458753503538016   0.00011100812221665245
361.75   0.06486805210134451   0.00011148903759267138
362.   0.06514149769920481   0.00011196050227697151
362.25   0.06540761942114073   0.00011242351551692323
362.5   0.06566698542157583   0.00011287652480412052
362.75   0.0659198204893556   0.00011331898963132603
363.   0.06616634734057335   0.0001137503382364578
363.25   0.06640734017558594   0.00011416755104547038
363.5   0.0666422492310322   0.00011457335413907014
363.75   0.06687106276595442   0.00011496808722664717
364.   0.06709376156541198   0.00011535208764108924
364.25   0.06730964976016994   0.00011572550301252392
364.5   0.0675196241249011   0.00011608892696175062
364.75   0.06772392079597069   0.00011644276807560586
365.   0.0679227759914085   0.00011678743504747949
365.25   0.06811713107553932   0.00011712496345636086
365.5   0.0683062424289559   0.00011745350094688958
365.75   0.06849005618332925   0.00011777278647402808
366.   0.06866851207172993   0.00011808254403977835
366.25   0.06884072250812798   0.00011838026652181443
366.5   0.06900775690158012   0.00011866873186946126
366.75   0.06916987472289464   0.0001189485336618966
367.   0.0693273370395506   0.0001192202717769723
367.25   0.06948092760498113   0.00011948493391112547
367.5   0.06963018572132737   0.00011974260147291281
367.75   0.06977516311904082   0.00011999373605179684
368.   0.06991590870797024   0.00012023880204882278
368.25   0.07005253301368258   0.00012048590082163751
368.5   0.07018498998388611   0.00012072487788290105
368.75   0.07031329413155071   0.00012095307286999531
369.   0.07043745693653769   0.00012116776654230542
369.25   0.07055741978796677   0.00012135184130735577
369.5   0.07067328179310854   0.0001215224270663243
369.75   0.07078507331225309   0.00012168251282558697
370.   0.07089282248616258   0.00012183514328659312
370.25   0.07099624573090584   0.00012199213224290918
370.5   0.07109579798066044   0.00012214449845664925
370.75   0.07119162781087761   0.00012229188000917484
371.   0.07128388407148827   0.0001224339030360802
371.25   0.07137282981151866   0.00012256529721719776
371.5   0.07145845580412673   0.00012269246902567066
371.75   0.07154086519528483   0.0001228170081288754
372.   0.07162016064756768   0.0001229405274253924
372.25   0.07169660650849434   0.00012307390569180337
372.5   0.07177007864822406   0.00012320592455211115
372.75   0.07184061214806262   0.0001233344874642935
373.   0.07190824059863768   0.00012345745763797148
373.25   0.07197270846575814   0.00012356274176128474
373.5   0.07203444730870809   0.000123661942976474
373.75   0.07209360390345554   0.00012375685652096875
374.   0.07215032552373318   0.00012384930383079758
374.25   0.07220580737982124   0.00012395201597348044
374.5   0.07225873795167378   0.00012405169697967333
374.75   0.07230883873556165   0.00012414580467332196
375.   0.0723558252604667   0.00012423175429157734
375.25   0.07239830242943208   0.00012429285670196948
375.5   0.072437514098584   0.00012434604611353034
375.75   0.07247360880705168   0.0001243943460645469
376.   0.07250673607293535   0.00012444082358751377
376.25   0.07253685541198332   0.00012449948488909567
376.5   0.07256438452441318   0.00012455829074432126
376.75   0.07258955360368871   0.0001246159965246765
377.   0.07261259488002703   0.00012467133636814593
377.25   0.07263440455278167   0.00012472327703721238
377.5   0.07265429582952376   0.00012477015766008455
377.75   0.07267223745990445   0.00012481054741365937
378.   0.07268819649613491   0.0001248429941151433
378.25   0.07270204634523739   0.00012485592317963373
378.5   0.07271387902547506   0.00012486192793598351
378.75   0.07272369408942304   0.00012486360311778376
379.   0.07273148999524855   0.0001248635768599387
379.25   0.07273726412685691   0.00012486451022759168
379.5   0.07274101281350026   0.000124869096754596
379.75   0.0727427313488705   0.00012488006199125462
380.   0.07274241400969818   0.00012490016306106476
