310.   0.000023868069321634295   2.1128835811207047e-8
310.25   0.000023865061885595877   2.111890235506604e-8
310.5   0.000023862780353649144   2.1112136098060314e-8
310.75   0.000023861215578185146   2.110815322427451e-8
311.   0.000023860358457979542   2.110656619388657e-8
311.25   0.000023860199940014586   2.1106983628811263e-8
311.5   0.000023860731021400303   2.1109010194294433e-8
311.75   0.000023861942751397846   2.111224647627504e-8
312.   0.000023863826233553605   2.1116288854327325e-8
312.25   0.00002386630138637515   2.112035298183397e-8
312.5   0.000023869458842784028   2.1124551656015776e-8
312.75   0.000023873318781511015   2.112862050536833e-8
313.   0.00002387790178399717   2.1132292184720152e-8
313.25   0.00002388324762633033   2.1132672852555065e-8
313.5   0.00002388935153623254   2.113314930615479e-8
313.75   0.000023896227766092563   2.113450945102703e-8
314.   0.00002390389093620587   2.1137550803922907e-8
314.25   0.000023912375531985514   2.114656691399324e-8
314.5   0.00002392166976743564   2.115751212394862e-8
314.75   0.000023931781534542782   2.1169799021989276e-8
315.   0.000023942719048383754   2.1182833169990217e-8
315.25   0.0000239544982529733   2.1194127794513608e-8
315.5   0.00002396711773319063   2.120570310458505e-8
315.75   0.0000239805837438003   2.121770813809565e-8
316.   0.000023994902874784865   2.1230294046469607e-8
316.25   0.00002401003791563703   2.1243733927571234e-8
316.5   0.00002402605773883626   2.1258016367843277e-8
316.75   0.00002404298797381377   2.1273250624290442e-8
317.   0.000024060854890010555   2.1289547713702535e-8
317.25   0.00002407974281848343   2.130895275451996e-8
317.5   0.000024099599349874775   2.1328886098197405e-8
317.75   0.00002412042947160436   2.1348678160082366e-8
318.   0.000024142238580514035   2.1367650036448778e-8
318.25   0.000024164970251435352   2.1380776600322408e-8
318.5   0.00002418871753838578   2.1393405108179516e-8
318.75   0.000024213512525224738   2.1406592562974976e-8
319.   0.00002423938816420314   2.1421411863815577e-8
319.25   0.00002426640574614136   2.1441894413494264e-8
319.5   0.000024294561830824348   2.1465045952324524e-8
319.75   0.000024323881019445763   2.1490791781612708e-8
320.   0.000024354388761192466   2.1519056738391162e-8
320.25   0.000024386113692941397   2.1550841633856606e-8
320.5   0.000024419079865782225   2.1584570199686664e-8
320.75   0.000024453314566612685   2.161972668472323e-8
321.   0.000024488846077238753   2.1655787527452056e-8
321.25   0.000024525701767650165   2.1690922151598635e-8
321.5   0.00002456391476982201   2.1726400129402498e-8
321.75   0.000024603517432824328   2.176220287284719e-8
322.   0.000024644543314005168   2.179831187542898e-8
322.25   0.00002468704239708413   2.1833226453328516e-8
322.5   0.000024731029715957394   2.1868992986742617e-8
322.75   0.00002477653661767771   2.1906199116861832e-8
323.   0.000024823595797034226   2.1945443717996078e-8
323.25   0.00002487223582352478   2.1989796671206362e-8
323.5   0.000024922500012369755   2.2036456173261763e-8
323.75   0.000024974427794910432   2.2085051622141275e-8
324.   0.000025028060293250642   2.2135206379011833e-8
324.25   0.000025083436409035415   2.218518021874407e-8
324.5   0.0000251406064879549   2.2236473159076778e-8
324.75   0.00002519961892136722   2.2289244855799107e-8
325.   0.000025260524217753233   2.2343659126736784e-8
325.25   0.000025323319804413625   2.2400114889241554e-8
325.5   0.000025388137764038636   2.2458463836083356e-8
325.75   0.000025455058380985646   2.2518788951306528e-8
326.   0.000025524165064308337   2.2581176271469003e-8
326.25   0.00002559567648774927   2.2646634628221672e-8
326.5   0.000025669499266233788   2.271397737541214e-8
326.75   0.000025745673082477623   2.2782922994768312e-8
327.   0.000025824240288334554   2.2853185115981524e-8
327.25   0.000025905068204694103   2.2922045349186414e-8
327.5   0.000025988452394694737   2.2992581957298004e-8
327.75   0.00002607451747405361   2.3065491252382138e-8
328.   0.000026163393270901382   2.3141488061184593e-8
328.25   0.000026255355612823384   2.322403528997436e-8
328.5   0.000026350350513363218   2.3310095285103824e-8
328.75   0.000026448467602287228   2.3399320283484993e-8
329.   0.00002654980168500777   2.3491356451028755e-8
329.25   0.00002665439519627647   2.3585005774591444e-8
329.5   0.000026762434842230195   2.3681065359205798e-8
329.75   0.000026874057138613387   2.3779507318216005e-8
330.   0.000026989406066538977   2.388030600789591e-8
330.25   0.000027108659801686023   2.398145844826761e-8
330.5   0.000027231942556888524   2.408569322420958e-8
330.75   0.00002735941330391036   2.4193812367760736e-8
331.   0.000027491240625245066   2.430664571227637e-8
331.25   0.000027627626615046887   2.4427197839389604e-8
331.5   0.000027768729254216844   2.4553383496339176e-8
331.75   0.000027914741117240264   2.468523790333449e-8
332.   0.000028065867525983074   2.4822804051403396e-8
332.25   0.000028222275620533007   2.49664064623235e-8
332.5   0.000028384271623875472   2.5115727216181552e-8
332.75   0.000028552127590651234   2.5270723492620968e-8
333.   0.000028726134064897522   2.5431359553942273e-8
333.25   0.00002890660210261805   2.5597100683478415e-8
333.5   0.000029093863867252733   2.5768629925303978e-8
333.75   0.00002928827591038891   2.594614948048013e-8
334.   0.00002949022109639983   2.61298804676198e-8
334.25   0.00002970016305731286   2.631981554955087e-8
334.5   0.00002991847342759504   2.6516564650658488e-8
334.75   0.000030145608867793535   2.6720522559269062e-8
335.   0.000030382063698864995   2.693211656893112e-8
335.25   0.0000306282820333825   2.7151081739315538e-8
335.5   0.000030884973111187216   2.7378927982217357e-8
335.75   0.00003115280924112366   2.76165096545865e-8
336.   0.00003143252181851955   2.786474501646542e-8
336.25   0.00003172498224445991   2.8125516094726912e-8
336.5   0.000032030959619831795   2.8398659530583144e-8
336.75   0.000032351376853961125   2.8684954970425438e-8
337.   0.00003268724868077161   2.8985262021983634e-8
337.25   0.00003303970815742221   2.9301084738861317e-8
337.5   0.000033409971483988827   2.9632712317775725e-8
337.75   0.000033799402629663137   2.9981077834432376e-8
338.   0.00003420951817316592   3.034723363197744e-8
338.25   0.000034641939243984355   3.0730359950560216e-8
338.5   0.000035098655682786354   3.113456679528601e-8
338.75   0.0000355818237251702   3.15622498718272e-8
339.   0.000036093872233748744   3.201607845343124e-8
339.25   0.00003663760280197131   3.2501407516766425e-8
339.5   0.000037216060615508995   3.3018352591825664e-8
339.75   0.00003783278183819783   3.356968221088023e-8
340.   0.00003849182228275723   3.4158599025129366e-8
340.25   0.00003919783525679028   3.478706425166678e-8
340.5   0.00003995627139935947   3.546182529383435e-8
340.75   0.0000407734601088971   3.61887588743831e-8
341.   0.00004165682645093309   3.6974738655591286e-8
341.25   0.000042615154712136295   3.7829166098931934e-8
341.5   0.00004365885022815622   3.875987222252394e-8
341.75   0.00004480039757931414   3.977774788811428e-8
342.   0.000046054869663402825   4.089596212668074e-8
342.25   0.000047440585665381026   4.212981212937527e-8
342.5   0.00004898007506059   4.3500011543097984e-8
342.75   0.00005070115429337425   4.503128644147879e-8
343.   0.00005263842842438989   4.675439490063379e-8
343.25   0.00005483524721771438   4.870838711611208e-8
343.5   0.0000573455655430036   5.0940523923739354e-8
343.75   0.000060236564932848776   5.351025524028399e-8
344.   0.00006359021426329529   5.6490109333460166e-8
344.25   0.00006750220917006276   5.996233888218112e-8
344.5   0.00007207674455689726   6.402209132973583e-8
344.75   0.00007740924529739488   6.875474449500434e-8
345.   0.00008355881581844794   7.421363635006014e-8
345.25   0.00009051721614912349   8.039591881568386e-8
345.5   0.00009819155339220627   8.721651015746086e-8
345.75   0.00010642146485959671   9.453318665239142e-8
346.   0.00011501802765770397   1.0217826773707819e-7
346.25   0.0001238024797557563   1.0999328575172877e-7
346.5   0.00013262959888066985   1.1784866656651295e-7
346.75   0.0001413922877909028   1.2564877576019938e-7
347.   0.0001500175240053265   1.3332805357012744e-7
347.25   0.00015845902705164628   1.4084218054042452e-7
347.5   0.00016668906709644884   1.4816855372140536e-7
347.75   0.00017469329351113788   1.552944320469084e-7
348.   0.00018246614355635183   1.622149317358493e-7
348.25   0.00019000697684282012   1.689304956196024e-7
348.5   0.00019732062226063843   1.7544436005078286e-7
348.75   0.00020441343437208588   1.8176193073806236e-7
349.   0.00021129307506082028   1.8788976187353688e-7
349.25   0.00021796916509887238   1.938433151799525e-7
349.5   0.00022444860430391363   1.9961876310115865e-7
349.75   0.0002307394306967406   2.0521961686169603e-7
350.   0.00023684946745432687   2.1064884457008447e-7
350.25   0.00024278480176686298   2.1587908950049957e-7
350.5   0.0002485545092033573   2.2095241335464845e-7
350.75   0.0002541659836846222   2.258833454992495e-7
351.   0.00025962627276563934   2.3068693039041177e-7
351.25   0.0002649433573086407   2.354192579514914e-7
351.5   0.0002701218598075457   2.4004092957487126e-7
351.75   0.00027516725701106915   2.4455030155335395e-7
352.   0.00028008467816893637   2.4894480248803117e-7
352.25   0.00028487834190824316   2.531939511537785e-7
352.5   0.0002895535396840954   2.573304760107934e-7
352.75   0.0002941147314896656   2.613611293586626e-7
353.   0.00029856612403168374   2.652926722881118e-7
353.25   0.00030291136980764626   2.691371678826145e-7
353.5   0.0003071546565166922   2.7289414835078436e-7
353.75   0.0003112996680272428   2.7656814310607365e-7
354.   0.0003153499055972906   2.8016357969906683e-7
354.25   0.00031930918877545977   2.8369033605536405e-7
354.5   0.0003231800193430043   2.871450324425778e-7
354.75   0.0003269652145460292   2.9052946362863054e-7
355.   0.00033066744415653684   2.9384523288736804e-7
355.25   0.0003342893792080123   2.970967007299199e-7
355.5   0.0003378332313538723   3.0028106752462525e-7
355.75   0.0003413012242624463   3.033981716065154e-7
356.   0.0003446954660984667   3.064476402077004e-7
356.25   0.00034801726868586734   3.0941475225498375e-7
356.5   0.0003512694804061876   3.123182808116233e-7
356.75   0.00035445419538084744   3.1516327116433993e-7
357.   0.00035757343024672494   3.179548481008114e-7
357.25   0.00036062955225117253   3.207227638737112e-7
357.5   0.0003636238521419681   3.234383557950981e-7
357.75   0.0003665579635784519   3.2609663597653546e-7
358.   0.0003694334532585761   3.2869229089810206e-7
358.25   0.00037225259384456147   3.3118755170068244e-7
358.5   0.00037501576456169767   3.33620976766318e-7
358.75   0.00037772403007401735   3.359998316378654e-7
359.   0.00038037839012137174   3.38331582466814e-7
359.25   0.0003829781918819831   3.406408702977894e-7
359.5   0.0003855265185546522   3.4291202659227946e-7
359.75   0.0003880248586238662   3.451459934028008e-7
360.   0.00039047466934890045   3.47343660230635e-7
360.25   0.0003928783375328985   3.4950954514305063e-7
360.5   0.000395235933889611   3.516393385853621e-7
360.75   0.0003975484329285891   3.537322521256895e-7
361.   0.0003998167722446286   3.557874055790331e-7
361.25   0.00040204188460104775   3.5779902866652844e-7
361.5   0.00040422459668784655   3.597727282098037e-7
361.75   0.00040636573264028595   3.617093621195504e-7
362.   0.0004084660855955073   3.63609765661212e-7
362.25   0.0004105260063246838   3.6547493083990696e-7
362.5   0.0004125468029420139   3.673054032879424e-7
362.75   0.00041452935457730834   3.691018826517043e-7
363.   0.0004164745190123897   3.708650478870627e-7
363.25   0.0004183836052421682   3.7259161094359194e-7
363.5   0.00042025677616270863   3.742876948501492e-7
363.75   0.00042209463598991446   3.7595555501840445e-7
364.   0.0004238977661513029   3.775974714559953e-7
364.25   0.0004256660293582702   3.792384995594306e-7
364.5   0.00042740093239779383   3.808493514095646e-7
364.75   0.0004291032811968431   3.824229842209324e-7
365.   0.00043077386913230835   3.8395215120598953e-7
365.25   0.00043241468423470204   3.853828561124428e-7
365.5   0.0004340248189280227   3.8677217412722807e-7
365.75   0.00043560453483473604   3.881314621307199e-7
366.   0.0004371540717266928   3.894723302344507e-7
366.25   0.0004386725371476174   3.908495042647959e-7
366.5   0.00044016167445654563   3.922154669277957e-7
366.75   0.0004416221191512295   3.935649167748351e-7
367.   0.0004430544973957877   3.948924032899185e-7
367.25   0.000444459717023034   3.9617499917789567e-7
367.5   0.00044583798232957725   3.974310767084253e-7
367.75   0.0004471897742681002   3.9866187853166763e-7
368.   0.0004485155634124944   3.998686571605457e-7
368.25   0.00044981594483277295   4.010551944400908e-7
368.5   0.0004510911822044552   4.022192560649406e-7
368.75   0.0004523416618554274   4.0336108983607807e-7
369.   0.00045356775999542997   4.0448093288476617e-7
369.25   0.00045476843704727796   4.0559258772305007e-7
369.5   0.00045594600721990066   4.0667737218150427e-7
369.75   0.0004571013945712469   4.077299283283847e-7
370.   0.0004582355250635858   4.0874478426922443e-7
370.25   0.00045935325719730053   4.096721258787265e-7
370.5   0.0004604500477863745   4.105678492027989e-7
370.75   0.000461525219596865   4.1144426298641766e-7
371.   0.00046257806872785864   4.1231389481487117e-7
371.25   0.00046360281674780407   4.132495398073024e-7
371.5   0.00046460573955215686   4.1418051067591447e-7
371.75   0.00046558812141189666   4.150954069255521e-7
372.   0.0004665512574623608   4.1598261137027605e-7
372.25   0.0004675011556868543   4.167717186491458e-7
372.5   0.00046843258205086087   4.1753229167964627e-7
372.75   0.0004693449422409208   4.182760207185687e-7
373.   0.0004702376208168868   4.1901478696570146e-7
373.25   0.0004711068006105334   4.1981607258491696e-7
373.5   0.00047195625761474577   4.206149182379299e-7
373.75   0.0004727866141331715   4.214011365168575e-7
374.   0.0004735984933927835   4.221643624595178e-7
374.25   0.0004743934910053458   4.228492638033714e-7
374.5   0.00047517087831250895   4.235075557531978e-7
374.75   0.0004759308852748963   4.2414662993340934e-7
375.   0.0004766737369240198   4.2477398823393676e-7
375.25   0.0004773993005130664   4.254185696006667e-7
375.5   0.00047810828360575627   4.260583610077717e-7
375.75   0.0004788010410528546   4.266924914456733e-7
376.   0.0004794779253438898   4.2732006709576456e-7
376.25   0.00048013978342930096   4.279409774875255e-7
376.5   0.00048078627075702517   4.2855316095979403e-7
376.75   0.0004814175308471867   4.2915532934724334e-7
377.   0.0004820337023127729   4.2974616856789267e-7
377.25   0.00048263570860757364   4.3033881095510344e-7
377.5   0.0004832225777880398   4.3091171239487035e-7
377.75   0.0004837941129619694   4.3145759279924306e-7
378.   0.0004843501084019761   4.3196906821799185e-7
378.25   0.00048488713816476113   4.323840274928006e-7
378.5   0.00048540945811207845   4.32771062956095e-7
378.75   0.00048591814336036395   4.331447088713506e-7
379.   0.0004864142778182849   4.335196910330563e-7
379.25   0.0004868989540867999   4.339109240459756e-7
379.5   0.00048737327336058437   4.3433350866006553e-7
379.75   0.00048783834533081325   4.3480272915942007e-7
380.   0.0004882952880893037   4.353340508036744e-7
