310   0.00003057543451174236   1.7903891043680292e-8
311   0.00003022533731486286   1.7962993386307833e-8
312   0.000029878939907263105   1.7724231487607765e-8
313   0.0000295358366467832   1.743090874296007e-8
314   0.000029199655564956794   1.723923256773697e-8
315   0.000028868215261738514   1.7005517125745087e-8
316   0.000028541441453352023   1.6847525880193722e-8
317   0.000028219232018755715   1.668207854370861e-8
318   0.000027902285828432   1.649372277244075e-8
319   0.000027589085298353836   1.6346027545429315e-8
320   0.000027280150307430215   1.6203132868798156e-8
321   0.00002697511623741677   1.596301534521069e-8
322   0.000026675439998255073   1.5735298077032462e-8
323   0.00002637924288254966   1.5583601568619244e-8
324   0.000026085643290831836   1.5411939845777906e-8
325   0.000025797777794165968   1.5208649350191437e-8
326   0.000025513663408474647   1.5035039170470484e-8
327   0.000025233666209902444   1.4871042525315871e-8
328   0.000024957486184536883   1.4698330828604992e-8
329   0.000024684949099944032   1.4521934271315173e-8
330   0.000024416371983202726   1.4357597580860946e-8
331   0.000024151425872875837   1.4189047878330253e-8
332   0.00002388940440309943   1.3941580993921806e-8
333   0.00002363177723507951   1.3785167788257397e-8
334   0.00002337694705151402   1.361526264818134e-8
335   0.000023126068521910912   1.345927559001557e-8
336   0.000022878890204024943   1.3324261395203183e-8
337   0.00002263450704936771   1.3200938859579871e-8
338   0.000022393391301474076   1.308705620695796e-8
339   0.000022155595454013124   1.2965940842562771e-8
340   0.00002192099325173499   1.2894214508748719e-8
341   0.00002168829671079453   1.2724299895853335e-8
342   0.00002146002342270021   1.258140073560367e-8
343   0.000021235175104009847   1.241458249413792e-8
344   0.000021012583947550482   1.2336956226701419e-8
345   0.000020792548308711748   1.216641545365657e-8
346   0.000020577053484051477   1.1948124338971923e-8
347   0.000020363469449337156   1.1841891556412346e-8
348   0.00002015234760027412   1.1750816401880671e-8
349   0.000019943949653288697   1.1642936814491214e-8
350   0.000019738670121277255   1.1503400873869786e-8
351   0.000019535503333149853   1.134586431464333e-8
352   0.00001933521803910703   1.122808407369235e-8
353   0.000019137297796017666   1.11168544664561e-8
354   0.000018942222455965872   1.1016161497556273e-8
355   0.00001874946916576733   1.0858338674662693e-8
356   0.000018558977674159557   1.0714263570262434e-8
357   0.00001837077936024952   1.059811894691503e-8
358   0.00001818516909023337   1.0517318877583478e-8
359   0.00001800185019099701   1.0397760309954258e-8
360   0.000017820867628834577   1.0295809191778115e-8
361   0.000017641600707711515   1.0176979697588829e-8
362   0.000017465091584190874   1.0074369981032135e-8
363   0.000017291093634412823   1.0069126538473247e-8
364   0.000017118807226728005   9.95527904321784e-9
365   0.00001694804197489355   9.739477185548695e-9
366   0.000016779926589072237   9.648223365511521e-9
367   0.00001661392472238746   9.493947853027381e-9
368   0.000016449776198300066   9.461924178269184e-9
369   0.000016288397744989136   9.346241227308035e-9
370   0.00001612845715111865   9.268485227693671e-9
371   0.000015970641400818953   9.171813418686522e-9
372   0.00001581453341205819   9.07406553437478e-9
373   0.000015660234511911805   8.983029129744408e-9
374   0.00001550790306408458   8.892614989828165e-9
375   0.000015357440919938827   8.80222275341114e-9
376   0.000015208772785435362   8.717846447801039e-9
377   0.000015061845218281875   8.629318172514915e-9
378   0.000014916707123108393   8.546976575040265e-9
379   0.00001477337436602483   8.466919040598683e-9
380   0.00001463165471652926   8.392171903113928e-9
