310.   0.03808212755833691   0.00011282854834514788
310.25   0.03812657287023253   0.0001133375685322688
310.5   0.038173177656993705   0.00011381801826000043
310.75   0.03822197247910087   0.00011425915909681541
311.   0.03827298908218584   0.00011465004211532033
311.25   0.03832626044569306   0.00011497949988690639
311.5   0.038381820833973804   0.00011523613817359022
311.75   0.03843970584995061   0.00011540832730540972
312.   0.038499952491509774   0.00011548419323539506
312.25   0.03856267115415564   0.00011529374866623031
312.5   0.03862780167704986   0.00011504431832148532
312.75   0.0386953561034112   0.00011478797411288206
313.   0.03876534750171684   0.0001145778627672705
313.25   0.03883747867390096   0.00011467396916911321
313.5   0.03891219807172019   0.00011484549665147415
313.75   0.038989649970200733   0.00011506465033575716
314.   0.03906998271255868   0.0001153030409685748
314.25   0.03915410876430101   0.00011541023871277936
314.5   0.039241128206735476   0.0001155254770264472
314.75   0.039330890304354243   0.00011566833787179267
315.   0.039423241886655615   0.00011585885815196408
315.25   0.039516805993142674   0.00011620669957758723
315.5   0.039613122408187366   0.0001166089112873322
315.75   0.039712532780789914   0.00011705032519839452
316.   0.0398153882045728   0.00011751541900420612
316.25   0.039922687698080835   0.00011793870988096747
316.5   0.040033915770943104   0.00011837284489564517
316.75   0.04014919161868418   0.00011882157925834023
317.   0.04026863906082052   0.00011928876893392681
317.25   0.040393236711669535   0.00011983272444486522
317.5   0.04052193739877928   0.00012038200662649625
317.75   0.040654529281774994   0.00012091836318856421
318.   0.04079079659277009   0.0001214230515123741
318.25   0.040928492485433454   0.00012173539274811151
318.5   0.041070207931312795   0.00012203200277847821
318.75   0.04121655270048346   0.0001223510106209386
319.   0.04136815598754719   0.00012273163077677595
319.25   0.04152774752419817   0.00012339737637271064
319.5   0.041693111010811676   0.00012413556656451616
319.75   0.04186407840077362   0.0001249131387705335
320.   0.04204047937268887   0.0001256960517761628
320.25   0.042221383151179945   0.00012632299882813124
320.5   0.042407666330117215   0.00012693296171765997
320.75   0.04259946590030349   0.0001275410566891368
321.   0.04279692629784375   0.00012816288409702196
321.25   0.04299926099593388   0.00012888789289920146
321.5   0.04320793266791229   0.00012963104184466874
321.75   0.0434235018297597   0.00013037903332916223
322.   0.04364655201567947   0.00013111812590453888
322.25   0.04387923885132121   0.00013172871570747908
322.5   0.04412005164365362   0.0001323421505536007
322.75   0.04436900623255078   0.00013298716896938438
323.   0.044626124136325926   0.00013369356328145248
323.25   0.044890480273226695   0.00013463262811651635
323.5   0.04516342806459058   0.00013564208554377245
323.75   0.04544540735688964   0.0001366965876890536
324.   0.0457368812796111   0.00013776982949042162
324.25   0.04603854122994668   0.00013873233792683715
324.5   0.04635062064678657   0.0001396970308197582
324.75   0.04667357763155457   0.00014067720633152564
325.   0.0470078974592283   0.0001416867324268718
325.25   0.047354057165027164   0.0001427629399854074
325.5   0.047712654494070195   0.0001438893751918655
325.75   0.04808428508915819   0.00014507225320654305
326.   0.048469581893596105   0.00014631810946263643
326.25   0.04886981431477281   0.00014768945953801268
326.5   0.04928487579250935   0.0001491167301460168
326.75   0.04971527801792189   0.00015058404292363247
327.   0.050161571220692515   0.00015207478177275852
327.25   0.050622797641237394   0.00015350109970255492
327.5   0.05110173267232226   0.00015494187181918699
327.75   0.051599722206530675   0.00015640781931642868
328.   0.05211820191724211   0.00015791026505925868
328.25   0.05266096590995688   0.00015943567581274039
328.5   0.05322654113679025   0.00016103188918361808
328.75   0.05381571945488454   0.0001627232873093571
329.   0.05442936364719848   0.0001645357622246988
329.25   0.05506603351186981   0.00016663306314547817
329.5   0.0557300297332816   0.00016885726406057716
329.75   0.05642349697170799   0.0001711811869038954
330.   0.05714875146380572   0.00017357602176937183
330.25   0.05790954299540429   0.00017592027875718092
330.5   0.05870688084184193   0.00017830607516344473
330.75   0.05954317636813579   0.00018073793553406953
331.   0.060421061661213034   0.00018322078333715027
331.25   0.061343986276142175   0.00018568354794971546
331.5   0.062314321374904516   0.00018823676886466667
331.75   0.06333527920816039   0.00019092025844410796
332.   0.06441039794470196   0.00019377718785544052
332.25   0.06554301271073251   0.00019697302581006464
332.5   0.0667382213144231   0.00020039719660322664
332.75   0.06800106386932098   0.00020405350482896625
333.   0.0693371363894034   0.00020794643463547196
333.25   0.07075230796876973   0.00021203268426374687
333.5   0.07225402107734345   0.0002163844448877122
333.75   0.07385021847827718   0.00022103054037966565
334.   0.07554981396743203   0.00022600324288995762
334.25   0.07736198553273431   0.00023135521090786795
334.5   0.07929922803351719   0.0002371051116316359
334.75   0.08137477654908978   0.0002432917664209992
335.   0.08360368088446174   0.0002499593726858192
335.25   0.08600563996075387   0.0002571791119277718
335.5   0.08859695366828144   0.0002649810911046704
335.75   0.09139912300304831   0.0002734224869618779
336.   0.09443702076858933   0.0002825695486589648
336.25   0.0977387886689131   0.0002924555885833299
336.5   0.10133920780913531   0.00030322915645115446
336.75   0.10527827247162629   0.00031501683861715455
337.   0.10960318954598816   0.00032796802058206924
337.25   0.11436662251085156   0.00034228543879198593
337.5   0.11963998167124881   0.00035814748569000336
337.75   0.1255054120436416   0.0003757965786084911
338.   0.13206236589639292   0.0003955261899657097
338.25   0.1394371721326041   0.00041772013130060017
338.5   0.14777227188744355   0.0004427840821606872
338.75   0.15724955783455924   0.000471248538595761
339.   0.16809591524668782   0.0005037745569375185
339.25   0.18058975355165013   0.0005410479416201717
339.5   0.19510085827120457   0.0005843004869479241
339.75   0.21209341540467905   0.0006349463528223591
340.   0.23216266660988716   0.0006948023435790273
340.25   0.2560889992439651   0.0007664497900623862
340.5   0.2848355921685968   0.0008526103522941728
340.75   0.31963852493445183   0.0009569799432586037
341.   0.3620205693693538   0.0010841069142089915
341.25   0.4137264983538029   0.0012388716395720376
341.5   0.47654825137068224   0.001426965885064422
341.75   0.551628302962818   0.0016519455984995881
342.   0.6380982597060717   0.001911425954024325
342.25   0.7308526279707396   0.0021909710002076107
342.5   0.8184845869919352   0.0024561189781295706
342.75   0.8846386894131802   0.002657776638947435
343.   0.9158503696895576   0.0027552342728697564
343.25   0.9114845312803634   0.0027468325942045157
343.5   0.8846037167271513   0.00267039313789365
343.75   0.8522131389635675   0.0025766353901819096
344.   0.8255722017297866   0.0024992661801015712
344.25   0.8077649020655713   0.002445787660913708
344.5   0.7967077879714797   0.002411990424927874
344.75   0.7892707868963109   0.0023887274396273916
345.   0.7834335473432861   0.002370192793437872
345.25   0.7783586847050581   0.002355060480448191
345.5   0.7739676336391946   0.00234212729632228
345.75   0.7703163021334656   0.0023315082076583505
346.   0.7674296927300777   0.0023232255517776695
346.25   0.7653079170451514   0.002316846380243972
346.5   0.7637956305927405   0.00231237873042639
346.75   0.7627745458502256   0.0023095630893326066
347.   0.7621361526169491   0.00230817061288958
347.25   0.7617831580272226   0.002309146249665875
347.5   0.7616490986498524   0.002310802888176727
347.75   0.761676913849329   0.00231261019252147
348.   0.7618216874420123   0.0023140694074955115
348.25   0.7620403797782774   0.002311859294245514
348.5   0.7623153792174332   0.0023094883974264287
348.75   0.7626270999046967   0.0023076664263890472
349.   0.76296019733707   0.0023071272709820527
349.25   0.7632892240554762   0.00231246802992558
349.5   0.7636231700550821   0.0023191071121593638
349.75   0.7639597783939105   0.002326271812383015
350.   0.7642983655272514   0.002333182740262638
350.25   0.7646631605070044   0.002336880644963899
350.5   0.7650227337531763   0.002339598424672801
350.75   0.7653698194751448   0.0023414162095744995
351.   0.7656976747402471   0.00234241737439576
351.25   0.7659806782816521   0.002342718670493283
351.5   0.7662397061840602   0.0023423665637013233
351.75   0.7664768403614064   0.002341440009999464
352.   0.7666944611991523   0.0023400200327348256
352.25   0.7669083598854773   0.002337185508622747
352.5   0.7671030337641974   0.0023344214498156384
352.75   0.7672761622012186   0.0023322226690983094
353.   0.7674255143853379   0.002331090851893695
353.25   0.7675438810165714   0.0023341486944987414
353.5   0.767636198453   0.002338264876627363
353.75   0.7677024550864707   0.0023428980481791277
354.   0.7677426958172067   0.002347499793864394
354.25   0.7677512183773653   0.0023501345844717907
354.5   0.7677362372450264   0.0023521654805999702
354.75   0.7677002707943433   0.0023535842880777758
355.   0.7676458929155084   0.0023543829246433405
355.25   0.7675847830177336   0.002354318217524557
355.5   0.7675069773308049   0.002353710378394357
355.75   0.767411511082138   0.0023526470719851416
356.   0.7672974156760001   0.002351217133703481
356.25   0.7671606388221232   0.0023494117597843063
356.5   0.7670044927397963   0.002347459889588039
356.75   0.7668292346393708   0.002345493786408197
357.   0.7666351249798216   0.002343647217737993
357.25   0.7664272913478963   0.002342702299160091
357.5   0.76619920726507   0.0023418929460824506
357.75   0.765949162739781   0.0023410949246581102
358.   0.7656754258733082   0.0023401826054149327
358.25   0.7653621983409311   0.0023384416772437014
358.5   0.7650273057750685   0.0023365635356850786
358.75   0.7646746417229523   0.0023346565596060855
359.   0.7643081352673581   0.002332830251271403
359.25   0.763949665692078   0.002331647757820856
359.5   0.7635782212351613   0.0023305890508782392
359.75   0.7631905732425446   0.0023295835353244866
360.   0.7627834533805147   0.002328559854371216
360.25   0.7623410750042721   0.0023272253512001758
360.5   0.7618775134602076   0.002325815084584655
360.75   0.7613944374350162   0.0023243448049177144
361.   0.7608935257006882   0.0023228304010281206
361.25   0.7603782398495218   0.0023211393070150534
361.5   0.7598478022866856   0.002319495161342123
361.75   0.7593032025093833   0.0023179743792379375
362.   0.758745432375176   0.0023166540390162495
362.25   0.7581853577642403   0.0023157356852726158
362.5   0.7576101903727722   0.0023151248146439196
362.75   0.7570169344563189   0.002314850369316792
363.   0.7564025610307735   0.0023149414870427968
363.25   0.7557435858564238   0.0023159960608402238
363.5   0.7550654346847715   0.0023172496576997076
363.75   0.7543732410922683   0.002318502022520135
364.   0.7536721775802298   0.002319551092445261
364.25   0.7529868565885718   0.002319525131574528
364.5   0.7522954299503175   0.002319151347813104
364.75   0.7515953395338251   0.002318492512399232
365.   0.7508839991721511   0.002317611953138785
365.25   0.7501495224754305   0.00231677368469866
365.5   0.7494022198104224   0.0023157625709014666
365.75   0.7486431707809474   0.002314562659315074
366.   0.7478734584084789   0.002313157868832517
366.25   0.7470970612987532   0.0023111647590556626
366.5   0.7463110291722383   0.002309079956722823
366.75   0.7455152865407934   0.0023070353646321294
367.   0.7447097521408338   0.0023051639056496744
367.25   0.7438909374907445   0.002304361889059178
367.5   0.7430635017659689   0.002303699232414816
367.75   0.7422287206223496   0.0023030039375812237
368.   0.7413878744951526   0.0023021026797421696
368.25   0.7405615125234675   0.0023002720364814653
368.5   0.7397240120451486   0.0022981027898219706
368.75   0.7388688900550421   0.0022956393055990477
369.   0.7379896121369358   0.002292926281402064
369.25   0.7370390105714452   0.0022898851581355894
369.5   0.7360671496522582   0.0022867339886145544
369.75   0.7350837248962189   0.0022835683729344964
370.   0.7340984976088977   0.0022804845777895577
370.25   0.7331603727403767   0.002277901159316771
370.5   0.7322246386229245   0.0022754662758107877
370.75   0.7312854799269289   0.0022731483524757613
371.   0.7303370367440727   0.002270915569077786
371.25   0.7293496979267318   0.002269246601947293
371.5   0.7283506426878176   0.0022673954959505313
371.75   0.727343444630354   0.002265123695845064
372.   0.7263316980599228   0.002262191070412691
372.25   0.7253267490724826   0.0022566734807430294
372.5   0.7243214287874414   0.0022506788583656957
372.75   0.7233162738755204   0.002244641011290073
373.   0.7223118207134062   0.0022389965311440836
373.25   0.7213127042888231   0.0022358558452351385
373.5   0.7203137323851698   0.0022333256839421486
373.75   0.7193137879239809   0.0022311770672397997
374.   0.718311743364951   0.0022291795278028314
374.25   0.7173080990481854   0.002226561099818233
374.5   0.7162994175557627   0.002223843114014054
374.75   0.7152838805358295   0.0022210084398115054
375.   0.7142596558181616   0.0022180398422371704
375.25   0.7132164892460817   0.0022145162368470577
375.5   0.7121642731663413   0.0022109844705117546
375.75   0.7111045237925457   0.00220758970811241
376.   0.7100387640654128   0.0022044779573598
376.25   0.7089743081778682   0.0022027567532270395
376.5   0.707904607277415   0.00220123102436365
376.75   0.7068288731896261   0.002199662172954429
377.   0.7057463108978749   0.002197810209589437
377.25   0.7046532804211413   0.002194392573715661
377.5   0.7035529404300317   0.0021906218906174112
377.75   0.7024456193260744   0.0021866735533742875
378.   0.7013316453613017   0.0021827239442121084
378.25   0.7002089331426027   0.0021793470922362385
378.5   0.6990811842209618   0.002176166850545939
378.75   0.697949698510147   0.0021732027398441954
379.   0.6968157810156032   0.002170474368158778
379.25   0.6956807417688945   0.0021680014291292926
379.5   0.6945458957631221   0.0021658037004979682
379.75   0.6934125628893112   0.002163901042810086
380.   0.6922820678737567   0.0021623133983293317
