310.   0.03572470450094468   0.0000663518087576837
310.25   0.03576733889803874   0.00006655576871239822
310.5   0.03581182686617692   0.00006674322043651657
310.75   0.035858304184544415   0.00006691325137683276
311.   0.03590690977105833   0.00006706492910993017
311.25   0.03595778580905932   0.00006719730055093618
311.5   0.03601107788018877   0.0000673093911293542
311.75   0.03606693510380678   0.0000674002039301034
312.   0.036125510283340066   0.00006746871879784722
312.25   0.03618837029295831   0.0000674661196607289
312.5   0.036253713035265235   0.00006745782535381435
312.75   0.036321124911091865   0.00006746233334829967
313.   0.03639018439912868   0.00006749852893928365
313.25   0.03645799681097512   0.00006768857185034749
313.5   0.03652755340588957   0.00006790904064606237
313.75   0.03659941897645794   0.00006813784594196562
314.   0.03667417145256529   0.00006835241879129641
314.25   0.03675429456659947   0.00006842831827751406
314.5   0.03683776248126822   0.00006848295781893605
314.75   0.036924418241106656   0.0000685338740359806
315.   0.037014102391368375   0.00006859900376270689
315.25   0.037106211895036094   0.0000687683867025519
315.5   0.03720119513462537   0.00006896114758188618
315.75   0.03729906601754142   0.00006916703325951656
316.   0.037399839928305936   0.0000693755449371645
316.25   0.03750303164954139   0.00006952943462520208
316.5   0.037609357748119604   0.0000696823059514141
316.75   0.03771904555178349   0.00006984202859831679
317.   0.037832329549320566   0.00007001667376544913
317.25   0.03794986324191139   0.00007024477994811877
317.5   0.03807132479002964   0.00007049281038871531
317.75   0.03819680248347506   0.00007075700904523495
318.   0.03832638871459134   0.00007103352506870158
318.25   0.038460249192299976   0.00007131912341184896
318.5   0.03859838936033959   0.0000716087548082178
318.75   0.03874088674867226   0.00007189795742784732
319.   0.03888782313189921   0.00007218214458925654
319.25   0.0390391757177061   0.00007242226216300438
319.5   0.03919518688666491   0.00007266111972232524
319.75   0.03935599784197318   0.00007290794566026494
320.   0.039521756469322586   0.00007317224902227532
320.25   0.039692265852352915   0.00007350663126854325
320.5   0.03986817666579782   0.00007386183155571249
320.75   0.040049805442802074   0.00007423052524218204
321.   0.040237481880208884   0.00007460516122917227
321.25   0.04043238851687131   0.00007494185230847725
321.5   0.04063372052776095   0.00007528260868012445
321.75   0.040841502873815584   0.00007563414304117423
322.   0.04105576514524853   0.00007600340208516135
322.25   0.041275632934582064   0.00007639795376234927
322.5   0.04150240567245236   0.00007682474150515725
322.75   0.041736508153634666   0.0000772913511062117
323.   0.04197838521289585   0.00007780566240679041
323.25   0.04222882538601431   0.00007845391365061526
323.5   0.042487871363417425   0.00007913655193440113
323.75   0.04275590169288231   0.00007982979471073209
324.   0.04303331569005612   0.00008050894700207551
324.25   0.043321132983509134   0.00008103880151440173
324.5   0.04361897140978984   0.00008154421247906626
324.75   0.04392705083685669   0.0000820433390730445
325.   0.0442456079260038   0.00008255509838048967
325.25   0.04457415261058166   0.00008315329472568508
325.5   0.04491398876453479   0.00008378378111726739
325.75   0.04526572544980477   0.00008444532000206865
326.   0.04563000882390172   0.00008513664082477219
326.25   0.0460075213621391   0.00008585452242875729
326.5   0.046398997774138806   0.00008660026421680896
326.75   0.04680521607677077   0.00008737329066369375
327.   0.04722700519568075   0.0000881730222199823
327.25   0.047665659572237916   0.00008898698062987673
327.5   0.04812155750768241   0.00008983098449759565
327.75   0.04859553416176384   0.00009070949736160804
328.   0.04908848641972883   0.00009162725278223772
328.25   0.04960119862505944   0.00009259885288708632
328.5   0.05013495649441697   0.00009361646065191957
328.75   0.05069095542031212   0.0000946816857324724
329.   0.05127048376478285   0.00009579627940779584
329.25   0.05187466578872053   0.00009697280334669451
329.5   0.05250537038187155   0.00009819868432667631
329.75   0.05316433860170583   0.0000994716102541371
330.   0.05385345570626292   0.00010078917647748847
330.25   0.05457544375835981   0.00010211977070875523
330.5   0.05533159467784912   0.00010350072532248828
330.75   0.05612403300405573   0.00010494190250304327
331.   0.05695508035883742   0.00010645394420538097
331.25   0.057827346563256894   0.00010810884768624675
331.5   0.058743525053613285   0.00010983626830533098
331.75   0.05970664831476788   0.00011162335757947647
332.   0.06072005554112663   0.00011345632799953535
332.25   0.06178636923585779   0.00011519981676117919
332.5   0.06291111402899983   0.00011700233225348005
332.75   0.06409927457018941   0.00011889964849197215
333.   0.0653563802276803   0.00012093091881854892
333.25   0.06668823833673171   0.00012322095383653217
333.5   0.06810217397440307   0.0001257059012868471
333.75   0.0696060123066988   0.00012840173262643732
334.   0.07120853027834573   0.0001313264028300301
334.25   0.07292133213783661   0.00013453835492980507
334.5   0.07475322741388095   0.00013800876403696804
334.75   0.07671606457176292   0.00014174629048302668
335.   0.07882332761010866   0.00014576105416913159
335.25   0.08109036531224013   0.00014999548701939545
335.5   0.08353491472536574   0.000154556785968282
335.75   0.08617734318188891   0.0001594931679734786
336.   0.08904120896305023   0.00016486029145387489
336.25   0.09215162525743112   0.0001707544875707452
336.5   0.09554358378910198   0.00017720873244623725
336.75   0.09925568698788582   0.00018429641001375746
337.   0.1033334968036377   0.00019210420262521382
337.25   0.10783334713678432   0.00020075473453885531
337.5   0.11281690429374293   0.00021034518009426453
337.75   0.11836077877877348   0.00022101400174283315
338.   0.12455771557086238   0.00023292879002439045
338.25   0.1315208754865718   0.00024635130356460104
338.5   0.13938905113525646   0.0002614574168133219
338.75   0.1483341220970256   0.00027852731056901206
339.   0.15857049347689037   0.000297908521096067
339.25   0.1703650099773933   0.00031970330958661054
339.5   0.18406244560380758   0.000344875747329335
339.75   0.20009952646211876   0.0003742938857890025
340.   0.2190361392728657   0.0004090780880590988
340.25   0.24159640444655558   0.00045117430841886677
340.5   0.2686973613337318   0.000501868133642405
340.75   0.3015059026787932   0.0005632932179349264
341.   0.3414601434594817   0.0006380604284306782
341.25   0.3902209592567256   0.0007286832786393173
341.5   0.44947048423103364   0.0008386364251850381
341.75   0.5202879629812779   0.0009699263717506838
342.   0.601856512622334   0.0011210613095691548
342.25   0.6893676048936089   0.0012832326455964578
342.5   0.7720579759566479   0.0014365435119965213
342.75   0.8344964456131004   0.0015525299092829731
343.   0.8639749018325011   0.001607799597654274
343.25   0.8598675365101878   0.0016022904428453699
343.5   0.8345172563145025   0.0015576269211044012
343.75   0.8039694816142133   0.0015033426953236216
344.   0.7788493538158354   0.0014590358378929772
344.25   0.7620687923120869   0.001429199459947657
344.5   0.7516665500394826   0.0014111490683577032
344.75   0.7446931883123439   0.0013994762094182115
345.   0.7392460665576723   0.0013907144830943333
345.25   0.7345734536948363   0.0013840748207960888
345.5   0.7305555846135651   0.0013786887191263313
345.75   0.7272349628289926   0.0013745244133816362
346.   0.7246250175182246   0.0013714960500825792
346.25   0.7226866308489789   0.0013693382888261268
346.5   0.7213033484360561   0.0013678274049061536
346.75   0.7203645624809402   0.0013666685307143686
347.   0.7197688129657819   0.0013655813242657551
347.25   0.719406984850089   0.001363171371443529
347.5   0.7192426307968818   0.0013608074627132227
347.75   0.7192301650808572   0.001358753385373808
348.   0.7193355799029219   0.0013572996307781617
348.25   0.7195541061902138   0.001358133466112937
348.5   0.7198396426761194   0.0013596700677627098
348.75   0.7201713556442694   0.0013616974295970609
349.   0.7205323834436239   0.0013640085958321665
349.25   0.7208984287484536   0.0013661880235104177
349.5   0.7212725523006935   0.0013683287375623326
349.75   0.7216492686145648   0.0013703154997615563
350.   0.7220245271695143   0.0013720342261196571
350.25   0.7223995359233385   0.001373385742023059
350.5   0.722766506946109   0.0013742367610662391
350.75   0.7231224419779243   0.0013744679663006281
351.   0.7234648922436688   0.0013739595632575325
351.25   0.723786495776537   0.0013712210144987361
351.5   0.7240930652771722   0.001368041516354015
351.75   0.7243854153850187   0.001364856624360986
352.   0.7246646247098341   0.0013621084896070512
352.25   0.7249521055636275   0.0013621316001742798
352.5   0.72522129363561   0.0013627507551188687
352.75   0.725465648704533   0.0013636597516878068
353.   0.7256786576801446   0.0013645483683852916
353.25   0.7258207236670173   0.0013637968399509341
353.5   0.7259314976863775   0.0013629079744806936
353.75   0.7260179111429723   0.0013620904741131574
354.   0.7260870393597002   0.0013615558297506464
354.25   0.7261778265122437   0.0013625839464197652
354.5   0.7262533354176114   0.0013639050708341
354.75   0.7263081224680551   0.0013653057095539005
355.   0.7263366990944808   0.00136656971671753
355.25   0.7263116575592462   0.001366731670225398
355.5   0.7262579250126758   0.0013666119939062095
355.75   0.7261787420784135   0.0013662899975557929
356.   0.7260773977467191   0.0013658459929903383
356.25   0.7259661441000259   0.0013655816230777073
356.5   0.725835914552527   0.0013652716571449564
356.75   0.7256865078705033   0.0013649098767171627
357.   0.7255177210670365   0.0013644899983683966
357.25   0.7253288809642898   0.001363749172929035
357.5   0.7251204299733796   0.0013630389619376825
357.75   0.7248923432007037   0.0013624568950148595
358.   0.7246445924084011   0.0013621015306108672
358.25   0.7243799831741914   0.0013627183133941981
358.5   0.7240945180093905   0.0013635063469159504
358.75   0.72378700507165   0.0013643053920871712
359.   0.7234562354892227   0.0013649534851661402
359.25   0.7230893929416045   0.0013646374688404425
359.5   0.7227014133752141   0.0013640987017112596
359.75   0.7222957321076164   0.001363433395958884
360.   0.7218758135067116   0.0013627387464889074
360.25   0.7214542315930723   0.0013624969659523087
360.5   0.7210218284189042   0.0013622709786498181
360.75   0.7205784737550198   0.0013620053039295936
361.   0.7201240288291891   0.001361643907255184
361.25   0.7196594294751689   0.0013609226545746086
361.5   0.7191830075708703   0.001360074223754342
361.75   0.7186941604096104   0.001359124982665583
362.   0.7181922728564467   0.0013581015479692067
362.25   0.7176761260801329   0.0013570053584279166
362.5   0.7171459062790798   0.0013558990117160732
362.75   0.7166012010995748   0.0013548201325132845
363.   0.7160415884175192   0.001353806669473128
363.25   0.7154557163589665   0.001352748952711169
363.5   0.714858393322783   0.0013518921601292193
363.75   0.714253584861082   0.001351335000801257
364.   0.7136452847468759   0.001351176988876759
364.25   0.7130620203111847   0.001352468808853907
364.5   0.7124736153197405   0.001353984245973498
364.75   0.7118742384495562   0.0013554409628499492
365.   0.7112580034087067   0.0013565542275509991
365.25   0.7105946231915008   0.0013558531530123235
365.5   0.7099121096576323   0.0013547017868676288
365.75   0.7092142557745021   0.0013532868455608713
366.   0.7085048810142344   0.0013517965934775166
366.25   0.7078003100498965   0.0013510828039456587
366.5   0.7070869828381691   0.0013504120718936966
366.75   0.7063637544812521   0.0013497097325676534
367.   0.7056294662412037   0.001348900525920427
367.25   0.7048791109872509   0.0013477392966293332
367.5   0.7041168598782183   0.0013463861463225881
367.75   0.7033430626224184   0.0013448324566159246
368.   0.7025580674384446   0.0013430695520193277
368.25   0.7017606448661933   0.0013409177219439303
368.5   0.7009533422434998   0.0013386070372044642
368.75   0.700137139827458   0.0013361976889988884
369.   0.699313021061125   0.0013337503149823725
369.25   0.6984837807920794   0.0013313608809737132
369.5   0.6976478823269932   0.0013290421547312763
369.75   0.6968055885724582   0.0013268419892459736
370.   0.6959571603628569   0.0013248085577208715
370.25   0.6951055847884204   0.0013232253386505591
370.5   0.6942473066355205   0.001321812797700709
370.75   0.6933814798866864   0.0013205252274114665
371.   0.6925072491589813   0.0013193165839998715
371.25   0.6916164900149456   0.0013182223326103362
371.5   0.6907184729456115   0.0013170814156018285
371.75   0.6898152438654304   0.0013158137975688802
372.   0.688908859078701   0.0013143389114456843
372.25   0.6880104585144304   0.0013121629160138286
372.5   0.6871094398394022   0.0013097809886299596
372.75   0.6862042304766489   0.0013072774649007773
373.   0.6852932443914558   0.0013047372286034136
373.25   0.684371421854716   0.0013022886647152782
373.5   0.6834419863340575   0.0012999576910565122
373.75   0.6825047078271967   0.001297813468915341
374.   0.6815593522739011   0.0012959255729639734
374.25   0.6806008796999012   0.001294937779822326
374.5   0.6796357589528766   0.0012941185831535536
374.75   0.6786656798139149   0.0012933074869131164
375.   0.6776923398663416   0.0012923430015195827
375.25   0.6767275935885287   0.0012904255623296182
375.5   0.675758969308971   0.0012882821431496542
375.75   0.67478409716964   0.0012860051137645464
376.   0.6738005908456901   0.0012836874032184798
376.25   0.6727935850382845   0.0012816515149952595
376.5   0.6717780799827833   0.001279671385405188
376.75   0.6707566628912206   0.0012777492864617065
377.   0.669731933902981   0.001275887485393456
377.25   0.6687141906029165   0.00127421174985453
377.5   0.6676953173076421   0.0012725517124513729
377.75   0.6666748561694438   0.0012708598992128722
378.   0.6656523445048048   0.001269088567373327
378.25   0.6646254890072869   0.0012668653037016871
378.5   0.6635963697035995   0.0012645953024446664
378.75   0.6625652452091013   0.0012623606940055615
379.   0.661532373523155   0.0012602440500141935
379.25   0.6604980120405762   0.0012583283773422123
379.5   0.6594624175627963   0.0012566971129837204
379.75   0.6584258463087722   0.001255434119827974
380.   0.6573885539256517   0.0012546236833430658
