310.   0.03291346668425978   0.00003752197951162898
310.25   0.032941379271244624   0.00003757892037794471
310.5   0.03297104900165733   0.000037624318411425486
310.75   0.033002467626179456   0.000037660652530129094
311.   0.033035627173577164   0.00003769044421715407
311.25   0.033070519961844645   0.00003771625913375117
311.5   0.03310713860990798   0.00003774070880545835
311.75   0.03314547604992006   0.000037766452385238195
312.   0.0331855255401807   0.00003779619849784917
312.25   0.033227145372032627   0.0000378421882760811
312.5   0.03327051789659355   0.00003789403381308883
312.75   0.03331569283115779   0.00003795072241422245
313.   0.033362721365230226   0.00003801122294632299
313.25   0.03341186623579924   0.00003808080886372804
313.5   0.03346288941157637   0.00003814960695747591
313.75   0.03351576080157392   0.0000382139344876077
314.   0.03357045027996651   0.00003827003387665835
314.25   0.033626319152308785   0.00003828438995530326
314.5   0.033684184101709196   0.0000382943902718407
314.75   0.03374426457302556   0.00003830821068145216
315.   0.033806785345737306   0.000038334200642162115
315.25   0.033872661876183284   0.00003842189332552046
315.5   0.03394117714359099   0.00003852296237258814
315.75   0.0340122919401296   0.00003862948147280915
316.   0.034085967047189664   0.00003873335039569998
316.25   0.03416181003606333   0.00003880891765572435
316.5   0.03424027291944688   0.000038871869872216536
316.75   0.03432146173223232   0.00003892068107810211
317.   0.034405485948437634   0.00003895378698983628
317.25   0.03449270661579231   0.000038933081292295684
317.5   0.03458289580727268   0.00003890766901984916
317.75   0.034676072190784266   0.0000388908941001493
318.   0.03477225603530312   0.00003889642896738298
318.25   0.03487124805350761   0.00003899938175517655
318.5   0.034973379455803165   0.000039129221199458867
318.75   0.03507876707847554   0.000039275503978000696
319.   0.03518753210864831   0.00003942752274202318
319.25   0.03529969057293974   0.000039543605386424575
319.5   0.03541552549638982   0.000039655110813862256
319.75   0.03553521784811329   0.000039763136204520744
320.   0.0356589551813796   0.00003986880820504184
320.25   0.03578737611182607   0.00003997168550999653
320.5   0.035920065666524476   0.00004007517890714355
320.75   0.03605704951684671   0.00004018117488983094
321.   0.03619835607219096   0.00004029161559419402
321.25   0.03634389416095432   0.00004040582003711567
321.5   0.03649386815468525   0.00004052957342886167
321.75   0.03664836645695001   0.00004066611605645275
322.   0.03680748248530375   0.000040818791847195535
322.25   0.03697105749525139   0.00004100419150686705
322.5   0.03713955303781039   0.000041207658977038695
322.75   0.03731318643987969   0.00004142742664908094
323.   0.037492184893806436   0.000041661676665480375
323.25   0.037676841732594085   0.000041904242417815264
323.5   0.03786732854637207   0.00004215915213792969
323.75   0.03806388273787783   0.000042426207812797945
324.   0.038266753459501125   0.00004270521078403223
324.25   0.03847619824099958   0.00004300215178836648
324.5   0.038692497785145885   0.00004330825384798241
324.75   0.03891594300106805   0.00004362073089705914
325.   0.03914684001706288   0.00004393669897706704
325.25   0.03938563247649798   0.00004424167226941947
325.5   0.039632492229025984   0.00004454847039071459
325.75   0.03988772681082596   0.00004485869065980297
326.   0.04015166160598907   0.000045173997182086676
326.25   0.040424487524084125   0.000045493281536865327
326.5   0.04070678210827006   0.00004582229060676239
326.75   0.04099899698809966   0.00004616411410493564
327.   0.04130161028355969   0.00004652198188933017
327.25   0.04161541981983175   0.00004691563893486657
327.5   0.04194056042504959   0.00004732600941853291
327.75   0.0422774796940124   0.000047749908300798805
328.   0.04262665520210978   0.000048184015810449654
328.25   0.04298836888118479   0.00004860855155683417
328.5   0.04336348064836735   0.00004904241953211175
328.75   0.04375267013869772   0.000049488737527898696
329.   0.04415666311243323   0.00004995079004388961
329.25   0.044576074878385545   0.000050437208134759405
329.5   0.04501195718033567   0.00005094453066276904
329.75   0.045465268027741326   0.00005147443576386604
330.   0.04593703393424948   0.00005202871333488848
330.25   0.04642869439910411   0.00005262024418863088
330.5   0.04694096693451302   0.000053235969172734946
330.75   0.04747497968525107   0.00005387338632337772
331.   0.04803195039855065   0.000054529868803359393
331.25   0.04861316613573873   0.000055196836525943796
331.5   0.049220091688993106   0.000055879369293580475
331.75   0.049854283925929894   0.000056576888951697574
332.   0.05051743274800602   0.00005728880046856099
332.25   0.05121128980400106   0.000058001450222381616
332.5   0.05193797307226308   0.00005873209345272575
332.75   0.052699701936338196   0.00005948572856080852
333.   0.053498900934491556   0.0000602677496635027
333.25   0.05433797054997447   0.00006108431790568321
333.5   0.05522016720137908   0.00006194132036164591
333.75   0.056148799254727946   0.00006284550284795557
334.   0.05712750781974563   0.00006380422573465879
334.25   0.05816059912639437   0.00006476360582375487
334.5   0.05925211817917976   0.00006581700764566249
334.75   0.060406858444121275   0.00006700156817439484
335.   0.06163014833311182   0.000068358053831104
335.25   0.06292811530030966   0.00007021294885241721
335.5   0.06430713951954928   0.00007223313449414191
335.75   0.06577457506207962   0.0000743476198145389
336.   0.06733869059058528   0.00007647797009268075
336.25   0.0690083941422138   0.00007811895741640004
336.5   0.07079480579643888   0.00007973908685985566
336.75   0.0727101011698173   0.00008141954456632816
337.   0.07476815521088409   0.00008325170352804307
337.25   0.07698563629419276   0.00008562989196097448
337.5   0.07937970846830261   0.00008828083986183854
337.75   0.08197103776552253   0.00009120454336967048
338.   0.08478357761970579   0.0000944013404303199
338.25   0.08784255439881933   0.00009778385355579502
338.5   0.09118418024226412   0.00010147048832768007
338.75   0.09484815091302932   0.00010550450079258658
339.   0.0988814417926223   0.00010993705982375523
339.25   0.10334374952912002   0.00011484293177284854
339.5   0.10829711555791982   0.00012027677548623016
339.75   0.11382050385065559   0.00012631968038446717
340.   0.1200098000742458   0.00013306998732749096
340.25   0.12697997158540503   0.00014058328748654426
340.5   0.1348785231784369   0.00014909078416696557
340.75   0.14388610583342348   0.00015880886437081887
341.   0.15422885421162455   0.00017000936939907927
341.25   0.1661924367339823   0.0001831741180083385
341.5   0.18013879291279702   0.00019857034655230683
341.75   0.19653112786555238   0.0002166890636706029
342.   0.21596423448566662   0.00023815786410819905
342.25   0.23920458220189936   0.00026365262238893956
342.5   0.2672269776620163   0.0002943414643855656
342.75   0.30125915392898517   0.0003315635410636178
343.   0.34278724990215936   0.000376939300784732
343.25   0.39346183684973657   0.0004322848592954618
343.5   0.4547820866269008   0.0004992136547801534
343.75   0.5272736252505048   0.0005782848379611332
344.   0.608911777968067   0.0006672703717765004
344.25   0.6929209660595781   0.0007588166550248834
344.5   0.7666020769938974   0.0008389958558155236
344.75   0.8147031748335095   0.0008911611572644427
345.   0.8283933265379314   0.0009057120184409002
345.25   0.8124173686399083   0.0008878313463485305
345.5   0.7816271069793767   0.0008538625314088989
345.75   0.7507289823009625   0.0008198956875574875
346.   0.7275491253004791   0.0007944848605562414
346.25   0.712892743492154   0.000779156231401265
346.5   0.7039622024297865   0.0007699597808076665
346.75   0.6978061511279118   0.0007634478835246626
347.   0.692765953048946   0.0007575811317178752
347.25   0.688276929744998   0.0007500254230562608
347.5   0.6843172982500036   0.0007426225822049983
347.75   0.6809760903709225   0.0007358271091260016
348.   0.6782920554995151   0.0007300342690611179
348.25   0.676233656054325   0.000726850561040591
348.5   0.6747087740654832   0.0007247327709158797
348.75   0.6736192834835275   0.000723421968245458
349.   0.6728740583577345   0.0007226675051761885
349.25   0.6724055718277809   0.0007214627962179519
349.5   0.672139172949512   0.0007206629078090117
349.75   0.6720227633807059   0.0007203718853252488
350.   0.67201506375137   0.0007207077217313627
350.25   0.6720651379327756   0.0007229824973658323
350.5   0.6721719709801645   0.0007256858493328395
350.75   0.6723216013290689   0.0007284837461667822
351.   0.6725039523876345   0.0007310418315789488
351.25   0.6727230723051536   0.0007318079163776308
351.5   0.6729586565828064   0.0007321401997584234
351.75   0.6732031986752385   0.000732192911351267
352.   0.6734505428865344   0.0007321240313494428
352.25   0.6736943926716575   0.0007325072567842596
352.5   0.6739321497476921   0.0007329324227675519
352.75   0.6741606917901621   0.0007333995148838549
353.   0.6743774273454786   0.0007339091316524354
353.25   0.674570914410477   0.0007348083694638759
353.5   0.6747522694005074   0.000735616205475773
353.75   0.6749237243352493   0.0007361937318835219
354.   0.6750877883414115   0.0007364004749631813
354.25   0.6752719028426863   0.0007350535269819547
354.5   0.6754445662300598   0.0007334609702356796
354.75   0.6755988556535223   0.000731900736544598
355.   0.6757278719015101   0.0007306545106621379
355.25   0.6757952849563635   0.0007312206119019917
355.5   0.6758352598728572   0.0007321959872335854
355.75   0.6758528414599929   0.0007333802645307604
356.   0.6758531931708949   0.0007345705486682362
356.25   0.675867426359168   0.0007351102677498842
356.5   0.6758648651174919   0.0007354210520854687
356.75   0.6758404831452859   0.0007354758658882067
357.   0.6757892191356591   0.0007352474287226337
357.25   0.6756810438346175   0.0007342983974345414
357.5   0.6755456020937519   0.0007331728400102096
357.75   0.6753878283949608   0.0007320090759841604
358.   0.6752127260078239   0.0007309470495244064
358.25   0.6750404561633104   0.0007306521857809823
358.5   0.6748550883712711   0.0007305364907661413
358.75   0.6746556919306066   0.0007305320955895628
359.   0.6744413276937895   0.0007305703472065297
359.25   0.6742105735846271   0.0007306228762513205
359.5   0.6739631315097618   0.0007305621985082113
359.75   0.6736982235052251   0.0007303007396583198
360.   0.6734150620186176   0.0007297500189666411
360.25   0.6731071514333461   0.0007281178997563547
360.5   0.6727816371661692   0.0007262950951777941
360.75   0.6724400090615548   0.0007244752586365545
361.   0.6720837688740772   0.0007228540356791515
361.25   0.671720082862464   0.000722443181562162
361.5   0.6713425828635178   0.0007223056503164763
361.75   0.6709505133403524   0.0007223131175537921
362.   0.6705431065690753   0.0007223359487386619
362.25   0.6701142777076883   0.0007217443135305778
362.5   0.6696706410900408   0.0007211025813129298
362.75   0.6692135398683733   0.0007204792882319219
363.   0.6687443248922196   0.0007199436158050832
363.25   0.6682691255455143   0.0007202936645312161
363.5   0.6677826453187066   0.0007205829671954485
363.75   0.6672843259381979   0.0007205878789793408
364.   0.66677359860114   0.0007200827284114797
364.25   0.6662472798245141   0.0007174864454318577
364.5   0.6657084166552322   0.0007144593500712968
364.75   0.6651574626012038   0.0007113173161155179
365.   0.6645948700940612   0.0007083790354642189
365.25   0.6640208768054947   0.0007070162099996657
365.5   0.6634362312703005   0.0007060863068699119
365.75   0.6628414688636838   0.0007054915601914728
366.   0.6622371244852246   0.0007051333097312264
366.25   0.6616255711818624   0.0007048329844699949
366.5   0.6610047748260456   0.0007046005601559111
366.75   0.6603745256158169   0.0007043667225939155
367.   0.6597346072219198   0.0007040615768059385
367.25   0.6590831470577981   0.0007033194272184032
367.5   0.6584222204401967   0.0007024816180262629
367.75   0.6577522585517923   0.0007015958494378957
368.   0.657073691572681   0.0007007102040040417
368.25   0.6563889397822897   0.0007001406266623309
368.5   0.6556956500195208   0.0006995622964944336
368.75   0.6549934452910764   0.0006989163695928372
369.   0.6542819415835623   0.0006981435484428148
369.25   0.6535577566015333   0.0006968651064732259
369.5   0.6528246715303161   0.000695466477187599
369.75   0.6520834897541156   0.0006940158407277464
370.   0.651335016843859   0.0006925818888638763
370.25   0.6505816092550312   0.0006914340051756136
370.5   0.6498219131078787   0.0006903622002418142
370.75   0.6490561151779604   0.0006893558474294912
371.   0.6482843998854815   0.0006884042310533908
371.25   0.6475087437851866   0.0006875302559777331
371.5   0.6467268195212591   0.0006866759359590044
371.75   0.6459380805372802   0.000685816693652734
372.   0.645141973116005   0.0006849277749487942
372.25   0.6443354816938376   0.0006838832917765735
372.5   0.6435214685651971   0.0006827992123238401
372.75   0.6427003495204354   0.0006816909981607722
373.   0.6418725401857192   0.0006805742145512804
373.25   0.6410411118118696   0.0006795773170337251
373.5   0.6402027686555328   0.0006785584692663539
373.75   0.6393568547353448   0.0006774880480592167
374.   0.6385027070339465   0.0006763362351716274
374.25   0.6376344072293172   0.0006747455455462178
374.5   0.6367586127746224   0.000673143401529778
374.75   0.6358767564665283   0.0006716314635999256
375.   0.6349902777043128   0.0006703120334540318
375.25   0.6341083983815304   0.0006697334535552983
375.5   0.6332217038714385   0.0006693768204902644
375.75   0.6323285180746018   0.00066916674541031
376.   0.6314271521084945   0.00066902735472937
376.25   0.6305041324206555   0.0006687897799168884
376.5   0.6295741974604129   0.0006685064980436619
376.75   0.6286403657611157   0.0006681375107507881
377.   0.6277056717863776   0.0006676425818282507
377.25   0.6267845882238949   0.0006667425767380069
377.5   0.6258642161478447   0.0006657303602620847
377.75   0.6249430337078986   0.0006646611740414811
378.   0.6240195077233023   0.0006635905865318224
378.25   0.6230862827818305   0.0006628912536610538
378.5   0.6221499256880687   0.0006621766387437652
378.75   0.6212112113601953   0.0006613756466489728
379.   0.6202709170735228   0.0006604167793715789
379.25   0.6193298224311039   0.0006592281415634041
379.5   0.618388709334782   0.0006577374459719374
379.75   0.617448361956659   0.0006558720187888469
380.   0.6165095667109846   0.0006535588049102753
