310.   0.035243983818979856   0.00006578118524802677
310.25   0.035274358810906625   0.00006607265787748322
310.5   0.03530708078944975   0.00006625081010231905
310.75   0.035342071586426015   0.0000663378905865232
311.   0.03537925216952534   0.00006635653099301024
311.25   0.0354185426102209   0.0000663297585282052
311.5   0.03545986205028985   0.0000662810096324718
311.75   0.03550312866686912   0.0000662341448395593
312.   0.03554825963596759   0.00006621346486325718
312.25   0.035594779132550936   0.00006635373063382453
312.5   0.03564314797628464   0.0000665270116977193
312.75   0.035693440578155586   0.00006671400234045111
313.   0.03574573333484683   0.00006689502731688579
313.25   0.035800388128397635   0.00006697398420005885
313.5   0.035857091044075355   0.0000670362669229161
313.75   0.035915808783741406   0.00006709216400810846
314.   0.035976507999541926   0.00006715217036753565
314.25   0.036038461896488835   0.00006727660401766867
314.5   0.03610260200589405   0.00006740736035182047
314.75   0.03616917932128177   0.00006753525380254381
315.   0.03623845090251372   0.0000676509050498795
315.25   0.036311683388450526   0.00006768155688475362
315.5   0.036387750981198404   0.00006770531296851772
315.75   0.036466518460702584   0.00006773811125775624
316.   0.036547848517650076   0.00006779624418662998
316.25   0.036630763348746494   0.00006796787682542838
316.5   0.03671628715181484   0.00006817061127663794
316.75   0.03680462058990124   0.00006839249510214443
317.   0.03689597001141125   0.00006862130319081732
317.25   0.03699107774373636   0.00006880620263773407
317.5   0.037089425382560534   0.00006898766886383901
317.75   0.03719101968575041   0.00006916836465079101
318.   0.037295868817267375   0.0000693510178563021
318.25   0.037403806678024946   0.00006954467162839317
318.5   0.03751508872063651   0.00006974351129751564
318.75   0.037629800267822804   0.00006994790460018991
319.   0.03774803026612177   0.00007015823118893406
319.25   0.03786979365366126   0.00007036890696102136
319.5   0.0379952953106128   0.0000705886423870171
319.75   0.03812466837347644   0.0000708203259871956
320.   0.03825805131282094   0.00007106692832389097
320.25   0.03839557174166148   0.00007135494603979877
320.5   0.03853740255308185   0.00007165497737137002
320.75   0.038683706824286825   0.00007196056735089928
321.   0.0388346544226736   0.0000722650784775263
321.25   0.0389904764989356   0.0000725311362877548
321.5   0.03915128254902455   0.00007279410719436205
321.75   0.03931724274589206   0.00007305941233435303
322.   0.03948853503228508   0.00007333263973647963
322.25   0.039665515021821744   0.00007360185461817305
322.5   0.03984814251618733   0.00007389756196268587
322.75   0.04003655120485581   0.0000742332666924194
323.   0.04023088224433999   0.00007462292647720957
323.25   0.04043116489549933   0.0000751843988624696
323.5   0.04063772280363657   0.0000757892383728839
323.75   0.040850772349784806   0.00007640985043089359
324.   0.04107054120129004   0.0000770176991224584
324.25   0.04129686208600185   0.00007748552634360762
324.5   0.04153055136631426   0.00007791813525604678
324.75   0.041772045145754076   0.00007832460704912214
325.   0.042021800481942595   0.00007871434946551331
325.25   0.04228133330487758   0.00007909269466330205
325.5   0.042549711807328965   0.00007947589850483251
325.75   0.04282703071045052   0.00007987633608658923
326.   0.04311339460496776   0.00008030687922521176
326.25   0.04340775019247095   0.00008082462934506608
326.5   0.04371184057821215   0.00008138311706185266
326.75   0.044026295603929684   0.00008197857448996739
327.   0.04435177955892549   0.00008260709406159013
327.25   0.04468946240650054   0.00008325398425957022
327.5   0.04503943768785558   0.00008392973240355907
327.75   0.04540229201620708   0.00008463444355391628
328.   0.045778649183308324   0.00008536824833239919
328.25   0.0461694991339955   0.00008613860837402612
328.5   0.04657509924686901   0.00008693562496799198
328.75   0.04699606600545476   0.00008775642666078754
329.   0.04743305996923692   0.00008859802187227997
329.25   0.0478866299577296   0.00008943693929604889
329.5   0.04835775659274838   0.00009029797718917335
329.75   0.048847325026744215   0.0000911863781232679
330.   0.04935628603375121   0.00009210769666204267
330.25   0.049885238251500555   0.00009306604356428807
330.5   0.050435866138552284   0.00009407014522935813
330.75   0.05100953779788047   0.00009512744140250787
331.   0.05160772661873379   0.000096245865794816
331.25   0.052232366474030206   0.00009747743861477494
331.5   0.052884699974368725   0.00009877137328529892
331.75   0.05356643578199589   0.00010011865361695135
332.   0.054279427944411165   0.00010150973450429772
332.25   0.055026249480845224   0.00010291492156790204
332.5   0.05580832842570072   0.00010435027165761916
332.75   0.05662781482196817   0.00010581276242182142
333.   0.05748706180311005   0.00010729919430809939
333.25   0.05838697015867052   0.00010870436405726
333.5   0.05933267158403496   0.00011016398896611794
333.75   0.060328019168847745   0.00011171875594727109
334.   0.061377247637998594   0.00011341280516753249
334.25   0.06248656054713822   0.00011542212099594224
334.5   0.06365901051493043   0.00011762457977157692
334.75   0.0648996210801644   0.00012002108465238256
335.   0.06621397907976515   0.00012261289222775966
335.25   0.06760820431150777   0.00012540749036659264
335.5   0.06908941015076507   0.00012839905406563144
335.75   0.07066545415070583   0.0001315875842733528
336.   0.07234517160167728   0.00013497337300098344
336.25   0.07413722434792733   0.0001385123814035922
336.5   0.07605465545865527   0.0001422660045735961
336.75   0.07811086698760474   0.00014625594349430626
337.   0.08032112731367136   0.00015050692902804575
337.25   0.08270470566129993   0.0001550141453534443
337.5   0.08527923065612766   0.0001598546002403818
337.75   0.08806699991852586   0.00016508114661788778
338.   0.09109385960072185   0.00017075490673916944
338.25   0.09438891158088174   0.00017701023924009802
338.5   0.09798872587344332   0.00018384587460546352
338.75   0.10193524463736707   0.00019132941004388186
339.   0.1062781027895304   0.00019954084842108597
339.25   0.11107600601892906   0.0002085164675850096
339.5   0.11640025111909315   0.00021844778237147986
339.75   0.12233639819815142   0.0002295009688960877
340.   0.1289883516287243   0.0002418778835900798
340.25   0.13648440949144564   0.0002558510053818571
340.5   0.14497967804814113   0.00027169221087931745
340.75   0.15466811878588194   0.00028976737691138954
341.   0.16579251367555292   0.00031053463855627557
341.25   0.17865895791209135   0.0003345002356563705
341.5   0.19365669189367976   0.0003624897093775258
341.75   0.2112831805306744   0.00039548305528420996
342.   0.23217714003410514   0.0004347445107859558
342.25   0.2571566402862443   0.00048230643030499015
342.5   0.2872740376227432   0.000539794229915741
342.75   0.323849934939299   0.0006096432713407726
343.   0.36848332410844137   0.0006947692106424269
343.25   0.42295960320434994   0.0007974854937323189
343.5   0.48888466975938033   0.000921514188041951
343.75   0.5668244745384518   0.0010680048951731565
344.   0.6546030914699614   0.0012330397622523394
344.25   0.7449282214271014   0.0014042454044342042
344.5   0.8241555318881396   0.0015551240827484099
344.75   0.8758894774387127   0.0016545926643663602
345.   0.8906361297245171   0.0016844075488267288
345.25   0.873513299276689   0.001653586579006237
345.5   0.8404616265876721   0.001592408201782953
345.75   0.8072871922984719   0.0015307407316035781
346.   0.7824015778101632   0.001484525363566978
346.25   0.7666428224685857   0.0014550364413484368
346.5   0.7570344426016584   0.001437088646235997
346.75   0.750407831241121   0.001424771529224483
347.   0.744984384358126   0.0014148055455413299
347.25   0.7401812408004739   0.0014067311494036549
347.5   0.7359527686677744   0.0013997788393263102
347.75   0.7323920804447114   0.001394001571508008
348.   0.7295382612963096   0.0013893505482103184
348.25   0.7273522869328388   0.0013851262429251247
348.5   0.7257360258874396   0.0013817177256691213
348.75   0.7245823164248709   0.0013789940050999852
349.   0.7237914852420771   0.001376838169171006
349.25   0.723273069580572   0.0013752026174984882
349.5   0.7229675537913485   0.0013739764568651512
349.75   0.7228236650227343   0.0013731163188414092
350.   0.7228018263211122   0.001372601891498625
350.25   0.7228695441836192   0.0013732676993704995
350.5   0.7230064135717674   0.001373959290677234
350.75   0.7231953736909931   0.0013743600460603118
351.   0.7234235147452075   0.0013741572695857038
351.25   0.7236852451546535   0.0013710125934355243
351.5   0.7239675331571765   0.001367443438479465
351.75   0.7242633347035596   0.001363964354571228
352.   0.724567072197728   0.0013611001529266358
352.25   0.7248830263710464   0.0013618426618306676
352.5   0.7251955335703082   0.0013633089339327306
352.75   0.7254982513809274   0.0013650515569488602
353.   0.7257853664057827   0.0013666180075774645
353.25   0.7260375745722417   0.0013655420288436562
353.5   0.7262692038256535   0.001364161377440016
353.75   0.7264811040430865   0.0013628243436050861
354.   0.7266744042076897   0.0013618844086952383
354.25   0.726860424571171   0.0013633705227972645
354.5   0.7270268387077546   0.0013653163049316033
354.75   0.7271713280811869   0.0013674109002955778
355.   0.7272916673582313   0.0013693395685999664
355.25   0.7273822171681131   0.0013693044379697547
355.5   0.7274457505654573   0.0013690466123972285
355.75   0.7274816377410034   0.0013688409594264323
356.   0.7274893010296545   0.0013689658933835316
356.25   0.7274580669526959   0.00137117073803734
356.5   0.7274015814522775   0.0013736934879236102
356.75   0.727323491610216   0.0013762268595467297
357.   0.7272275161123727   0.001378459888992203
357.25   0.7271294176469005   0.0013791580251651136
357.5   0.7270163294882832   0.001379286777891188
357.75   0.7268872940731244   0.0013788978600450307
358.   0.7267413531069   0.0013780437174492658
358.25   0.7265746543101612   0.0013764484644954457
358.5   0.7263902661013946   0.0013746251601474615
358.75   0.7261883886912252   0.001372761819252421
359.   0.7259692271951844   0.0013710485600538903
359.25   0.7257338291798762   0.0013703511799842865
359.5   0.7254812349238731   0.0013699237206209287
359.75   0.7252113168645787   0.001369689287197142
360.   0.7249239444898492   0.0013695701085955584
360.25   0.7246209466472558   0.0013692163197233543
360.5   0.7242994449623318   0.0013689270383525323
360.75   0.7239585010241528   0.001368731857206857
361.   0.7235971634073084   0.0013686606466105547
361.25   0.7232045606353741   0.0013690599653041439
361.5   0.7227935447880629   0.0013695185004707988
361.75   0.7223671367061416   0.0013699387698165165
362.   0.7219283822076765   0.0013702223160197888
362.25   0.7214852329764928   0.0013696615071883613
362.5   0.7210339672446973   0.0013690051588778434
362.75   0.7205757255831026   0.0013683981989059903
363.   0.7201116527152482   0.0013679869170389297
363.25   0.7196573343616253   0.0013687816337294048
363.5   0.7191937643448271   0.0013697267122557545
363.75   0.7187162566590488   0.0013706233180440254
364.   0.7182200765374169   0.0013712707786190203
364.25   0.7176812394435431   0.001370601689357451
364.5   0.717121729221696   0.0013696196134478187
364.75   0.7165444358315282   0.0013684683903106853
365.   0.7159522701977067   0.0013672931493460632
365.25   0.7153586178228579   0.0013668599566107702
365.5   0.7147518306785611   0.0013664510520644388
365.75   0.7141306533934982   0.0013659647611387795
366.   0.7134938148654636   0.0013652985327002396
366.25   0.7128298875874235   0.0013638894783831147
366.5   0.7121517332128771   0.001362275073934251
366.75   0.7114621334422216   0.0013605359379591667
367.   0.7107638880542775   0.0013587533634503582
367.25   0.7100685752790707   0.0013571815395748976
367.5   0.7093667932894955   0.0013556625181872376
367.75   0.708657854652417   0.0013542099667730816
368.   0.7079410613092229   0.0013528376398916444
368.25   0.7072134462053414   0.0013515639656254503
368.5   0.7064774454284332   0.0013503964576988424
368.75   0.705733242200523   0.0013493472645817325
369.   0.7049810165983619   0.0013484285996383258
369.25   0.7042273785737719   0.0013481830645853438
369.5   0.7034635152087472   0.0013478821348120592
369.75   0.7026869999495876   0.0013473241009242414
370.   0.7018953843648161   0.0013463057656159445
370.25   0.7010697902001813   0.0013433985816563335
370.5   0.7002306501249059   0.0013401063720555177
370.75   0.6993820753142297   0.0013367156307040275
371.   0.6985282030924391   0.0013335149123798315
371.25   0.6976870337974702   0.0013319580297917687
371.5   0.6968434227069169   0.001330712311253642
371.75   0.6959959993721053   0.0013296029499144063
372.   0.6951433797715619   0.001328453894733159
372.25   0.6942828374029246   0.0013263449613318207
372.5   0.6934148188435667   0.0013241357625320756
372.75   0.6925384367830011   0.0013219463189479601
373.   0.6916527946985968   0.0013198974348362002
373.25   0.6907484857797743   0.0013187429859203273
373.5   0.6898364746661765   0.001317721772826653
373.75   0.6889192667939658   0.0013167019318998554
374.   0.6879993809994633   0.001315550724637164
374.25   0.6870908004808068   0.0013134575391215916
374.5   0.6861800681401578   0.0013112340345145972
374.75   0.685265124449958   0.001309017907483017
375.   0.6843438936815053   0.0013069477169866427
375.25   0.683407195208876   0.0013058007567354915
375.5   0.6824628284135749   0.0013048258299460174
375.75   0.6815115281619764   0.001303906895862365
376.   0.6805540313919524   0.0013029271824854475
376.25   0.6795906262195583   0.0013014602930302628
376.5   0.6786226837699417   0.0012998197619699592
376.75   0.6776511287625732   0.0012980111904544853
377.   0.6766768889602446   0.001296040215774145
377.25   0.6757063340199737   0.001293809566480099
377.5   0.674732796050351   0.0012914688207208843
377.75   0.6737550200662938   0.0012890652101651971
378.   0.6727717414024196   0.001286646244819368
378.25   0.671777600951212   0.0012843603281487415
378.5   0.6707770245947396   0.0012821148867304044
378.75   0.6697703651527086   0.001279917695880587
379.   0.6687579754835122   0.0012777765624248237
379.25   0.6677402084868393   0.001275699327640717
379.5   0.6667174171061948   0.001273693871689765
379.75   0.6656899543313156   0.001271768119576274
380.   0.6646581732004984   0.0012699300486673966
