310.   0.038846527631322784   0.00019232610009637277
310.25   0.038887328081505475   0.0001919908931283286
310.5   0.03892553669441653   0.000191800224660705
310.75   0.03896189376319779   0.00019173631548450177
311.   0.03899715254970058   0.00019178111564533006
311.25   0.03903207977656196   0.00019191628491676613
311.5   0.03906745614159444   0.0001921231743739131
311.75   0.03910407685570499   0.00019238280925755827
312.   0.039142752205637475   0.00019267587327144445
312.25   0.03918658346506686   0.00019292097224178251
312.5   0.0392332447410039   0.00019318400967794998
312.75   0.039282663648410335   0.00019346983481171513
313.   0.039334767120616   0.00019378339412925066
313.25   0.0393895799094055   0.0001941156236191237
313.5   0.03944689035269467   0.00019449132192205518
313.75   0.03950658279775607   0.00019492153971212373
314.   0.03956853996925173   0.00019541756314274197
314.25   0.03963227967371928   0.00019610238762515477
314.5   0.03969818668637973   0.0001968326836351875
314.75   0.039766287485933874   0.0001975747690756778
315.   0.03983660985022626   0.00019829425145672695
315.25   0.03990790262661096   0.00019879763644538827
315.5   0.03998197759609401   0.00019926934141257195
315.75   0.04005939270787342   0.0001997377139373648
316.   0.04014071932174615   0.00020023173094104783
316.25   0.0402295738544871   0.00020088161360527328
316.5   0.040322340617756386   0.00020157778167288962
316.75   0.04041838825554691   0.0002023099009513314
317.   0.04051707190189761   0.00020306740770245028
317.25   0.04061536098280205   0.00020383915620041733
317.5   0.04071587909616706   0.0002046145666198883
317.75   0.04081891377171879   0.00020538246134800049
318.   0.040924760662599924   0.00020613139066545376
318.25   0.0410337712655597   0.00020680293991938618
318.5   0.041146192910573934   0.00020744995461537106
318.75   0.04126232856090341   0.00020807934284037858
319.   0.04138249051500665   0.00020869818899287555
319.25   0.041507219139802334   0.00020932610750682977
319.5   0.041636543617305635   0.00020995341082336274
319.75   0.041770717026889954   0.00021058266711784305
320.   0.0419100013575275   0.00021121651870297507
320.25   0.04205624713441657   0.0002118209222113264
320.5   0.04220754262281789   0.00021244973765785285
320.75   0.04236352588528757   0.0002131210684083447
321.   0.04252382681825807   0.00021385355224961576
321.25   0.04268450127812308   0.0002147440855276866
321.5   0.04285011049406383   0.00021570462086722639
321.75   0.04302173574271063   0.000216723368711152
322.   0.043200494149549566   0.00021778820523983287
322.25   0.043393448867455255   0.0002188523111607404
322.5   0.04359359860059555   0.00021995047846914699
322.75   0.04379972558141073   0.0002210837321001379
323.   0.044010575975925406   0.0002222531488812791
323.25   0.04421797488945964   0.00022345969807365134
323.5   0.04443013288074306   0.00022470479560352086
323.75   0.044648541619598504   0.00022598976181820092
324.   0.044874747979270165   0.00022731598559775685
324.25   0.04511496241260341   0.00022870090040028732
324.5   0.045364472419866166   0.0002301239153947994
324.75   0.04562308929045946   0.000231579982197822
325.   0.04589062295505015   0.00023306389023761216
325.25   0.04616542935220154   0.00023456254795805307
325.5   0.046449326712155035   0.00023608106279800604
325.75   0.0467427289270668   0.00023761690004395265
326.   0.04704607275008656   0.0002391674440735595
326.25   0.04735986225419958   0.00024068658136482018
326.5   0.047684525733247635   0.00024223157402438462
326.75   0.04802056094521107   0.0002438177712977666
327.   0.04836849519912037   0.00024546120689887665
327.25   0.048728401483366796   0.0002472549472012861
327.5   0.0491015450499913   0.00024911109538022395
327.75   0.04948876122539535   0.00025101588761660516
328.   0.049890934804394826   0.000252954977663112
328.25   0.050310469066415994   0.0002548012086163404
328.5   0.05074633731870838   0.00025669385634941933
328.75   0.05119897776246441   0.0002586640314129743
329.   0.05166886501021916   0.0002607444336666565
329.25   0.052155766658411686   0.00026304162413529026
329.5   0.05266126945005927   0.00026549245929460787
329.75   0.053186295192192465   0.00026810466798849397
330.   0.05373183443182573   0.0002708865356594295
330.25   0.05429798829128679   0.0002738747599980174
330.5   0.05488723269198363   0.0002770406015220204
330.75   0.05550121808776841   0.0002803824441678381
331.   0.05614171876101732   0.0002838987475714789
331.25   0.056812854035404814   0.0002875555563827949
331.5   0.0575136474879664   0.0002913961815313719
331.75   0.05824537347013756   0.0002954333540718189
332.   0.05900942518354674   0.0002996808566505196
332.25   0.05980338200610713   0.00030420455295987394
332.5   0.06063432763159371   0.00030895082985863987
332.75   0.061505806612926914   0.000313915273055225
333.   0.06242167196865469   0.00031909341610055516
333.25   0.06338999166427361   0.0003244349022389137
333.5   0.06441005173155895   0.0003299978587930981
333.75   0.06548517443942244   0.0003357976676012777
334.   0.06661902718982991   0.0003418512963919844
334.25   0.06781452150257947   0.0003481028310738964
334.5   0.06907771598299926   0.00035467494414283783
334.75   0.07041411172597525   0.00036162373146561214
335.   0.07182982460188882   0.00036901103391202166
335.25   0.0733305621259382   0.0003771512914228296
335.5   0.07492545245221785   0.00038578593437633014
335.75   0.07662353374115626   0.0003948893007891936
336.   0.07843496013056687   0.0004044336688893319
336.25   0.08037360301192989   0.0004139337159510988
336.5   0.08244912343999596   0.000423972332393141
336.75   0.08467510869154364   0.0004347202608122323
337.   0.0870670517634326   0.0004463704974448494
337.25   0.08964049580736054   0.00045957134665623
337.5   0.09241876335281966   0.00047399655288858747
337.75   0.09542638822422851   0.0004897348525755327
338.   0.09869180159482817   0.000506889722334554
338.25   0.10224878730810683   0.0005254766866255046
338.5   0.10613519149783472   0.0005457785151822334
338.75   0.11039628738076397   0.0005680129351426207
339.   0.115085651282095   0.0005924376198104026
339.25   0.12026917173456804   0.0006192360487715272
339.5   0.12602048002903465   0.0006489377438205576
339.75   0.13243067726110314   0.0006820459758773869
340.   0.13961037057296882   0.0007191722986640997
340.25   0.1476873734042766   0.0007612177121645652
340.5   0.15683796684469023   0.0008089092680532564
340.75   0.16727289110021962   0.0008633178852273948
341.   0.179256002023557   0.0009257832703016889
341.25   0.19312932734372226   0.0009978139453498671
341.5   0.20930461400518682   0.0010817798312333577
341.75   0.22831819336853085   0.001180516729404499
342.   0.25085859247627035   0.0012976721922110276
342.25   0.2778058805468231   0.0014384636615315863
342.5   0.31029600714453254   0.0016082876258613713
342.75   0.34975251796555684   0.001814434590196224
343.   0.3978985528894734   0.0020656769357367305
343.25   0.456651861162165   0.0023701533719202856
343.5   0.5277461888140259   0.0027381031790758336
343.75   0.6117885192545633   0.0031729032199405483
344.   0.7064276820759976   0.003662834362830441
344.25   0.8038159087998574   0.004170414820075693
344.5   0.8892106005531745   0.004617422419403174
344.75   0.9449207368743938   0.004911668859161634
345.   0.9607067658022336   0.004999154044750582
345.25   0.9420387149864992   0.004909097097895175
345.5   0.9061975140651858   0.004728108080804798
345.75   0.870247605207899   0.004544086550515385
346.   0.843267617290009   0.004403701911277423
346.25   0.8262328320753245   0.004303355455859871
346.5   0.8158506458653795   0.004236337739606829
346.75   0.8086924194434059   0.004186841943753867
347.   0.8028285307570688   0.004146943000590155
347.25   0.7975837448223817   0.004125551735146412
347.5   0.7929450887400081   0.004110275035279913
347.75   0.789014147257692   0.004099715541141997
348.   0.7858341855266272   0.004092198715083781
348.25   0.7833715577395906   0.004078595380019021
348.5   0.7815114138680536   0.004066273649456319
348.75   0.7801364941693947   0.0040555184660772065
349.   0.7791376154189439   0.004046658875441494
349.25   0.7783801529642342   0.004043611859852453
349.5   0.7778475469254578   0.004042025173719647
349.75   0.7774970749821621   0.004041101187783164
350.   0.7772988017646302   0.004040101634655233
350.25   0.7772938712918777   0.004035599470679964
350.5   0.7773851776752058   0.004030745379090577
350.75   0.7775419190889807   0.004026011731548548
351.   0.7777375976437381   0.004021902076133985
351.25   0.777912981993616   0.00401914864256404
351.5   0.778097477870634   0.0040180204736930125
351.75   0.778286823639296   0.004019005737285686
352.   0.7784783847410632   0.00402260813447021
352.25   0.7786886277670025   0.004034709809228272
352.5   0.7788923900069753   0.004048360185308809
352.75   0.7790829262997141   0.00406191691562078
353.   0.7792540628866466   0.004073717768932824
353.25   0.7793815354842889   0.004075111588053233
353.5   0.7794858341298515   0.004074114104504865
353.75   0.7795694152770628   0.004071837334980803
354.   0.7796350564254141   0.004069410050606875
354.25   0.7796908079869592   0.004070760900038308
354.5   0.7797329784873661   0.0040731683839803365
354.75   0.7797630187924861   0.004076677476724181
355.   0.7797825286502528   0.004081334156663752
355.25   0.779824664400558   0.00408932695270002
355.5   0.7798474209593363   0.004097716062814687
355.75   0.7798399596869275   0.0041056795218025605
356.   0.7797913697341106   0.004112385337140351
356.25   0.7796369776526173   0.004113246153126132
356.5   0.7794406020714835   0.004112635958855658
356.75   0.7792128759282363   0.004111214749961794
357.   0.7789645920922479   0.004109650830205656
357.25   0.7787479312041548   0.004110532958584524
357.5   0.7785164481762785   0.004111877156511243
357.75   0.7782646395498635   0.004113599476176958
358.   0.7779869493890958   0.004115614927222952
358.25   0.777649844715352   0.0041182665435723605
358.5   0.7772866278005794   0.004120868549936788
358.75   0.7769029042315058   0.004123158922602696
359.   0.7765043451768063   0.004124872768716224
359.25   0.7761190414868725   0.004124584767627275
359.5   0.7757215851980631   0.004123640131307369
359.75   0.7753087664124922   0.004122234962395958
360.   0.7748773380881132   0.004120567526113203
360.25   0.7744138258510528   0.004120004314607653
360.5   0.7739291319907586   0.004119120038646749
360.75   0.7734240267054622   0.004117646713613356
361.   0.7728992842425454   0.004115313669190098
361.25   0.7723552245235596   0.004110503726648055
361.5   0.7717932675000713   0.004104817126531975
361.75   0.7712143820267278   0.004098519668262504
362.   0.7706195409978402   0.004091879818278761
362.25   0.7700041140416091   0.004085057495094721
362.5   0.7693769093296813   0.004078481531967257
362.75   0.7687411797095789   0.004072473157684963
363.   0.7681002018640055   0.004067356532365137
363.25   0.7674745128222431   0.0040649917842727375
363.5   0.7668433670190853   0.004063568141360042
363.75   0.7662031343804963   0.004062797892170739
364.   0.7655501442989054   0.00406239053083153
364.25   0.7648826009535772   0.004062177645831881
364.5   0.7641940805953306   0.004061689091333634
364.75   0.763480020016514   0.004060575762012913
365.   0.7627358111184865   0.004058485424528575
365.25   0.7619281828594714   0.004053287213174332
365.5   0.7610924071515784   0.004047102752729607
365.75   0.7602353164413341   0.004040288978078131
366.   0.759363797160801   0.004033205919100436
366.25   0.7585209937996616   0.004025895925102707
366.5   0.7576633313105182   0.0040191729865329
366.75   0.7567832195454637   0.004013535508437405
367.   0.7558730012105384   0.0040094857407187556
367.25   0.754864637783567   0.004010657416811425
367.5   0.7538345883618646   0.004013192253929335
367.75   0.7527993697620958   0.004016340606273348
368.   0.7517756251267586   0.004019346550434876
368.25   0.7508333634560269   0.004018878257100148
368.5   0.7499151016712474   0.004017757053248088
368.75   0.7490163457138755   0.0040162469782157725
369.   0.748132558330203   0.0040146141513383036
369.25   0.7472691736948366   0.004014795210366205
369.5   0.7464075807364049   0.00401472950866042
369.75   0.7455390732542876   0.004014015468065631
370.   0.7446548750410021   0.004012248528795206
370.25   0.743718818448529   0.004006527849202681
370.5   0.7427601625007845   0.003999926709744086
370.75   0.7417809561759028   0.00399303845402279
371.   0.7407832604370396   0.003986460663152822
371.25   0.7397571492635598   0.003983287158004376
371.5   0.738721471524399   0.003980641925021203
371.75   0.7376831650339478   0.003978129398867016
372.   0.7366492119944874   0.003975351199440461
372.25   0.735666457934782   0.003970179467278623
372.5   0.7346863332242832   0.0039646229847069645
372.75   0.7336998848769436   0.003958971772187056
373.   0.7326980951757713   0.003953517814433416
373.25   0.7316440620458207   0.00395062834209522
373.5   0.7305675162658385   0.0039477020283822965
373.75   0.7294704724137772   0.0039442003674196235
374.   0.7283549562990465   0.003939581342790796
374.25   0.7272157516442705   0.003930123314285227
374.5   0.7260650420086024   0.003919716060004945
374.75   0.7249078106217655   0.0039090880156234156
375.   0.7237490695973005   0.0038989721903110795
375.25   0.7226053697712369   0.003892715271131352
375.5   0.7214656941883895   0.0038874128786980985
375.75   0.7203304989964382   0.0038827597371452202
376.   0.7192002394546251   0.0038784486173648576
376.25   0.7180919039531599   0.003873173733647822
376.5   0.7169828385296877   0.003868016872708131
376.75   0.7158668319455914   0.003863066753026819
377.   0.7147376328265788   0.0038584126000059974
377.25   0.7135559961599581   0.003854579149005901
377.5   0.7123616500067947   0.003851048628482026
377.75   0.7111615050710645   0.003847736448370787
378.   0.7099625103024216   0.003844557490979658
378.25   0.7088001233906642   0.0038417572081126945
378.5   0.7076415740290157   0.0038387866826077384
378.75   0.7064824524813708   0.003835425868882735
379.   0.705318321205379   0.0038314534793035325
379.25   0.7041447152375102   0.0038266470068258314
379.5   0.702957142571628   0.003820782750548117
379.75   0.7017510845312003   0.003813635844323714
380.   0.7005219961353025   0.0038049802886357467
