310.	5.765410668739191	0.008068052333706307
310.25	5.743668490607441	0.008037877907986445
310.5	5.72202023368505	0.00800774443981253
310.75	5.70046827155745	0.007977846158107378
311.	5.679012086995868	0.00794807693725497
311.25	5.657653759307573	0.007918497941216372
311.5	5.636376318772732	0.007888767884059029
311.75	5.615208668612172	0.00785923799993868
312.	5.594131364618527	0.007829994032070972
312.25	5.573136734495013	0.00780120540886047
312.5	5.552243588777967	0.00777241083262852
312.75	5.531442791910998	0.007743524327406983
313.	5.510938287678848	0.007713466206052168
313.25	5.49037166653152	0.007684394428733803
313.5	5.469844835747211	0.007655999766312375
313.75	5.4494065914509315	0.007627598222581251
314.	5.429058543400657	0.007599278543274965
314.25	5.408799687657625	0.0075711367500705794
314.5	5.38862923827446	0.007543126953432967
314.75	5.368536391160844	0.007514992773701867
315.	5.348609113051777	0.007487381090600398
315.25	5.328711449369363	0.007459397317055831
315.5	5.308892744311085	0.007431886802959176
315.75	5.289164914020972	0.007404385679859948
316.	5.269516199609189	0.007377108262544911
316.25	5.249947312638435	0.007350060363684853
316.5	5.230472135419156	0.007323024466522391
316.75	5.211073617118285	0.007296104401383774
317.	5.191770113929567	0.007269247616846374
317.25	5.172530235730406	0.007242439370045339
317.5	5.153391848183283	0.007215873833603908
317.75	5.134375597250793	0.007189511134387031
318.	5.115388690332526	0.007163000306003962
318.25	5.096532656451676	0.007136472503165387
318.5	5.077713027961444	0.007110189912971486
318.75	5.058987991973585	0.0070842487720585035
319.	5.040347339674753	0.007058215296580409
319.25	5.02178342864389	0.007032444860359811
319.5	5.003300374909779	0.00700677650335975
319.75	4.984897296659487	0.0069812196193772234
320.	4.966615880111844	0.006955960389689657
320.25	4.948371958698781	0.006930521773185417
320.5	4.930206905379548	0.006905402960464686
320.75	4.912112541450168	0.006880230591775489
321.	4.894103762644111	0.006856924205147972
321.25	4.876171626701565	0.0068320254842404145
321.5	4.858317909397663	0.0068072183663619
321.75	4.840537833917999	0.0067824564903928505
322.	4.822836310905608	0.006757869174066983
322.25	4.805209614550991	0.006733443460446025
322.5	4.787671226989281	0.006709247656839862
322.75	4.770199256604153	0.006684807649760803
323.	4.752767416722113	0.006660611944791186
323.25	4.735442289975592	0.0066365388215391865
323.5	4.7181778679617885	0.006612194040853799
323.75	4.701002465052298	0.00658829815827097
324.	4.683898671596012	0.006564532748815302
324.25	4.666861591373447	0.006540985491138144
324.5	4.649897602543806	0.006517212436609182
324.75	4.632982467460145	0.006493758450901204
325.	4.616182187764874	0.006470499963211577
325.25	4.59944313787992	0.006447313875922828
325.5	4.582772534723585	0.006424144928707954
325.75	4.56617264809993	0.006401073559872024
326.	4.549642743120501	0.006378115937986122
326.25	4.533159250605211	0.006355144719798181
326.5	4.516773151128303	0.006332264104605156
326.75	4.50045546904538	0.006309576846269933
327.	4.484199964207123	0.00628663831919449
327.25	4.468023584948739	0.006264386810082191
327.5	4.45192062238915	0.006242148026347996
327.75	4.435873253396083	0.006219871398349911
328.	4.4199011356961435	0.006196547716149171
328.25	4.403992083382881	0.0061744376230995525
328.5	4.388150971520395	0.006152415916638572
328.75	4.37237629225386	0.0061305102306102215
329.	4.356674492426875	0.006108255307844384
329.25	4.341024204108435	0.006086509274423378
329.5	4.32544894963538	0.0060649165636590925
329.75	4.309937145585085	0.006043348737609674
330.	4.294489013573108	0.006021959796575178
330.25	4.279099587096099	0.006000591291405505
330.5	4.263777757484158	0.005979105540090391
330.75	4.248527394328031	0.0059579238663727335
331.	4.23333892569833	0.0059368916978778325
331.25	4.2181725423508105	0.005915553365917837
331.5	4.203113083241468	0.0058946195879797355
331.75	4.188100505619068	0.00587315345547949
332.	4.1731665618870935	0.00585237397130975
332.25	4.158295459457579	0.005831707797363184
332.5	4.143486350210588	0.005811120825525714
332.75	4.128738269683913	0.005790562598493858
333.	4.114061010248972	0.005770209326923835
333.25	4.099448880710549	0.0057496116175656895
333.5	4.084896445590801	0.005729089821179822
333.75	4.07039372320893	0.005708985507105313
334.	4.055941314574627	0.005689017343208801
334.25	4.041558288056349	0.005669026513522005
334.5	4.027237298072334	0.005649153032175254
334.75	4.012976573226605	0.005629228027215738
335.	3.998773673670125	0.005609481486056025
335.25	3.9846291663553117	0.0055898052306800425
335.5	3.970545823116978	0.005570249852877877
335.75	3.9565089810826226	0.005550643034472189
336.	3.942541985077203	0.005531213568241538
336.25	3.9286404965795034	0.005511832972825152
336.5	3.9147864993504986	0.005492598990970332
336.75	3.900982170146209	0.005473458350489953
337.	3.8872402768888414	0.005454382371309003
337.25	3.873566188926721	0.005435370370363085
337.5	3.8599406590602063	0.005416408921863941
337.75	3.8463666804242225	0.0053975051193600404
338.	3.8328691488041895	0.005378299928612977
338.25	3.8194085891320957	0.005359586637522651
338.5	3.8060037447584194	0.005340779038510871
338.75	3.792649314415124	0.005322374758173528
339.	3.7793645923387027	0.005303835921006763
339.25	3.7661255828681206	0.005285484041378081
339.5	3.7529204821866964	0.005266497001808361
339.75	3.73978442003156	0.005248163724525845
340.	3.72670780507768	0.00523001236597388
340.25	3.713682596216869	0.0052120079111990895
340.5	3.7007101114252268	0.005193859674759727
340.75	3.687798859899189	0.005175869892254625
341.	3.6749321315663193	0.00515791686524603
341.25	3.6621276358266686	0.005140182851859726
341.5	3.6493700932150723	0.0051224456824849945
341.75	3.6366459210441864	0.005105065064306827
342.	3.6239990743942707	0.005086874386873127
342.25	3.61139133369958	0.005069294191540708
342.5	3.5988400237363196	0.005051832017857493
342.75	3.5863421844463943	0.005034447161652464
343.	3.5738918431433304	0.005017170461183439
343.25	3.5614905258472573	0.004999992787033469
343.5	3.549130887620832	0.004982447233345469
343.75	3.5368317363323274	0.00496534659393221
344.	3.5245834776113796	0.004948360041357364
344.25	3.512384323000866	0.004931433126675607
344.5	3.50023509367618	0.004914512697312816
344.75	3.4881349614817423	0.004897665833644231
345.	3.4760838342728078	0.00488088743915771
345.25	3.4640809169201967	0.00486412898939053
345.5	3.452127300876415	0.004847484020171974
345.75	3.4402217020818844	0.004830902931086661
346.	3.4283719960864296	0.004815423831328122
346.25	3.416578786174621	0.004798694673843087
346.5	3.4048172497839095	0.0047821870753132
346.75	3.3931093874400986	0.004765857442772902
347.	3.3814502167119906	0.004749832068450509
347.25	3.3698251982418115	0.004733527393668534
347.5	3.358251709873134	0.0047174055531239
347.75	3.3467455071885883	0.004700757795802035
348.	3.3352644893443	0.004684752939102279
348.25	3.323825768799234	0.004668775362541392
348.5	3.312444232717502	0.004653077454993259
348.75	3.3011036199973836	0.004637251322698089
349.	3.2898050739796387	0.00462148932769002
349.25	3.2785560678012753	0.004605566403793158
349.5	3.267396514592316	0.004590033792557593
349.75	3.256232686050788	0.004574462245315766
350.	3.2451122948994766	0.004558980543385403
350.25	3.2340396885380724	0.004543557647492368
350.5	3.223010962855326	0.0045281829567595635
350.75	3.212022618878237	0.004512365273202563
351.	3.201078911611538	0.004497161892142849
351.25	3.190181922275814	0.004481992167920397
351.5	3.179328440606085	0.0044668777598075235
351.75	3.168520139650815	0.004451784698800752
352.	3.1577527846165583	0.004436876452617814
352.25	3.147008598724909	0.0044218613556438295
352.5	3.136322018270183	0.004407006749540507
352.75	3.125680225761642	0.004392124625177853
353.	3.1150891139303205	0.004376903944594407
353.25	3.1045338861166316	0.004362197782013152
353.5	3.094040777113787	0.004347654948005845
353.75	3.0835868694969193	0.00433374763502483
354.	3.073156058344379	0.004319121853869705
354.25	3.0627704455816	0.004304413380332668
354.5	3.05242304707104	0.0042899396234211224
354.75	3.0421123859430086	0.0042754671900238315
355.	3.031847936855325	0.004261044993540736
355.25	3.0216228073856115	0.004246826820737272
355.5	3.011433824625431	0.0042325340348042095
355.75	3.0012925838898923	0.004218375044678396
356.	2.991187035897875	0.004204262846720064
356.25	2.9811231006700276	0.004190589909586068
356.5	2.971093210717545	0.004176662324127268
356.75	2.961114151384827	0.004162722965660364
357.	2.951167611997946	0.004148865285174261
357.25	2.9412662550905253	0.004135121500386912
357.5	2.9313962569746845	0.004121368021617452
357.75	2.921562640565678	0.0041076496314889814
358.	2.9117714129291534	0.004094010173474169
358.25	2.9020205667004366	0.004080416447751244
358.5	2.8923059915511273	0.00406688377601125
358.75	2.8826239451700015	0.0040532789113363185
359.	2.8729851222425253	0.004039845910777363
359.25	2.8633876653624246	0.004026415045112072
359.5	2.8538241228477084	0.00401308720511805
359.75	2.844296405360287	0.003999802014397612
360.	2.834807472974832	0.003986555895342406
360.25	2.8253555754969826	0.003973242447420079
360.5	2.815942282015454	0.003960027277874298
360.75	2.8065634841002294	0.003946804541823876
361.	2.7972221566094975	0.00393368970231663
361.25	2.787917662902561	0.003920728006620524
361.5	2.7786486562930475	0.003907813151559206
361.75	2.769414345514409	0.0038949533069632934
362.	2.7602173892770416	0.0038821364974768505
362.25	2.75105505462158	0.003869334977423275
362.5	2.7419302760263022	0.0038565688570834466
362.75	2.732844913779351	0.0038438218007568804
363.	2.723789970044439	0.0038311990338915337
363.25	2.7147697079081032	0.0038186293200174496
363.5	2.7057845025756393	0.0038060979379193794
363.75	2.6968341002415563	0.003793621556355384
364.	2.687918272663861	0.0037811921962301333
364.25	2.679037981014216	0.003768904787046391
364.5	2.6701908888142842	0.0037565699692564828
364.75	2.661376685352103	0.0037441422665421887
365.	2.652598090741762	0.003731915671172611
365.25	2.6438703374516113	0.0037193795021128657
365.5	2.6351248802258844	0.0037071821149454185
365.75	2.6264403860272783	0.0036951131581779034
366.	2.6177950665930796	0.0036830544509083435
366.25	2.6091839769662024	0.0036710491701067364
366.5	2.6005938761664953	0.0036591750181201284
366.75	2.5920457167497113	0.0036472210367878336
367.	2.5835325230445543	0.0036353298067466288
367.25	2.5750608963348505	0.0036234415272155007
367.5	2.5666051086832065	0.003611741898609981
367.75	2.5581549254448053	0.003599506874306428
368.	2.5497718211984504	0.0035878200350940278
368.25	2.5414215990933338	0.0035761896434419703
368.5	2.5330748916971495	0.00356419149595385
368.75	2.524788767455785	0.003552691859036996
369.	2.5165319523763485	0.0035413338070494006
369.25	2.508310083871613	0.0035298723859890197
369.5	2.500104139917328	0.0035179610260585945
369.75	2.491942778000825	0.0035065761760481417
370.	2.4838124748769865	0.00349524063093045
370.25	2.475714854966171	0.0034839390619922105
370.5	2.4676482620283933	0.0034726842181385404
370.75	2.4595953424793984	0.0034613081153959985
371.	2.451588132922129	0.003450135409486196
371.25	2.4435851716578787	0.0034388920989936386
371.5	2.4356656246045825	0.003427712549948693
371.75	2.4277495300465906	0.003416669023791752
372.	2.419862845196471	0.003405662073625355
372.25	2.412006421783258	0.003394701279445135
372.5	2.4041802312854323	0.0033837743701718233
372.75	2.3963848044829326	0.0033728960930533955
373.	2.3886172756919235	0.0033620829825235046
373.25	2.380879475260096	0.003351266214576666
373.5	2.373173248908935	0.0033405422401713214
373.75	2.365498205881784	0.003329613785036157
374.	2.3578460721397754	0.0033189737219248413
374.25	2.3502252356883435	0.0033084815262507373
374.5	2.342632623547909	0.003297885775901073
374.75	2.3350745040103056	0.003287212915832752
375.	2.327538000284741	0.0032766940913835233
375.25	2.3200328130286003	0.003266250948322884
375.5	2.3125568901709377	0.0032557490796678843
375.75	2.305106062403076	0.0032453533593049654
376.	2.297683440373918	0.003234993702548554
376.25	2.290289297749721	0.0032246729664251834
376.5	2.282911180870774	0.0032141731219004414
376.75	2.2755718347677933	0.0032039240045117602
377.	2.2682600866428064	0.0031937162856540188
377.25	2.2609717590654865	0.0031835312059488984
377.5	2.253719949885119	0.003172203000711782
377.75	2.2464902426497697	0.003162132354714116
378.	2.2392872661066265	0.0031520779030662343
378.25	2.232119708095048	0.0031418196457105585
378.5	2.2249706034749495	0.00313184703923564
378.75	2.2178484062231045	0.00312190816178422
379.	2.2107522639443857	0.003112076598303652
379.25	2.2036846192175	0.003102193928150208
379.5	2.1966364268683742	0.0030924187079223097
379.75	2.189619892806232	0.0030826256916039697
380.	2.1826292373435785	0.003072861816552636