310.   0.03536657702124057   0.00006909075438621302
310.25   0.03539660396889446   0.00006940212526883076
310.5   0.03542885836140287   0.00006959850619875985
310.75   0.03546330205731983   0.00006970252380890973
311.   0.035499896792198546   0.00006973719980975765
311.25   0.035538604175078606   0.00006972596646184354
311.5   0.03557938568489874   0.00006969268277684659
311.75   0.035622202666831596   0.0000696616514886746
312.   0.03566701632853866   0.00006965763683873859
312.25   0.03571358130609828   0.00006980511618285156
312.5   0.03576214590617563   0.00006999168467049318
312.75   0.03581275547038698   0.00007020295314799996
313.   0.03586545689669723   0.00007042425237798894
313.25   0.03592034908279764   0.00007061455699534205
313.5   0.03597741213100679   0.00007079487827055595
313.75   0.036036677365094735   0.00007096032396066485
314.   0.03609817751830077   0.00007110589777002457
314.25   0.03616150921420392   0.0000711975653220196
314.5   0.03622731705251763   0.00007127036105523286
314.75   0.03629581807089651   0.00007133082757979142
315.   0.03636723498840919   0.00007138564812334202
315.25   0.03644265044015544   0.00007143322865086694
315.5   0.03652111144208307   0.00007149227064920181
315.75   0.03660250825688745   0.00007157338196430044
316.   0.03668672974592376   0.00007168741936510412
316.25   0.03677298674299432   0.0000719050419224105
316.5   0.03686210588814907   0.00007215484672213525
316.75   0.03695425001568922   0.00007242399525147163
317.   0.03704958714972238   0.00007269934531980632
317.25   0.037148481176114474   0.00007292151090422995
317.5   0.03725084660954519   0.00007314053369290331
317.75   0.03735679013368781   0.00007336120563356128
318.   0.03746642271039836   0.00007358844219156646
318.25   0.0375801934750373   0.00007384945628770337
318.5   0.037697759013658   0.00007411862887636096
318.75   0.03781910670997152   0.00007439212943684727
319.   0.03794422543035461   0.00007466602733396448
319.25   0.03807247945888233   0.0000749139419615247
319.5   0.03820473051641925   0.0000751627592177638
319.75   0.03834123154209076   0.00007541746039812862
320.   0.03848224486929385   0.00007568317195540386
320.25   0.038628377827336136   0.00007598455446461877
320.5   0.038779448030230694   0.00007630014541290987
320.75   0.038935610411336224   0.00007662752231435687
321.   0.03909702736758146   0.00007696419575073304
321.25   0.03926388614603731   0.00007729830654166994
321.5   0.0394363419435802   0.00007764012126724838
321.75   0.039614575327292706   0.00007799078904882009
322.   0.039798776093191976   0.00007835150171936416
322.25   0.039989166125336296   0.00007868729760228776
322.5   0.04018592457601472   0.00007904965527103022
322.75   0.04038926332034491   0.00007945498670451578
323.   0.04059940574634269   0.00007992028586580319
323.25   0.04081659300198567   0.00008058358258711594
323.5   0.04104106625701205   0.00008129629099194606
323.75   0.041273085984613836   0.00008202710455327067
324.   0.041512927534130065   0.00008274358368761509
324.25   0.041760538415436255   0.00008329750725340542
324.5   0.04201670292676989   0.00008381257544070444
324.75   0.042281891629856974   0.0000843004485482246
325.   0.042556600488609195   0.00008477323696895119
325.25   0.04284215370260049   0.00008524860919647169
325.5   0.04313799569390223   0.00008573265330995316
325.75   0.0434443739543185   0.00008623690250182974
326.   0.04376155533128467   0.00008677339513308331
326.25   0.044088782117101405   0.00008738808971017745
326.5   0.04442780960504227   0.00008804802346839652
326.75   0.04477941352572102   0.0000887529190325776
327.   0.04514441678600165   0.00008950252130746302
327.25   0.0455243883082459   0.00009030145508621807
327.5   0.04591929811664454   0.00009114281238967772
327.75   0.04632984146833656   0.00009202436104718244
328.   0.04675676404684115   0.00009294379548201198
328.25   0.047200758962693726   0.00009389705565713476
328.5   0.04766283504403075   0.00009488397926259895
328.75   0.04814396415392415   0.00009590271347099382
329.   0.048645192415910324   0.00009695134264442019
329.25   0.04916780423630201   0.00009800466917468549
329.5   0.049712800510251856   0.0000990925941847187
329.75   0.05028142924601701   0.00010022291592954462
330.   0.050875042602105354   0.0001014039550119292
330.25   0.051494535203712395   0.00010266751774530809
330.5   0.05214228811627925   0.00010399165198586935
330.75   0.052820283245824134   0.00010537672141664844
331.   0.05353067578524493   0.00010682319738364252
331.25   0.05427631981409365   0.00010831450546822758
331.5   0.05505908425885598   0.00010987491197913491
331.75   0.055881552492279586   0.00011151274965875064
332.   0.05674656024670373   0.00011323708940506145
332.25   0.05765756543481884   0.00011510491496814838
332.5   0.05861754292438509   0.00011706265586569884
332.75   0.059630142625060896   0.00011910154613743975
333.   0.06069940943676765   0.00012121222561384223
333.25   0.061828325889426695   0.00012325841063079893
333.5   0.06302395595492565   0.00012540141518358757
333.75   0.06429255758178237   0.00012768555687909245
334.   0.0656411238969865   0.00013015967537929416
334.25   0.0670787056154678   0.00013298848707331726
334.5   0.06861247330943894   0.00013608183181856463
334.75   0.07025182980906249   0.0001394570199924739
335.   0.07200743325688413   0.00014313383764042977
335.25   0.07389214943324009   0.0001471764136723717
335.5   0.07591882448715134   0.00015155483321387502
335.75   0.0781029954665785   0.0001562801591450242
336.   0.08046255838976463   0.00016136559496448175
336.25   0.08301584600653948   0.00016674665662632968
336.5   0.08579010565101186   0.00017254954262404143
336.75   0.08881456412170938   0.00017883402977886273
337.   0.09212353187369571   0.00018567022107078847
337.25   0.09576020282530909   0.00019313331940524887
337.5   0.09976912337565491   0.00020133141361421478
337.75   0.1042064996552868   0.00021038536775011947
338.   0.10913995795963231   0.00022044055077404993
338.25   0.11464947403696041   0.00023174779620587887
338.5   0.12083757129806724   0.00024442435837206724
338.75   0.12782813517413463   0.00025869703988740323
339.   0.13577466769876428   0.00027484623865175827
339.25   0.14486978047493407   0.0002930177492213959
339.5   0.15535357037495295   0.0003139089126510232
339.75   0.16753143522026825   0.00033818005450795337
340.   0.18179302254311652   0.00036667757416893683
340.25   0.19863754318317975   0.0004008089324250743
340.5   0.2187061380150398   0.000441597662713639
340.75   0.24281755301502195   0.0004906857337750962
341.   0.272001642392074   0.0005501317005951479
341.25   0.30750882273398045   0.0006220152575174855
341.5   0.35074010475480727   0.0007095691211262112
341.75   0.40299144105040774   0.0008155454686147152
342.   0.4648076960743866   0.0009412530955339679
342.25   0.5347151364463932   0.001085045336881105
342.5   0.6074503965988758   0.0012354470014176299
342.75   0.6729719014920665   0.0013717927439773488
343.   0.719087865829393   0.0014687115031309904
343.25   0.7386179191872783   0.0015092176177362961
343.5   0.7351172568852135   0.0015021753400148222
343.75   0.7200171304122156   0.001471201461058564
344.   0.7042340364886713   0.0014388807170317428
344.25   0.6929294937110506   0.0014168694420141322
344.5   0.6860906935595745   0.0014041970838720077
344.75   0.6817326663635167   0.0013967415834838614
345.   0.6782857579356419   0.0013912219902943235
345.25   0.6751586607542645   0.0013863186842042626
345.5   0.6723494243730928   0.0013820038691276526
345.75   0.670024518033691   0.0013785608578324388
346.   0.6682855158030832   0.0013761403506383166
346.25   0.6671237560428739   0.0013741983454628082
346.5   0.6664728844554451   0.0013731902467048424
346.75   0.6662387213865053   0.00137304802830618
347.   0.6663294375714949   0.0013737096230018097
347.25   0.6666671089668811   0.0013758636866785271
347.5   0.667186947335007   0.0013785040235505797
347.75   0.6678389171547702   0.001381367223372709
348.   0.6685844440764861   0.00138421041817115
348.25   0.6693952890251248   0.001386112464515077
348.5   0.6702470887562395   0.0013878231909148294
348.75   0.671122085513226   0.0013894177634638856
349.   0.6720065751555141   0.0013909817867460395
349.25   0.6728883301898244   0.0013928605652768276
349.5   0.6737613502394517   0.0013948054157305614
349.75   0.6746198638270338   0.0013968206167597698
350.   0.6754595140206375   0.0013989136390541905
350.25   0.6762750550754562   0.0014019147778931268
350.5   0.6770668618304743   0.001404693464863881
350.75   0.6778340284938174   0.0014069279880269444
351.   0.6785761979859143   0.001408292293843256
351.25   0.6792956988309884   0.0014062192078988954
351.5   0.6799898332135397   0.0014034898309471246
351.75   0.6806584003913279   0.0014006782214156964
352.   0.6813014152211455   0.0013983686204149714
352.25   0.6819283972975227   0.0013996772649877047
352.5   0.6825266701353022   0.001401693282006956
352.75   0.6830928650742017   0.0014040005266400153
353.   0.6836236453538571   0.0014061761800847308
353.25   0.6841005694059396   0.0014058863237166883
353.5   0.6845413938498479   0.0014053497567248928
353.75   0.6849489566034442   0.0014049008178161572
354.   0.685326169256365   0.001404878975205778
354.25   0.6856856557129184   0.0014073305234021812
354.5   0.686017000791879   0.0014102322223951036
354.75   0.6863193610578304   0.0014132449613001566
355.   0.686591885100017   0.0014160246366698669
355.25   0.6868358856916076   0.0014166518795902892
355.5   0.6870474533060936   0.0014169626740350482
355.75   0.6872248106827428   0.0014172376775460306
356.   0.6873661514922985   0.001417761432143171
356.25   0.6874497997697628   0.0014201992715418355
356.5   0.6875015582398687   0.0014229227789722052
356.75   0.6875275965817431   0.0014256676586119018
357.   0.6875341550872915   0.0014281660745041362
357.25   0.6875496918223658   0.0014293975899050124
357.5   0.6875496847524113   0.0014301324868198858
357.75   0.6875315720456794   0.0014303971593596328
358.   0.6874927452532765   0.0014302184276986556
358.25   0.687422640484473   0.0014292795866606132
358.5   0.6873295924274623   0.0014280881309115133
358.75   0.6872140680718851   0.0014268117754387497
359.   0.6870765274293217   0.0014256202460740002
359.25   0.6869166924729427   0.0014252136394399544
359.5   0.6867360290856044   0.0014250282763741727
359.75   0.6865352727332854   0.001425025236633298
360.   0.6863151551222446   0.0014251650713854676
360.25   0.6860808176876132   0.0014253196722072321
360.5   0.6858268252930876   0.0014255715685387762
360.75   0.6855521082318329   0.0014259155346219798
361.   0.6852555739404618   0.0014263462367807784
361.25   0.684924497202705   0.0014270323924501177
361.5   0.6845739456287624   0.0014277253818297724
361.75   0.6842074668134412   0.00142834896236886
362.   0.6838286353471705   0.0014288260672407644
362.25   0.6834506222726268   0.0014284963694667075
362.5   0.6830636960096566   0.001428094241133608
362.75   0.6826676319200287   0.0014277762137304595
363.   0.6822621922175385   0.0014277003810457588
363.25   0.6818546707217945   0.0014289760471960834
363.5   0.6814342715647961   0.0014304385468803752
363.75   0.6809976638317626   0.0014318659189348707
364.   0.6805414754272174   0.0014330340034726995
364.25   0.6800461367895015   0.0014327725716310295
364.5   0.6795307541661701   0.0014321710692232028
364.75   0.6789983762097198   0.0014313810349512086
365.   0.6784520731394954   0.0014305554555111345
365.25   0.6779078237914506   0.0014305068510256425
365.5   0.6773507452888596   0.0014304720838139934
365.75   0.6767787563058933   0.0014303420682702495
366.   0.67618974970531   0.0014300067195319732
366.25   0.6755680108099504   0.0014289002141259694
366.5   0.674930349351771   0.0014275455725711009
366.75   0.6742800765577484   0.001426013730341778
367.   0.6736205264413738   0.0014243762565680884
367.25   0.6729660581574215   0.00142270641884968
367.5   0.6723046839385891   0.0014210755207266846
367.75   0.6716353559095807   0.0014195565357168632
368.   0.6709570109841798   0.0014182230269440474
368.25   0.6702642036174423   0.001417494536072723
368.5   0.6695619412514673   0.0014169633563369316
368.75   0.6688508818194565   0.0014165651765307775
369.   0.6681316831391624   0.0014162351268784798
369.25   0.66741274487069   0.0014161055652262206
369.5   0.6666839105967745   0.0014158342727083842
369.75   0.6659427102089059   0.0014152748556884357
370.   0.665186649471609   0.0014142797811292328
370.25   0.6643970205603767   0.0014117155771906844
370.5   0.6635938981102133   0.0014088081967311233
370.75   0.6627812563733102   0.0014058045280709159
371.   0.661963095776975   0.0014029533559868873
371.25   0.6611583014708892   0.0014013600451940414
371.5   0.6603501668722058   0.0014000830369991714
371.75   0.6595367694585835   0.001399031549041711
372.   0.6587161680265529   0.0013981140884898476
372.25   0.6578782335754962   0.0013971667097917803
372.5   0.6570324020083653   0.0013961967784321876
372.75   0.6561799752230628   0.001395139695554621
373.   0.6553222606899302   0.0013939303966938965
373.25   0.6544651777289588   0.001392172654773777
373.5   0.6536036087570024   0.0013902625544078367
373.75   0.6527370188162959   0.0013882671193447447
374.   0.6518648656156578   0.0013862538415704408
374.25   0.65098547915561   0.0013843428914389697
374.5   0.6500998684804494   0.0013825297150204838
374.75   0.6492079220191089   0.0013808621036219015
375.   0.6483095243089004   0.0013793881512160395
375.25   0.6474028114950147   0.0013786177361674538
375.5   0.6464900983230665   0.0013779546807294275
375.75   0.645571961643741   0.001377261840086059
376.   0.644648979177669   0.0013764011632132827
376.25   0.6437233752516944   0.0013746729347946956
376.5   0.6427934294909731   0.0013727209741223813
376.75   0.6418590586206306   0.0013706306977976773
377.   0.6409201760910076   0.0013684880733796732
377.25   0.6399768444721637   0.0013666856437436824
377.5   0.6390287579261932   0.0013648827713035056
377.75   0.6380757589845777   0.0013630436628746803
378.   0.6371176867403092   0.0013611323000215726
378.25   0.6361535449823246   0.0013589067299383559
378.5   0.6351843287657122   0.0013566179930442953
378.75   0.6342102024802666   0.0013543123225155773
379.   0.6332313292596804   0.0013520362260755852
379.25   0.6322478710045181   0.0013498364822460062
379.5   0.6312599884046496   0.0013477601366619848
379.75   0.6302678409611304   0.0013458544984497423
380.   0.6292715870075722   0.001344167136665249
