310.   0.07304306390258707   0.00008314324468317033
310.25   0.07299246380300473   0.00008316037865918429
310.5   0.07294443752509913   0.00008314262241828157
310.75   0.07289892884593117   0.00008309705012650559
311.   0.07285588142106647   0.00008303081391110161
311.25   0.07281523878248382   0.00008295114637549254
311.5   0.07277694433653663   0.00008286536320993165
311.75   0.07274094136197282   0.00008278086590239058
312.   0.07270717300802063   0.0000827051445544998
312.25   0.07267533585742991   0.00008268307569963916
312.5   0.0726457165928344   0.0000826703060233674
312.75   0.0726183580381655   0.00008265946453999264
313.   0.07259330414892998   0.00008264308941132034
313.25   0.07257065739287016   0.00008258822867947949
313.5   0.07255038413371895   0.00008252265405544225
313.75   0.07253250867884427   0.00008244893170872151
314.   0.0725170563369112   0.00008236966021392998
314.25   0.07250363671377139   0.00008227434577811903
314.5   0.07249285845306958   0.00008218396137462374
314.75   0.07248491956081035   0.00008210654692441476
315.   0.07248002154779556   0.00008205025316401093
315.25   0.0724791013561556   0.00008207591098391034
315.5   0.07248134747202939   0.00008211860653765729
315.75   0.07248667496056947   0.00008216545865265119
316.   0.07249499866236592   0.00008220340583380265
316.25   0.072505512706467   0.00008219663288333974
316.5   0.07251913595881077   0.00008216315927701126
316.75   0.07253607596767668   0.0000820985308772188
317.   0.07255654447337706   0.00008199822323796122
317.25   0.07258169638605484   0.00008177883325632143
317.5   0.0726104437381337   0.00008154553481746712
317.75   0.07264262928348202   0.00008132569275489778
318.   0.0726780946547001   0.0000811470969988181
318.25   0.07271576098025384   0.0000811596341147744
318.5   0.07275674876166066   0.00008122245642224106
318.75   0.07280127107030442   0.00008131510967726644
319.   0.07284954592563445   0.0000814168153775704
319.25   0.07290201662007043   0.00008144820155055043
319.5   0.07295860505317142   0.00008146896848556255
319.75   0.07301945556391307   0.00008148106836342232
320.   0.0730847168140107   0.00008148648576474341
320.25   0.0731553837489733   0.0000814874237958208
320.5   0.07323044176562762   0.00008148567871482703
320.75   0.07330970971653748   0.00008148326538260323
321.   0.07339300536195142   0.00008148223566598017
321.25   0.0734788676933495   0.00008146723916197362
321.5   0.07356889144204994   0.00008146469457041673
321.75   0.07366341371925259   0.00008148391124397282
322.   0.07376278053179744   0.00008153438035160971
322.25   0.07386818461534564   0.00008167297276971345
322.5   0.07397882531932519   0.00008184387320656125
322.75   0.0740947350333037   0.00008203783874799224
323.   0.07421594998098846   0.00008224545103127988
323.25   0.07434208561638199   0.00008241961428394066
323.5   0.0744737777691973   0.0000826027144782931
323.75   0.07461124985464304   0.00008280013516962268
324.   0.07475473388567562   0.00008301737975143533
324.25   0.07490454176043528   0.0000832961058817879
324.5   0.07506082568350055   0.0000835919516153111
324.75   0.07522381743836025   0.00008389601716514251
325.   0.07539375890676524   0.0000841992106056236
325.25   0.07557123136461287   0.00008445318611013578
325.5   0.07575604165969056   0.00008470274539801
325.75   0.07594833055648638   0.00008495422618690116
326.   0.07614824834503835   0.00008521412123717195
326.25   0.07635543439670549   0.00008551852411498906
326.5   0.07657078433969372   0.00008583334462828078
326.75   0.07679469584607955   0.00008615346094194973
327.   0.07702758456102474   0.00008647362943125947
327.25   0.07727040162800981   0.0000867583717448059
327.5   0.0775228849546994   0.00008704400825364018
327.75   0.07778529844211682   0.00008733732112728657
328.   0.07805792345821459   0.00008764528601332608
328.25   0.0783404389477308   0.0000879981154241586
328.5   0.07863402779769098   0.00008837122803428493
328.75   0.07893928917553109   0.00008876272290920499
329.   0.07925685335284971   0.0000891706621730244
329.25   0.0795881098587042   0.0000895826365250408
329.5   0.07993275125642217   0.00009001110539963836
329.75   0.08029121496901512   0.00009045833699091394
330.   0.08066397065414029   0.00009092669352486201
330.25   0.08105057870302347   0.00009143102828287523
330.5   0.08145289110981713   0.00009195673244618214
330.75   0.0818718848275351   0.000092501339035427
331.   0.08230859563763716   0.00009306232708125142
331.25   0.08276623532859777   0.00009365337847409937
331.5   0.08324304706300785   0.00009424932486293043
331.75   0.08373939430127512   0.000094840671317353
332.   0.08425568979561333   0.0000954175930906961
332.25   0.08478989125574922   0.0000959265741914564
332.5   0.08534599958102783   0.00009641703241597622
332.75   0.08592566108077211   0.00009689615581867082
333.   0.08653064062599518   0.00009737144808460792
333.25   0.08716391426172111   0.00009783130124806875
333.5   0.08782602918514355   0.00009831084178094128
333.75   0.08851873173955147   0.00009882690881601368
334.   0.08924392567434256   0.0000993971841791256
334.25   0.09000350587545611   0.00010001976997753198
334.5   0.09080000397656031   0.00010074261611855765
334.75   0.09163599618348972   0.00010159518646105136
335.   0.09251431222279344   0.00010260866869831364
335.25   0.09343846393036982   0.00010410342041965387
335.5   0.09441134712427858   0.00010571885930421988
335.75   0.09543660357469613   0.00010737012885038124
336.   0.09651828687246115   0.00010896774969779798
336.25   0.09766054189527998   0.00010997414569092806
336.5   0.09886896205264438   0.00011089776873582819
336.75   0.10014940963446903   0.00011182206405643092
337.   0.1015084886298241   0.0001128361607256402
337.25   0.1029545115639141   0.00011432770944382609
337.5   0.10449480681042256   0.00011599954454112822
337.75   0.10613868807543032   0.00011783641473795076
338.   0.10789685747427366   0.00011982277118246265
338.25   0.10977872789636833   0.00012185642481085887
338.5   0.11180266879545132   0.0001240390887316181
338.75   0.11398673308190478   0.00012639243634230928
339.   0.1163520293027422   0.00012894164745504307
339.25   0.11892707018194298   0.00013175180821726218
339.5   0.12173635879816042   0.0001348093522556437
339.75   0.12481346221488344   0.00013813956740209014
340.   0.12819894120202366   0.00014177395693285475
340.25   0.1319404192000969   0.0001456698770425527
340.5   0.13610089038010378   0.00014998691454294862
340.75   0.14075611868988722   0.00015482520588355444
341.   0.14600031791492565   0.00016030745192790544
341.25   0.15195170662588514   0.0001666569367473004
341.5   0.1587567466568262   0.00017396677625774274
341.75   0.16659804792968685   0.00018243505880852437
342.   0.17569841486297996   0.00019230375724291532
342.25   0.18631886434578648   0.0002038828751726115
342.5   0.19874198529490802   0.00021744562091720326
342.75   0.21322773188908983   0.00023326031967892293
343.   0.22993787134405852   0.00025148278622276894
343.25   0.2488489873879002   0.0002720060844735668
343.5   0.2697105729041723   0.0002945865731807551
343.75   0.29208446738450533   0.00031872883741237875
344.   0.3154523813797061   0.00034384972882599665
344.25   0.3393253686288352   0.00036927566353387673
344.5   0.36329917990214766   0.0003947078398819173
344.75   0.38707659374314624   0.0004198752055381303
345.   0.4104542290560325   0.00044462476196080637
345.25   0.43329830660230817   0.0004691243205157892
345.5   0.4555362544249293   0.0004930893166875797
345.75   0.4771291462287285   0.0005164688078563053
346.   0.49806275159867713   0.0005392315241084649
346.25   0.5183444774635073   0.0005616834361721058
346.5   0.5379792055308079   0.0005833730698461254
346.75   0.5569828152641542   0.0006041274178570232
347.   0.5753745428085324   0.0006237520229521249
347.25   0.593164456414269   0.0006408092952078414
347.5   0.6103884761276965   0.0006567077175598613
347.75   0.62707277130375   0.0006717566583968906
348.   0.6432433501499641   0.000686303063055354
348.25   0.6589354367172224   0.0007018043813249099
348.5   0.6741608010864365   0.0007172158591260257
348.75   0.6889392314421553   0.0007324965497452672
349.   0.7032893625948132   0.0007475931413244223
349.25   0.7172344632493325   0.0007618941374098268
349.5   0.7307830384741524   0.0007760688790712237
349.75   0.7439478437614762   0.0007902733917111813
350.   0.7567404344813077   0.0008046715851000245
350.25   0.769150430944115   0.0008206552435267497
350.5   0.7812156691122607   0.000836731682840739
350.75   0.7929536039260636   0.000852551801201959
351.   0.8043813342964427   0.0008677384727133114
351.25   0.8155358597385648   0.0008803871170423912
351.5   0.8264058881832714   0.0008921290950407849
351.75   0.8369988802291439   0.0009031601498407449
352.   0.8473215581803967   0.000913689669198552
352.25   0.8573703976666888   0.0009244573851052788
352.5   0.8671639251212179   0.000934986501243354
352.75   0.8767110050020597   0.0009453023013208023
353.   0.886020134953117   0.0009554304005290253
353.25   0.8950904695610298   0.0009659402506996017
353.5   0.9039422619518622   0.0009761086059777887
353.75   0.9125868934094049   0.0009857303536354861
354.   0.9210356490889663   0.0009945898808156786
354.25   0.9293339766198232   0.0010008080472262363
354.5   0.9374457093940501   0.0010064327335526984
354.75   0.9453674032700996   0.0010119195327214776
355.   0.9530949443216608   0.001017744678322819
355.25   0.9605828829556848   0.0010264070231102214
355.5   0.9678821165240314   0.0010356530899894105
355.75   0.9750038379983429   0.0010451730498470847
356.   0.9819593412888773   0.0010546424090799027
356.25   0.9887935321289095   0.0010629925589412568
356.5   0.9954715293448737   0.001070881257686534
356.75   1.0019908737928649   0.0010782489355525135
357.   1.0083487069149415   0.001085034003670441
357.25   1.0145094203114902   0.0010904930427594157
357.5   1.0205142404500462   0.001095502521254649
357.75   1.0263727334268233   0.00110027950200161
358.   1.0320945729698756   0.0011050487560823148
358.25   1.0377092192156387   0.0011108982289587145
358.5   1.0431992767482146   0.00111688113563288
358.75   1.0485665380394646   0.0011228874747734742
359.   1.0538126475320133   0.0011288031027438853
359.25   1.058940417405334   0.0011344142222031557
359.5   1.0639493961312907   0.0011397313757751891
359.75   1.0688402737032534   0.0011446683541039178
360.   1.0736135979836892   0.0011491363549520413
360.25   1.0782607709145804   0.0011521964105811553
360.5   1.0827945779386758   0.0011549314717450617
360.75   1.0872189062227837   0.0011575968578961895
361.   1.091537621757656   0.0011604551403811296
361.25   1.095757124003412   0.0011648703401957506
361.5   1.0998776961826524   0.001169598979853565
361.75   1.1039020950408684   0.0011744715908143357
362.   1.10783303569479   0.0011793136965991325
362.25   1.1116780247564106   0.00118337216196225
362.5   1.1154329863156756   0.0011872601536268251
362.75   1.1190985269464422   0.001191025768959723
363.   1.1226751704955487   0.0011947182661335618
363.25   1.1261607769956792   0.0011991826839290098
363.5   1.129559304440508   0.0012033657791880223
363.75   1.1328721086751137   0.0012069925631222416
364.   1.136100496951736   0.001209781593029137
364.25   1.1392448714630152   0.001209495397857306
364.5   1.1423076406826722   0.0012085516186248122
364.75   1.145290328985489   0.0012074526741977492
365.   1.1481944260723602   0.0012067125005936472
365.25   1.1510190638078497   0.001208692467838331
365.5   1.1537689000399907   0.0012113743407106972
365.75   1.1564462829176916   0.001214550689088843
366.   1.159053550301316   0.0012180091346390054
366.25   1.1615964775363505   0.0012211465514872719
366.5   1.1640725865008237   0.0012242779906615606
366.75   1.1664827732087497   0.0012273351626587744
367.   1.1688278979407758   0.0012302483094688114
367.25   1.1711090247292157   0.0012326211020426902
367.5   1.173326613496192   0.0012348335381988326
367.75   1.1754813256077898   0.0012369448919326705
368.   1.1775737887494697   0.0012390155767807683
368.25   1.1796035986152382   0.001241521486415199
368.5   1.1815727096076951   0.0012439482714760592
368.75   1.1834820628370155   0.0012461899828248623
369.   1.1853325765156533   0.0012481386892339796
369.25   1.1871228866951145   0.0012490487486791033
369.5   1.1888570153607694   0.0012496938613705386
369.75   1.1905367402503497   0.0012502204004161746
370.   1.192163834552318   0.0012507773538058679
370.25   1.1937443008178594   0.0012520612827145788
370.5   1.1952740060866673   0.001253467023325758
370.75   1.196752981597919   0.0012549284415630472
371.   1.1981812266872056   0.001256378186894672
371.25   1.19955642484303   0.0012575982831693052
371.5   1.2008816971405312   0.0012587272228640083
371.75   1.2021578841186384   0.0012597551331549712
372.   1.20338581182353   0.001260671965008754
372.25   1.2045664496357817   0.0012612768068132742
372.5   1.20570037634235   0.001261825025440928
372.75   1.2067883125531444   0.0012623838497580523
373.   1.2078309648798757   0.0012630215227051767
373.25   1.2088331515719697   0.0012646135223810518
373.5   1.2097898019276871   0.0012661062362771187
373.75   1.210699901069043   0.0012672422185460287
374.   1.2115623969494027   0.0012677601881407182
374.25   1.2123622665735223   0.0012652592311740954
374.5   1.2131178124916686   0.001262448303682835
374.75   1.213833551007898   0.0012599249532682304
375.   1.2145140434693213   0.0012582953204348525
375.25   1.2151856000601737   0.0012610048697626567
375.5   1.2158226062869273   0.0012647292434012469
375.75   1.2164209204589573   0.0012689473034169564
376.   1.216976324300416   0.0012731304378313158
376.25   1.2174605078557381   0.001275209784877161
376.5   1.2179025961293295   0.0012767798563394677
376.75   1.2183079178130207   0.0012779138305385395
377.   1.2186818569811158   0.0012786859627863562
377.25   1.2190460999098671   0.001279120511961513
377.5   1.2193834774943286   0.0012793650557300204
377.75   1.2196929302623334   0.0012795177459423992
378.   1.2199733682192622   0.0012796780123147168
378.25   1.2202182407423996   0.0012806549054596745
378.5   1.220433973754536   0.0012815622190221533
378.75   1.2206215951680082   0.0012822152892638806
379.   1.2207821310931204   0.001282427163115362
379.25   1.2209166059176457   0.001282008629870206
379.5   1.2210260423834003   0.0012807682522581168
379.75   1.221111461659916   0.0012785123969140015
380.   1.221173883415404   0.0012750452642601767
