310.   0.039040286767941745   0.00007672445078679322
310.25   0.03910011638161262   0.00007710864530400336
310.5   0.039162849475810245   0.00007737308329211847
310.75   0.03922848307067215   0.00007754162355987518
311.   0.039297015000551924   0.00007763860773703673
311.25   0.039368443951109916   0.00007768888102480246
311.5   0.039442769498461226   0.00007771781402473247
311.75   0.039519992150511066   0.00007775132571350643
312.   0.039600113390616844   0.00007781590763570852
312.25   0.039683050342016725   0.00007805167777186314
312.5   0.03976892533595474   0.00007832914145225983
312.75   0.03985777818312626   0.00007863018328394112
313.   0.03994965069864007   0.00007893627509493478
313.25   0.04004449126098499   0.0000791777770465336
313.5   0.040142478824109935   0.00007940574333501316
313.75   0.0402437011591759   0.00007962115978258732
314.   0.04034824943653686   0.00007982503415175985
314.25   0.04045590426964509   0.00008001576428536775
314.5   0.04056720074408652   0.00008019806458544529
314.75   0.04068237082938421   0.00008037410114096947
315.   0.04080165401287801   0.00008054609497751823
315.25   0.04092593773921032   0.00008069158030985975
315.5   0.04105458842508967   0.00008084727553265201
315.75   0.041187606081354494   0.00008102580578520756
316.   0.041324992614628256   0.00008124014521162052
316.25   0.041466313081997205   0.00008157172007652866
316.5   0.04161218296630648   0.00008193970460543441
316.75   0.04176279214025811   0.00008233005764979983
317.   0.0419183381407669   0.0000827283449393786
317.25   0.04207934365018271   0.00008306405759731231
317.5   0.042245582737227644   0.00008339917141133648
317.75   0.04241714714196428   0.0000837410177649453
318.   0.042594134088838546   0.00008409715439901855
318.25   0.04277647843433546   0.00008451175411175255
318.5   0.04296452269048621   0.00008494240028248951
318.75   0.04315845245563301   0.00008538229585239052
319.   0.04335846255263136   0.00008582443065390563
319.25   0.04356445598683226   0.00008622353269051089
319.5   0.04377706597076565   0.00008662486589008423
319.75   0.04399664419152546   0.00008703654273907461
320.   0.044223558493481835   0.00008746696065926667
320.25   0.04445860983387653   0.00008795534602964604
320.5   0.04470162523177731   0.00008846842247489358
320.75   0.04495285386316335   0.00008900280840377571
321.   0.04521255921791121   0.00008955501084824879
321.25   0.04548070060291633   0.0000901149704683309
321.5   0.045758015497980024   0.000090687876719592
321.75   0.04604495030238498   0.00009127255623582795
322.   0.046341975506523594   0.00009186779937082166
322.25   0.046650062234932996   0.00009241462682361428
322.5   0.04696907754823751   0.00009299162124883366
322.75   0.04729937565783024   0.00009362170469586498
323.   0.047641334105990904   0.0000943287986202957
323.25   0.04799509733368531   0.00009528603855729203
323.5   0.04836145194751345   0.000096314809377785
323.75   0.04874096570017363   0.00009738003676205833
324.   0.04913424291160013   0.00009844507649103292
324.25   0.049541421041383496   0.00009934616282852162
324.5   0.04996388588297107   0.00010021631232900565
324.75   0.05040258477266333   0.0001010664831599946
325.   0.05085852613052772   0.00010190817123224893
325.25   0.051333917116714305   0.00010274351040315944
325.5   0.05182834289460726   0.00010359893046542208
325.75   0.05234254707526075   0.00010449206696396118
326.   0.05287733232053338   0.0001054415414626732
326.25   0.053432450588844105   0.00010652336060124286
326.5   0.054010375365240205   0.00010768085447325033
326.75   0.05461259868187013   0.00010891209995084657
327.   0.05524072622651454   0.00011021513098426617
327.25   0.055896956236364446   0.00011158239972904208
327.5   0.056582513896451525   0.00011301945027510409
327.75   0.05729921768027302   0.0001145265426047826
328.   0.0580490402015946   0.00011610403220737918
328.25   0.05883431825794253   0.00011774573610029966
328.5   0.05965711880896324   0.00011946134850268111
328.75   0.060519900823620285   0.00012125445821456212
329.   0.061425351369810935   0.0001231290120195345
329.25   0.062376259603236   0.00012509226693158696
329.5   0.0633760609196556   0.00012714503116247375
329.75   0.06442836817918449   0.00012929132420974205
330.   0.0655371590690628   0.000131535621343841
330.25   0.06670664729904233   0.00013384302046826277
330.5   0.06794192588746906   0.00013627353193276302
330.75   0.06924845312154473   0.00013885101727937433
331.   0.07063229371236807   0.0001416017529292756
331.25   0.07210031217758568   0.00014462229426356364
331.5   0.0736599088506676   0.00014785303071491364
331.75   0.07531949101126569   0.000151299564147524
332.   0.07708850691961533   0.00015496841209427956
332.25   0.07897834529686891   0.0001588831449670065
332.5   0.08100005725280465   0.000163030868324197
332.75   0.08316698345515423   0.00016741444810551098
333.   0.08549432646990514   0.00017203742085084554
333.25   0.08799696634605382   0.00017669044364251106
333.5   0.09069825329623582   0.0001816660080314415
333.75   0.09362239076530178   0.00018706941138068667
334.   0.09679741176364863   0.0001930219935894907
334.25   0.10025863970641354   0.00019989521919082482
334.5   0.10404064627143102   0.0002075457197704223
334.75   0.10818703996245135   0.0002160568539463402
335.   0.11274940553470013   0.00022552750808429406
335.25   0.11778928662273325   0.0002361180825341698
335.5   0.12337996610174698   0.0002479139210313931
335.75   0.12960994541817086   0.00026106451838135296
336.   0.1365866271151152   0.0002757509055131931
336.25   0.14443799579034058   0.0002920190588057953
336.5   0.1533299975861885   0.0003103650607963229
336.75   0.1634649758288315   0.00033121189249998476
337.   0.17509608010266012   0.00035508919498519726
337.25   0.18854656527783542   0.0003827814336558083
337.5   0.2042166612462906   0.0004149929775236889
337.75   0.2226222636807099   0.00045274919668697705
338.   0.24442551753346697   0.0004973625905366646
338.25   0.27047470889941944   0.0005503281861048045
338.5   0.3018608582546454   0.0006140094350775465
338.75   0.3399552093493341   0.0006911943801566969
339.   0.3864233933548836   0.0007852757997131449
339.25   0.44313561082809505   0.0009001254466591344
339.5   0.5118167362481159   0.0010392416206300578
339.75   0.5931774260427556   0.0012041349490179607
340.   0.6851880106765427   0.0013908065725797853
340.25   0.7805989883930542   0.001585288366440088
340.5   0.8654524168679439   0.0017587942726740025
340.75   0.9224350978327516   0.0018759920931499003
341.   0.9407641218369724   0.0019146710734864656
341.25   0.9248015713585263   0.0018823372960320157
341.5   0.8909131113265043   0.0018135715751483393
341.75   0.8560020545054978   0.0017430069153475233
342.   0.8294159666199874   0.0016898817486115077
342.25   0.8124146153833017   0.0016585156760285562
342.5   0.8019876845741578   0.0016408301934204782
342.75   0.7948008157774819   0.0016296827237883371
343.   0.7889419745612565   0.0016208076216934746
343.25   0.7837597829758596   0.001610748341378374
343.5   0.7791991300311157   0.001601495164073352
343.75   0.7753513904841648   0.0015935625186918165
344.   0.7722536728258261   0.0015873498846881834
344.25   0.7698548565797696   0.0015843663655470926
344.5   0.7680586010798712   0.001582932418380462
344.75   0.7667526163944258   0.001582627897836593
345.   0.7658329150934492   0.001583048023158273
345.25   0.7652179787150829   0.001583340036383892
345.5   0.764829426499809   0.0015838321375107722
345.75   0.7646100763706035   0.0015844060238640295
346.   0.7645151637754268   0.0015849684443031743
346.25   0.7644981212829223   0.0015850531302397963
346.5   0.7645474564804627   0.0015851494079075173
346.75   0.7646459967809502   0.001585370238592238
347.   0.7647809867326008   0.0015858397661353877
347.25   0.7649520987901092   0.0015874837468358213
347.5   0.7651399843570306   0.0015893380199790994
347.75   0.7653362508580139   0.0015912272790857664
348.   0.7655340451680508   0.001592977135092502
348.25   0.7657267849636281   0.0015937832981449077
348.5   0.7659110682967918   0.0015943499239382541
348.75   0.7660833218143362   0.0015947582821692864
349.   0.7662405742408023   0.0015950921594476675
349.25   0.7663775418272062   0.0015956073276739337
349.5   0.7664960242290324   0.0015961552213931106
349.75   0.7665953756567114   0.0015967568057401445
350.   0.7666752222712474   0.0015974338935042724
350.25   0.7667335837266288   0.0015991779737314935
350.5   0.7667730516585236   0.0016006608677123825
350.75   0.766794563988213   0.0016015124050820307
351.   0.7667991986441748   0.0016013579489064672
351.25   0.7667929599496037   0.0015971841616484552
351.5   0.7667704412308685   0.0015922821930817656
351.75   0.7667310756588497   0.0015873347423593241
352.   0.7666743482809126   0.001583033287460291
352.25   0.7666053155128426   0.0015831024374787562
352.5   0.7665158251749457   0.0015840311552188355
352.75   0.7664032208704048   0.0015853079245624353
353.   0.7662648417738195   0.0015864149608223624
353.25   0.7660827445685203   0.0015844773886995484
353.5   0.7658755591496612   0.0015822454648280815
353.75   0.7656467878663409   0.0015801374086385949
354.   0.7653999851781402   0.0015785763153177018
354.25   0.7651559060588043   0.0015800999405986814
354.5   0.7648942646128816   0.0015821965222223243
354.75   0.764611795867254   0.0015844473580489886
355.   0.76430520071747   0.0015864290086279537
355.25   0.7639615583315511   0.0015858292955883242
355.5   0.7635908796752161   0.0015848451227296325
355.75   0.7631936466489676   0.0015838031958285382
356.   0.7627703456607074   0.0015830337474676034
356.25   0.7623114611467453   0.0015843667989485703
356.5   0.7618314524544475   0.0015860508058019175
356.75   0.7613348694295244   0.0015878198551893485
357.   0.7608263042290863   0.0015894052468590084
357.25   0.7603282496592353   0.0015898987673026
357.5   0.7598204470232202   0.0015899152244474829
357.75   0.7593003749879956   0.0015894357516022732
358.   0.7587654805135333   0.0015884413667358367
358.25   0.7582055729251196   0.0015863314019499593
358.5   0.7576286560641393   0.0015838986114953735
358.75   0.7570351628228562   0.0015813591168298423
359.   0.7564255242145759   0.0015789311139119593
359.25   0.7557998972876449   0.001577543486108549
359.5   0.7551590886389276   0.001576428989115998
359.75   0.7545036329675462   0.0015755250680034062
360.   0.7538340636576226   0.0015747685376117317
360.25   0.7531534444827374   0.0015738923161948875
360.5   0.7524587705212883   0.001573115850605022
360.75   0.7517495467013033   0.001572456350914764
361.   0.7510252675516049   0.0015719311474375875
361.25   0.7502781121127541   0.0015718372035223242
361.5   0.7495177565426423   0.001571801726718325
361.75   0.748746618584497   0.001571729378825709
362.   0.7479671306631384   0.0015715239921471225
362.25   0.7471859311352631   0.0015703333754297322
362.5   0.7463996267731243   0.001569114518643915
362.75   0.7456089982661332   0.0015680740874276082
363.   0.7448148262870705   0.0015674204278975335
363.25   0.7440317061513013   0.0015688337377675675
363.5   0.7432411223345624   0.001570472094613127
363.75   0.742438273667893   0.0015719547049728385
364.   0.7416183154611958   0.0015728977264973655
364.25   0.7407551936971897   0.0015710533714155058
364.5   0.7398735459410892   0.0015686313801419759
364.75   0.7389769502778459   0.0015659906993431
365.   0.738069008320718   0.0015634930762153225
365.25   0.7371656625087268   0.0015630474035853079
365.5   0.7362533527143211   0.0015628634003528304
365.75   0.7353307752984173   0.0015626873622150892
366.   0.7343966124377439   0.001562263667792993
366.25   0.7334409797692407   0.0015602988111536467
366.5   0.7324744804466445   0.0015579808037322063
366.75   0.7314992077104256   0.0015554666376880223
367.   0.730517265853192   0.00155291445697541
367.25   0.7295377789305585   0.0015508469501220874
367.5   0.728553080188637   0.0015489167629033306
367.75   0.727562477702891   0.0015471387383619866
368.   0.7265652705934585   0.0015455277989560995
368.25   0.7255569518081456   0.0015442402574333482
368.5   0.7245421088816923   0.0015430937411773419
368.75   0.7235215468707472   0.0015420463938759432
369.   0.7224960725853623   0.0015410560556357938
369.25   0.7214744350116944   0.0015403779337425751
369.5   0.7204463488393346   0.001539553331505033
369.75   0.7194094233939468   0.001538419147687908
370.   0.7183612490443126   0.0015368112219610324
370.25   0.7172856053983714   0.0015333182548581703
370.5   0.716199319182476   0.001529515341289398
370.75   0.7151054869571593   0.0015257376992142628
371.   0.7140072221965217   0.0015223226894132144
371.25   0.7129173604480648   0.0015211862548014908
371.5   0.7118254849787836   0.001520466828937284
371.75   0.710730845982058   0.0015198724855981249
372.   0.709632685868338   0.0015191094613633493
372.25   0.7085278085187815   0.001516734763722638
372.5   0.7074188384323504   0.001514054634891639
372.75   0.7063059751044949   0.0015112324173093624
373.   0.7051894164793918   0.001508432447395001
373.25   0.7040700976970928   0.0015064085691689313
373.5   0.7029471812086808   0.0015045045138357572
373.75   0.7018205627843379   0.0015026503640250424
374.   0.7006901350365989   0.0015007757813293543
374.25   0.6995556460807075   0.001498581464568155
374.5   0.6984171799752088   0.0014963156937368297
374.75   0.6972746771051948   0.0014939989786444151
375.   0.6961280752022082   0.0014916519446579054
375.25   0.6949764283706299   0.0014892430666483885
375.5   0.6938209006099862   0.0014868662501128518
375.75   0.6926617767982914   0.0014845635096138914
376.   0.6914993412418896   0.0014823770833169018
376.25   0.6903344124245913   0.001480690865801765
376.5   0.6891665260679414   0.0014790702635360162
376.75   0.6879957494774958   0.0014774206640407457
377.   0.6868221482918102   0.001475646940230173
377.25   0.6856455313735043   0.0014732875418752202
377.5   0.6844663177521096   0.0014707578428548268
377.75   0.6832846709445343   0.0014681085487637387
378.   0.6821007534274748   0.0014653906355153483
378.25   0.6809167481509549   0.0014627333904584255
378.5   0.6797299896181936   0.001460079217137299
378.75   0.6785398234715557   0.0014574484618884288
379.   0.6773455903001352   0.0014548615698805514
379.25   0.6761466257088353   0.0014523390838114862
379.5   0.6749422603863126   0.001449901642625157
379.75   0.6737318201717909   0.0014475699802483772
380.   0.6725146261207916   0.0014453649243470238
