310.   0.00016984593892746137   1.848655234072267e-7
310.25   0.00017012022684981972   1.8534052547969248e-7
310.5   0.0001704022605500079   1.8580878336896358e-7
310.75   0.00017069282788149294   1.8626603184268887e-7
311.   0.00017099273625789075   1.8670791543952314e-7
311.25   0.0001713028135026225   1.8712998460286686e-7
311.5   0.00017162390874327294   1.8752769161338584e-7
311.75   0.00017195689335344766   1.8789638630774343e-7
312.   0.00017230266194512823   1.8823131157006781e-7
312.25   0.00017266293222742023   1.8846110191959485e-7
312.5   0.00017303753742990713   1.8867326086992685e-7
312.75   0.0001734271198750666   1.8889002780195598e-7
313.   0.00017383234192086926   1.8913415929083104e-7
313.25   0.00017425761943231754   1.8949269558166594e-7
313.5   0.0001746984679364945   1.8990087185141987e-7
313.75   0.00017515407862775308   1.903568946088416e-7
314.   0.00017562362871156433   1.9085894051530604e-7
314.25   0.0001761023257077681   1.9142911944434347e-7
314.5   0.0001765948140194162   1.920322355556342e-7
314.75   0.0001771018560273339   1.9265648340325267e-7
315.   0.00017762423991170783   1.9328976327098608e-7
315.25   0.00017816240776245932   1.9386100177707355e-7
315.5   0.00017871772189018872   1.944389723477595e-7
315.75   0.00017929121025102602   1.9503483560952166e-7
316.   0.00017988393661496618   1.9566006221018782e-7
316.25   0.00018049905979165417   1.9636514346349403e-7
316.5   0.00018113486385171908   1.971084822682571e-7
316.75   0.00018179168047983716   1.9788656733210716e-7
317.   0.00018246986068603112   1.9869580132195435e-7
317.25   0.0001831689613281417   1.9952856045756434e-7
317.5   0.00018389050612040703   2.0038652437394265e-7
317.75   0.0001846352486576709   2.012674405125432e-7
318.   0.00018540397714629237   2.0216900028893113e-7
318.25   0.00018619730464316297   2.0306072126052236e-7
318.5   0.00018701638861277087   2.039791787028403e-7
318.75   0.00018786222182051054   2.049335586305988e-7
319.   0.00018873584353688595   2.0593336114441465e-7
319.25   0.0001896393142552359   2.070308418572334e-7
319.5   0.00019057242744122414   2.081773653630505e-7
319.75   0.0001915359750318095   2.0936582375197916e-7
320.   0.00019253079401854194   2.1058888863921654e-7
320.25   0.00019355581632617613   2.117890712809833e-7
320.5   0.0001946146842955514   2.1302774094972037e-7
320.75   0.0001957092040822797   2.1431766940506258e-7
321.   0.00019684127054133788   2.1567212631256422e-7
321.25   0.00019801585958696775   2.171946592696396e-7
321.5   0.00019923092683187525   2.187753669282955e-7
321.75   0.00020048742051126376   2.2039163693132033e-7
322.   0.00020178635450393816   2.2201999703240787e-7
322.25   0.000203125707679971   2.2355437302728348e-7
322.5   0.00020451093624806996   2.2508239591862193e-7
322.75   0.00020594458591682862   2.2661194981199645e-7
323.   0.00020742934596237834   2.2815126525966663e-7
323.25   0.00020897027203923811   2.2968107023764133e-7
323.5   0.0002105673167130605   2.3124889869383717e-7
323.75   0.00021222273651616338   2.328759410508161e-7
324.   0.000213938937988455   2.3458440155692422e-7
324.25   0.00021571697851452057   2.365184987743183e-7
324.5   0.00021756168892475225   2.3853575084627983e-7
324.75   0.00021947664328590807   2.406107177159706e-7
325.   0.00022146565416602808   2.4271675761327465e-7
325.25   0.00022353441147097755   2.446440273961736e-7
325.5   0.00022568503656176275   2.466140196449668e-7
325.75   0.00022792150079602893   2.4867321962580615e-7
326.   0.00023024807196592498   2.508707016429609e-7
326.25   0.00023266712804206663   2.5342408663422815e-7
326.5   0.00023518666302994556   2.5616014561997055e-7
326.75   0.00023781295733919404   2.590663638902171e-7
327.   0.00024055277426139873   2.621296512478206e-7
327.25   0.00024341563641170946   2.6534756324877853e-7
327.5   0.0002464063580234916   2.686901739339466e-7
327.75   0.00024953250232501894   2.7213743860691607e-7
328.   0.0002528022804453496   2.7566813652082425e-7
328.25   0.00025622531470245583   2.7906111348714567e-7
328.5   0.0002598103767632665   2.825649417255869e-7
328.75   0.00026356777371551037   2.862401831741575e-7
329.   0.00026750877508619294   2.9015200690643496e-7
329.25   0.00027164131857822157   2.9461096840151223e-7
329.5   0.0002759849812958471   2.9936431200731934e-7
329.75   0.00028055658487932585   3.0438949697148555e-7
330.   0.0002853746274267407   3.0966250785996563e-7
330.25   0.00029046299695901893   3.149956991350334e-7
330.5   0.0002958394421496542   3.205825196575217e-7
330.75   0.0003015273633888945   3.2646481674832325e-7
331.   0.0003075527693575512   3.326887295705871e-7
331.25   0.0003139428253387123   3.3931535124776303e-7
331.5   0.00032073238891556827   3.4638767652867663e-7
331.75   0.0003279585658476309   3.5396433039724655e-7
332.   0.00033566304946128743   3.621109119029896e-7
332.25   0.00034389565912693054   3.7101117316181215e-7
332.5   0.0003527057299766936   3.80599213003054e-7
332.75   0.00036215230655466454   3.909189840891014e-7
333.   0.00037230266668958556   4.0202095018404205e-7
333.25   0.0003832302151138945   4.138869196107403e-7
333.5   0.0003950281051480832   4.266865289136286e-7
333.75   0.0004077999196709131   4.405328126835903e-7
334.   0.0004216656559119109   4.5555669400990484e-7
334.25   0.00043676840243747384   4.719355439993828e-7
334.5   0.0004532670356025958   4.898142802171009e-7
334.75   0.00047135215139806094   5.093906420492109e-7
335.   0.000491249201998429   5.308985119229291e-7
335.25   0.0005132305175620846   5.544750918366057e-7
335.5   0.0005376119597383531   5.806393425330936e-7
335.75   0.0005647786777777174   6.098620699210679e-7
336.   0.0005951980649693527   6.42715513935293e-7
336.25   0.0006294229834425286   6.802632250288633e-7
336.5   0.0006681808297232937   7.229013462766509e-7
336.75   0.0007123541589223542   7.715207547838786e-7
337.   0.0007630471598526775   8.27232521900424e-7
337.25   0.0008216704963481283   8.91083098820009e-7
337.5   0.0008899692647713157   9.652743373257181e-7
337.75   0.0009701937230309941   1.0522359313337908e-6
338.   0.0010652322558223275   1.1550863141263475e-6
338.25   0.001178795914879791   1.2776401211568995e-6
338.5   0.001315632426365762   1.4252556054333587e-6
338.75   0.0014817194133876865   1.6045042947079971e-6
339.   0.001684317479877488   1.8234111787654453e-6
339.25   0.0019315638704563672   2.092072493060514e-6
339.5   0.002230991616326435   2.417913842973423e-6
339.75   0.002585702841760284   2.8042787696152707e-6
340.   0.0029868551355300113   3.2414299243843113e-6
340.25   0.003402864997547763   3.693168055139827e-6
340.5   0.0037728729529906695   4.094691142282687e-6
340.75   0.004021394264775252   4.3642705267283966e-6
341.   0.004101405445187152   4.451170590367617e-6
341.25   0.004031894430221475   4.3777131214409815e-6
341.5   0.00388421940528586   4.219517690302401e-6
341.75   0.0037320756477979083   4.056280038470751e-6
342.   0.0036162205926313345   3.9320703814756344e-6
342.25   0.003542165654363063   3.851685931262947e-6
342.5   0.003496768726076572   3.8021196152738763e-6
342.75   0.0034654892747975723   3.767737655155533e-6
343.   0.003439987401236334   3.7396411088352056e-6
343.25   0.0034173913767982446   3.7153488736754245e-6
343.5   0.0033974969139129218   3.6941384440142204e-6
343.75   0.003380709950864864   3.6764295515402095e-6
344.   0.0033671997409943795   3.662385581289604e-6
344.25   0.003356778444386213   3.6519099763683216e-6
344.5   0.003348994899744851   3.6443136698332635e-6
344.75   0.0033433560427378476   3.6389892364780054e-6
345.   0.0033394049916123407   3.635367579493127e-6
345.25   0.003336756631563957   3.6325508240594724e-6
345.5   0.003335102153119151   3.6306944429190314e-6
345.75   0.003334199208548109   3.6296231775088585e-6
346.   0.0033338596832461717   3.6292217916159627e-6
346.25   0.00333393761970495   3.62979697075327e-6
346.5   0.0033343205564154914   3.630795448023997e-6
346.75   0.0033349206902997443   3.632062487985933e-6
347.   0.0033356692915288222   3.6334632749479633e-6
347.25   0.003336502179292069   3.634596075563769e-6
347.5   0.0033373904413935007   3.6357455423502e-6
347.75   0.003338303918996657   3.636926505621549e-6
348.   0.003339219257147057   3.638161873804682e-6
348.25   0.0033401146303121978   3.6398103774359087e-6
348.5   0.0033409815619895654   3.6414474658643913e-6
348.75   0.0033418111741528524   3.642978109146532e-6
349.   0.003342597305415714   3.6443090460391045e-6
349.25   0.0033433475215875652   3.64530940274078e-6
349.5   0.003344043565056144   3.645942057494849e-6
349.75   0.0033446800316453734   3.6461319867951334e-6
350.   0.003345252662041561   3.6458045602511714e-6
350.25   0.003345796145061178   3.64410871933449e-6
350.5   0.0033462549222550084   3.642053203526313e-6
350.75   0.003346611631791953   3.639879258522115e-6
351.   0.0033468492457752884   3.6378319248414323e-6
351.25   0.003346873373112704   3.6371872979091777e-6
351.5   0.0033467756718534914   3.636764422541919e-6
351.75   0.0033465711971809673   3.6364013850324014e-6
352.   0.0033462754612046852   3.6359344633961285e-6
352.25   0.0033459703583815234   3.634523723875744e-6
352.5   0.0033455801469492704   3.6329426594048676e-6
352.75   0.0033450946695443478   3.6312959711624204e-6
353.   0.0033445037656535384   3.6296897561419435e-6
353.25   0.0033437550356875127   3.6286634199105524e-6
353.5   0.0033428971648124858   3.6277230004255993e-6
353.75   0.0033419370164001843   3.6268031976699567e-6
354.   0.0033408815846125393   3.6258379721735746e-6
354.25   0.003339757697165334   3.6245904267178606e-6
354.5   0.0033385450612238325   3.6232304533852566e-6
354.75   0.003337242996950626   3.621758822274629e-6
355.   0.0033358508275957246   3.620176326817127e-6
355.25   0.00333436550385197   3.6183103980800145e-6
355.5   0.003332789646359999   3.6164038384799716e-6
355.75   0.003331123517242631   3.614527768821468e-6
356.   0.00332936737331723   3.612754042640393e-6
356.25   0.0033274986326678174   3.6116762970753385e-6
356.5   0.0033255493997958983   3.6106404726973466e-6
356.75   0.0033235291494908333   3.609509376075045e-6
357.   0.0033214474334977116   3.608144372250277e-6
357.25   0.00331935754731574   3.605792530785429e-6
357.5   0.0033172082233287247   3.6031679818538578e-6
357.75   0.0033149915379360397   3.600376134924519e-6
358.   0.0033126994625278542   3.5975234402018663e-6
358.25   0.0033102837617510353   3.5948487093248764e-6
358.5   0.003307792188049596   3.59227704505159e-6
358.75   0.0033052326369993217   3.589864733608266e-6
359.   0.003302613053011871   3.5876685337699623e-6
359.25   0.003299967241813886   3.586197628905552e-6
359.5   0.003297267196919713   3.5848786266544837e-6
359.75   0.003294510554404086   3.583586761465388e-6
360.   0.0032916949001048335   3.5821960705724716e-6
360.25   0.0032888080628574413   3.580142043725219e-6
360.5   0.0032858610846401696   3.5779071380406664e-6
360.75   0.0032828553296473596   3.575538829055204e-6
361.   0.0032797921475755058   3.57308499912823e-6
361.25   0.0032766712143242373   3.570782016930419e-6
361.5   0.003273496167791332   3.568415884654861e-6
361.75   0.003270268985019363   3.565959613720853e-6
362.   0.0032669916341990612   3.563385961332237e-6
362.25   0.003263653728066947   3.5605854380855742e-6
362.5   0.0032602744611860135   3.5576448267148024e-6
362.75   0.0032568607654311255   3.5545692871277668e-6
363.   0.0032534196040385046   3.5513640075142125e-6
363.25   0.0032500113994686176   3.5481535341387444e-6
363.5   0.0032465685479391698   3.5447764314871817e-6
363.75   0.0032430765160183623   3.5411897550513127e-6
364.   0.0032395206313580575   3.53735021123109e-6
364.25   0.0032358201682395286   3.5329932013324635e-6
364.5   0.003232052261228831   3.5283834088932584e-6
364.75   0.003228228458259156   3.5235657734377363e-6
365.   0.003224360377321725   3.518585578935741e-6
365.25   0.003220506532355429   3.5135667866780614e-6
365.5   0.0032166132612038707   3.50844591526574e-6
365.75   0.0032126734776325087   3.5032376182682774e-6
366.   0.003208680023280415   3.4979566418903383e-6
366.25   0.0032045829056370906   3.4920533934758413e-6
366.5   0.0032004345692413713   3.4863313578672196e-6
366.75   0.003196244907652522   3.4810333870075978e-6
367.   0.0031920238685572673   3.476404028701917e-6
367.25   0.0031877974647755124   3.4743811689454717e-6
367.5   0.00318355337842232   3.4728491081646533e-6
367.75   0.0031792952532433407   3.471374667667531e-6
368.   0.003175026739701082   3.469521591476838e-6
368.25   0.0031707636248303793   3.4655048967873803e-6
368.5   0.0031664926235279965   3.4607626056694586e-6
368.75   0.0031622125122741595   3.45539240475585e-6
369.   0.0031579220414545343   3.4494926877350167e-6
369.25   0.003153664781066497   3.4430683746282206e-6
369.5   0.003149376766051207   3.4363508302284905e-6
369.75   0.0031450385835037164   3.429478488445165e-6
370.   0.0031406306795280876   3.422590693806932e-6
370.25   0.0031360225792515374   3.416131882789249e-6
370.5   0.003131349262839558   3.409818091534927e-6
370.75   0.0031266354364892775   3.4036686566735406e-6
371.   0.0031219059528200767   3.397703006543628e-6
371.25   0.0031172766997211265   3.392297136641217e-6
371.5   0.0031126457961055567   3.3869724779592287e-6
371.75   0.0031080018800009996   3.3816050178213092e-6
372.   0.00310333350516677   3.37606995758771e-6
372.25   0.003098583450110597   3.3695078441818217e-6
372.5   0.0030938039619399804   3.3628179916898524e-6
372.75   0.0030890017649002582   3.3561690971055163e-6
373.   0.0030841836124011358   3.349730860584305e-6
373.25   0.0030793849445382923   3.3440683960258743e-6
373.5   0.003074572518351618   3.3388021028628334e-6
373.75   0.003069741624442562   3.3339456697762442e-6
374.   0.00306488751480042   3.3295128217538003e-6
374.25   0.0030599824319641634   3.3260682669881055e-6
374.5   0.0030550536596626347   3.3228557379937236e-6
374.75   0.003050105591969848   3.3196671023453278e-6
375.   0.003045142638137344   3.3162930239131385e-6
375.25   0.0030401858962222266   3.3118433966130046e-6
375.5   0.003035216499061007   3.307056427951253e-6
375.75   0.0030302321841179864   3.301993003300121e-6
376.   0.003025230666824386   3.2967143548395955e-6
376.25   0.0030201978003219715   3.291271676104265e-6
376.5   0.0030151478080374526   3.28574138929654e-6
376.75   0.003010083109614118   3.2801899195087304e-6
377.   0.003005006129075705   3.274684042279372e-6
377.25   0.0029999269801170604   3.269530831678106e-6
377.5   0.002994837352129844   3.264462322546248e-6
377.75   0.00298973658751209   3.259449697178733e-6
378.   0.0029846240169418402   3.254463972972211e-6
378.25   0.002979499361378689   3.249469453243259e-6
378.5   0.0029743613668186558   3.2444459906995285e-6
378.75   0.0029692091680038665   3.2393667586488228e-6
379.   0.0029640418877988715   3.2342047873667936e-6
379.25   0.002958858637357475   3.2289329660001733e-6
379.5   0.0029536585162867027   3.223524044440027e-6
379.75   0.002948440612807909   3.2179506351655883e-6
380.   0.002943204003915166   3.2121852150593865e-6
