310.   0.0003197204286783164   3.520136607228713e-7
310.25   0.00032025761606012095   3.5268665521599955e-7
310.5   0.00032081314704457143   3.533387566647526e-7
310.75   0.00032138807152251706   3.5397948023214507e-7
311.   0.0003219834678039779   3.546185414941156e-7
311.25   0.000322600443856783   3.552658650702856e-7
311.5   0.0003232401386106513   3.559315937044518e-7
311.75   0.0003239037233308125   3.5662609782289776e-7
312.   0.00032459240306556303   3.573599856006436e-7
312.25   0.00032531167324214595   3.581822139399078e-7
312.5   0.0003260568928354852   3.590509057677251e-7
312.75   0.00032682762783373245   3.59961779618068e-7
313.   0.0003276234433798245   3.609104683758618e-7
313.25   0.0003284395343650162   3.618741291426873e-7
313.5   0.00032928153949842424   3.6287377604293695e-7
313.75   0.00033015082073582194   3.6391233241732124e-7
314.   0.0003310487837807593   3.6499280669769675e-7
314.25   0.00033197731903727876   3.662003033078064e-7
314.5   0.0003329373163206283   3.6742403121953585e-7
314.75   0.0003339301449231806   3.6863345732045917e-7
315.   0.00033495722249445167   3.697972677150601e-7
315.25   0.0003360253608297776   3.7068491171842027e-7
315.5   0.00033712865801551205   3.7153906785662126e-7
315.75   0.00033826648480412484   3.7240780390966924e-7
316.   0.00033943821021823026   3.733404974107817e-7
316.25   0.00034063602076658556   3.745610118949601e-7
316.5   0.00034186925427196987   3.7588114794197336e-7
316.75   0.00034314024606582323   3.772830007957872e-7
317.   0.0003444514163513191   3.7874818543450197e-7
317.25   0.00034580996053589413   3.801375694495506e-7
317.5   0.0003472119788273515   3.815986341605287e-7
317.75   0.00034865823263328103   3.8316124753451937e-7
318.   0.00035014952890471436   3.8485622455333807e-7
318.25   0.0003516842482770042   3.8697474708735397e-7
318.5   0.000353266730177828   3.891898534388082e-7
318.75   0.0003548989633624511   3.9142776649741613e-7
319.   0.0003565830279141488   3.936123537460171e-7
319.25   0.00035832138078383246   3.9528263617703233e-7
319.5   0.000360115913701729   3.9688749151517513e-7
319.75   0.0003619688993329852   3.985020841871457e-7
320.   0.00036388272256004803   4.0020417196610957e-7
320.25   0.00036586092541421306   4.023468478264095e-7
320.5   0.00036790470150292097   4.046358557161409e-7
320.75   0.0003700163846351443   4.0704393969564414e-7
321.   0.0003721984370832509   4.095429113786748e-7
321.25   0.0003744564057975758   4.119332938047439e-7
321.5   0.00037678895559244493   4.144206441534651e-7
321.75   0.00037919775501308705   4.170449055613643e-7
322.   0.000381684591036382   4.198476711933814e-7
322.25   0.0003842412563677698   4.23119482359684e-7
322.5   0.0003868838043726178   4.26563607416282e-7
322.75   0.0003896186843192591   4.301234725662996e-7
323.   0.0003924526864907464   4.3374020133932416e-7
323.25   0.000395403479203938   4.370991740941522e-7
323.5   0.0003984640851881588   4.4048645934319336e-7
323.75   0.0004016380494060713   4.4394198148084915e-7
324.   0.000404929169457233   4.47507553291099e-7
324.25   0.0004083369244971808   4.513813865002814e-7
324.5   0.00041187202064236274   4.5539639896269585e-7
324.75   0.00041554108856282847   4.595356690587217e-7
325.   0.0004193512046221042   4.637815549670328e-7
325.25   0.00042331312451538116   4.6815083369253903e-7
325.5   0.00042743052826843547   4.7257568801804454e-7
325.75   0.00043171071622854265   4.770209449322572e-7
326.   0.00043616153870989534   4.814495974473327e-7
326.25   0.00044078643632223304   4.853519515653678e-7
326.5   0.00044560141689499086   4.893350117625834e-7
326.75   0.0004506184512611937   4.935565340383136e-7
327.   0.00045585042953884123   4.981838303893519e-7
327.25   0.00046131354389503804   5.040157923316225e-7
327.5   0.0004670196562932696   5.10387915974228e-7
327.75   0.0004729840196680009   5.172349742217219e-7
328.   0.0004792231765593485   5.244879803759858e-7
328.25   0.0004857575372566505   5.318433364005139e-7
328.5   0.0004926033074415956   5.395394603708436e-7
328.75   0.0004997807428523341   5.475933642906189e-7
329.   0.000507311981239205   5.560237425871074e-7
329.25   0.0005152182072152946   5.648126663550423e-7
329.5   0.000523530190542653   5.740355081977311e-7
329.75   0.0005322784931053652   5.837341387317336e-7
330.   0.0005414967524982309   5.939544801043027e-7
330.25   0.0005512209901070992   6.049031255916546e-7
330.5   0.000561493709665397   6.164226819687939e-7
330.75   0.0005723608584997014   6.285056389767175e-7
331.   0.0005838734812973326   6.411446092766183e-7
331.25   0.0005960956387330799   6.53920123100627e-7
331.5   0.0006090810463444525   6.673855123588039e-7
331.75   0.000622897623340071   6.817183068827783e-7
332.   0.0006376217342919367   6.971161737526612e-7
332.25   0.0006533314887633174   7.142555323286131e-7
332.5   0.0006701351930714879   7.327683268445329e-7
332.75   0.0006881471493394898   7.527274416608344e-7
333.   0.0007074975639780348   7.742169065083047e-7
333.25   0.0007283366265568669   7.971232942708436e-7
333.5   0.0007508335826481434   8.218420252206892e-7
333.75   0.0007751850115950925   8.486011378229773e-7
334.   0.0008016186525106382   8.776646994584755e-7
334.25   0.0008304022468181723   9.093952201722151e-7
334.5   0.0008618424427867861   9.440785634973438e-7
334.75   0.0008963028109912998   9.82111284098289e-7
335.   0.0009342134121941173   1.023962532902566e-6
335.25   0.0009760835677620431   1.0701973650284787e-6
335.5   0.0010225292191641565   1.1214754193765306e-6
335.75   0.0010742901171096678   1.1785991345713558e-6
336.   0.0011322640959391924   1.242542265719687e-6
336.25   0.0011975536871385436   1.3144049331876812e-6
336.5   0.0012715044809721453   1.3957691280598044e-6
336.75   0.001355792095195831   1.4884995435102043e-6
337.   0.0014525126340107206   1.5949299218451133e-6
337.25   0.0015643053810602697   1.7181921947281485e-6
337.5   0.0016945295368304052   1.8617899262168807e-6
337.75   0.0018474743752560107   2.0304040900799386e-6
338.   0.002028645703290951   2.230037776369507e-6
338.25   0.0022450983639929947   2.468163862968415e-6
338.5   0.0025059068425060957   2.754902235999943e-6
338.75   0.002822479469123116   3.1027553923100083e-6
339.   0.003208678879870134   3.526907843150279e-6
339.25   0.0036801535429303546   4.044792656836128e-6
339.5   0.004251205087852981   4.671681548091218e-6
339.75   0.004927765874558375   5.4137726665859786e-6
340.   0.005692989564739752   6.252107436936957e-6
340.25   0.006486488788828645   7.1176740281008925e-6
340.5   0.007192372772603224   7.885329095752988e-6
340.75   0.007666721743637042   8.398376619441598e-6
341.   0.007819850504936415   8.56019293981e-6
341.25   0.00768799705492674   8.415142205062284e-6
341.5   0.007407088180546241   8.108579348451074e-6
341.75   0.007117628438750109   7.793760907484935e-6
342.   0.006897350940513202   7.555330564049815e-6
342.25   0.006756797843736004   7.4042142592931695e-6
342.5   0.006670905571049387   7.31305961980265e-6
342.75   0.006611944232393373   7.251276169642203e-6
343.   0.006564004339833778   7.201200262402811e-6
343.25   0.006521602019593356   7.1552836774215114e-6
343.5   0.006484349100991657   7.114695432456969e-6
343.75   0.006453019126673211   7.080562455654572e-6
344.   0.006427934170937001   7.0535139101368544e-6
344.25   0.006408732661876593   7.03443514550492e-6
344.5   0.006394554891056141   7.021253173442912e-6
344.75   0.006384458705866081   7.012811803533067e-6
345.   0.00637757060627537   7.008029226715656e-6
345.25   0.0063731312865643935   7.00597552519783e-6
345.5   0.0063705806566299265   7.005869655022077e-6
345.75   0.006369463056542911   7.007070977489441e-6
346.   0.006369426338654644   7.009050066030861e-6
346.25   0.006370245130094197   7.010365449421524e-6
346.5   0.006371647248168692   7.0120334325510475e-6
346.75   0.00637345337147827   7.014133716505071e-6
347.   0.006375520402357856   7.016789613549313e-6
347.25   0.006377646958282018   7.021557476020985e-6
347.5   0.006379858712720251   7.026672070650153e-6
347.75   0.0063821128398493555   7.031771242625906e-6
348.   0.00638437971147099   7.036502836923884e-6
348.25   0.006386704645446874   7.0390663550189355e-6
348.5   0.006388986701542869   7.041150393179501e-6
348.75   0.00639119529584092   7.043009417186435e-6
349.   0.00639330484095222   7.044907465559714e-6
349.25   0.006395290667582351   7.04795757517078e-6
349.5   0.006397138725242079   7.051267634860164e-6
349.75   0.0063988345266872484   7.0547825863883095e-6
350.   0.006400365724727204   7.058449105544848e-6
350.25   0.006401706008939116   7.062454654029859e-6
350.5   0.006402868128360314   7.06641417055253e-6
350.75   0.006403850485236625   7.070179918375484e-6
351.   0.006404652533543213   7.073603395249862e-6
351.25   0.006405271633157789   7.076354734245624e-6
351.5   0.00640571300647549   7.0785351637103284e-6
351.75   0.006405979557558174   7.080066392601089e-6
352.   0.006406074729890092   7.080869806064199e-6
352.25   0.00640603354750297   7.080113932060775e-6
352.5   0.006405816880989343   7.078769080774086e-6
352.75   0.006405416712765447   7.077060880620821e-6
353.   0.0064048251598804035   7.075218002725652e-6
353.25   0.006403996283356624   7.074005790896035e-6
353.5   0.006402975593107023   7.072914016159663e-6
353.75   0.006401770886097909   7.071963313517975e-6
354.   0.006400390145966702   7.071174586877492e-6
354.25   0.0063988643917429425   7.0709183785973385e-6
354.5   0.0063971699980125375   7.070728471177166e-6
354.75   0.006395306105808964   7.070484694806742e-6
355.   0.006393271868195377   7.070065528219374e-6
355.25   0.006391087235624733   7.0709126294567425e-6
355.5   0.006388722328477286   7.070718250619454e-6
355.75   0.006386167844104607   7.068722589874788e-6
356.   0.006383414368709647   7.064157956500012e-6
356.25   0.0063803273485308724   7.05081757497495e-6
356.5   0.006377071650127363   7.0354996687584865e-6
356.75   0.006373688166356209   7.0196145733784364e-6
357.   0.006370218173036614   7.0045872739691104e-6
357.25   0.00636683627603564   6.996836656716758e-6
357.5   0.006363398876982341   6.990864806073752e-6
357.75   0.0063598944889666584   6.986122277865575e-6
358.   0.0063563114510111415   6.982053837593631e-6
358.25   0.006352689898759514   6.9771880794535806e-6
358.5   0.006348945267819572   6.972229651022007e-6
358.75   0.006345044341387659   6.9669751274332426e-6
359.   0.006340953537867553   6.961219097805607e-6
359.25   0.006336473549404808   6.953655017664829e-6
359.5   0.006331800979420861   6.945608379061721e-6
359.75   0.006326968098351446   6.937312799248621e-6
360.   0.006322007430165883   6.929004015247991e-6
360.25   0.006317029918311639   6.921374459310295e-6
360.5   0.006311959418330611   6.914029165011978e-6
360.75   0.006306797565070771   6.9070261233908855e-6
361.   0.006301545954520101   6.900423715360143e-6
361.25   0.006296237136766227   6.89474012182041e-6
361.5   0.006290829347456446   6.889392882759927e-6
361.75   0.0062853115356320535   6.884255750244715e-6
362.   0.0062796725079122305   6.8792012915722485e-6
362.25   0.006273842487055383   6.8737909283685765e-6
362.5   0.0062678916272201   6.868327855957089e-6
362.75   0.006261831941770358   6.8628064899092466e-6
363.   0.006255675499917701   6.857221144536668e-6
363.25   0.006249450697735781   6.851128723521265e-6
363.5   0.006243146984307798   6.845134171201356e-6
363.75   0.00623677001544362   6.8394081978326614e-6
364.   0.006230325447534422   6.834122793344204e-6
364.25   0.006223849927901935   6.83127803904118e-6
364.5   0.006217305823573426   6.828496540170032e-6
364.75   0.0062106862749146015   6.825216135920226e-6
365.   0.006203984328305785   6.820870309296603e-6
365.25   0.006197162438810934   6.812776599207047e-6
365.5   0.006190256075655215   6.803309945659245e-6
365.75   0.006183270326596657   6.7927438113980775e-6
366.   0.006176210280839332   6.781353785371122e-6
366.25   0.006169099139308278   6.768800860470705e-6
366.5   0.006161916692350257   6.7562263472485285e-6
366.75   0.006154660722993252   6.744160947966239e-6
367.   0.006147328964007958   6.733139120079859e-6
367.25   0.006139907007008216   6.726125821280861e-6
367.5   0.006132409380824908   6.7202721727753775e-6
367.75   0.006124838551625442   6.7151442385122695e-6
368.   0.006117196971783989   6.710304911449401e-6
368.25   0.006109491441251353   6.705165769598113e-6
368.5   0.006101718291851868   6.699490570541896e-6
368.75   0.006093878176545625   6.692892764365497e-6
369.   0.006085971723742798   6.684983213671285e-6
369.25   0.006077985717163527   6.672438911691747e-6
369.5   0.006069940049401246   6.65896173463438e-6
369.75   0.0060618408518070006   6.645337298637793e-6
370.   0.006053694268634614   6.632356396379298e-6
370.25   0.0060455294049265185   6.623973218561993e-6
370.5   0.006037320362082958   6.616575195358791e-6
370.75   0.006029064068811559   6.609694677302286e-6
371.   0.006020757408273994   6.602860933482085e-6
371.25   0.006012386549273521   6.593912488692902e-6
371.5   0.006003963196616779   6.584731157069937e-6
371.75   0.005995488402217918   6.575517603700982e-6
372.   0.005986963201276683   6.566473717857645e-6
372.25   0.0059783751464471445   6.560201809220747e-6
372.5   0.00596974406019204   6.553553085372212e-6
372.75   0.005961076356640842   6.545766013087083e-6
373.   0.005952378466298268   6.536074509792057e-6
373.25   0.0059436844269160505   6.518801026363277e-6
373.5   0.005934962138708059   6.50002877903949e-6
373.75   0.005926206962065421   6.48095572987561e-6
374.   0.005917414209209826   6.462786883637756e-6
374.25   0.005908552302795429   6.4513517371181724e-6
374.5   0.0058996539782317095   6.441415102695322e-6
374.75   0.005890725221447748   6.432342230195422e-6
375.   0.005881772033268378   6.423494651464109e-6
375.25   0.00587283966901743   6.412046111794628e-6
375.5   0.005863879310548377   6.400403760394662e-6
375.75   0.005854881196660371   6.388798036832801e-6
376.   0.005845835494575282   6.377460637747141e-6
376.25   0.005836700446645784   6.367498819268856e-6
376.5   0.005827510606872071   6.357924589555005e-6
376.75   0.005818268762089877   6.348621207910041e-6
377.   0.005808977699233003   6.3394712639062775e-6
377.25   0.005799620211523955   6.330016852919168e-6
377.5   0.005790227035323198   6.320614301859519e-6
377.75   0.005780809008465239   6.311281078312742e-6
378.   0.005771377010368923   6.302034719303725e-6
378.25   0.00576198262184573   6.293053868212042e-6
378.5   0.005752579962959579   6.284131076210389e-6
378.75   0.005743163665732811   6.275219252933612e-6
379.   0.005733728319679503   6.2662710491497825e-6
379.25   0.005724268472386338   6.257238860205057e-6
379.5   0.00571477863008391   6.248074829414112e-6
379.75   0.005705253258208522   6.238730851397159e-6
380.   0.005695686781954842   6.2291585753648296e-6
