310.   0.000026043301371965162   2.296288666919194e-8
310.25   0.00002604509892327434   2.2963575632323823e-8
310.5   0.000026047780990166218   2.2966076098715145e-8
310.75   0.000026051336784851782   2.2970203773392143e-8
311.   0.000026055755594809506   2.297577252885602e-8
311.25   0.000026061026785948754   2.2982594346656086e-8
311.5   0.0000260671398059453   2.2990479256791637e-8
311.75   0.000026074084187758413   2.2999235274840174e-8
312.   0.00002608184955334005   2.3008668336704634e-8
312.25   0.000026090372434315046   2.3018916120371606e-8
312.5   0.0000260997168376899   2.302931439235966e-8
312.75   0.00002610989427373046   2.3039526844448733e-8
313.   0.000026120916632315343   2.3049213083644333e-8
313.25   0.00002613273952060433   2.3055104813859637e-8
313.5   0.000026145454687420007   2.3060931234585426e-8
313.75   0.000026159098278725515   2.3067526863837756e-8
314.   0.0000261737071848089   2.307573724589804e-8
314.25   0.000026189390380443967   2.3089646678571283e-8
314.5   0.000026206086871610958   2.3105622892352456e-8
314.75   0.00002622380695515433   2.3123234611958107e-8
315.   0.000026242561390278865   2.314204513708647e-8
315.25   0.00002626234994679069   2.3160466767450747e-8
315.5   0.000026283200359958624   2.3179648514159034e-8
315.75   0.000026305129558865853   2.3199602271419957e-8
316.   0.00002632815508245317   2.322034040113237e-8
316.25   0.000026352327635909483   2.3243124616047044e-8
316.5   0.000026377620700539827   2.3266227145262178e-8
316.75   0.000026404040553854772   2.328915332395067e-8
317.   0.000026431593992184115   2.3311401376123936e-8
317.25   0.000026460169839938216   2.3328008432148257e-8
317.5   0.000026489941198094207   2.334466570251193e-8
317.75   0.000026520964863052692   2.3362663502950198e-8
318.   0.000026553299012831732   2.3383312535275872e-8
318.25   0.0000265871410849781   2.3413459521100446e-8
318.5   0.000026622360134459746   2.3446772895712574e-8
318.75   0.00002665896263247011   2.3482380007075822e-8
319.   0.000026696955755592738   2.351939482375709e-8
319.25   0.000026736241241693827   2.3553727121229813e-8
319.5   0.000026776975720853993   2.358890743984081e-8
319.75   0.000026819212052094388   2.3625308815350296e-8
320.   0.000026863004704104514   2.366331122499497e-8
320.25   0.00002690850554440009   2.3704583396356917e-8
320.5   0.000026955639167293452   2.374773503073971e-8
320.75   0.000027004426221593044   2.3792645031419452e-8
321.   0.000027054888579105436   2.3839190961422034e-8
321.25   0.000027106966721348217   2.3887339183960107e-8
321.5   0.00002716080029351044   2.3936838831560785e-8
321.75   0.000027216449061093556   2.398752623318085e-8
322.   0.00002727397494368791   2.4039235450471547e-8
322.25   0.000027333495468430753   2.4090237361903782e-8
322.5   0.000027395002942533347   2.4142534136944333e-8
322.75   0.000027458544591874492   2.4196591867495775e-8
323.   0.0000275241698410608   2.4252887002048227e-8
323.25   0.000027591894078915738   2.431330630674413e-8
323.5   0.00002766182209928836   2.4376400859112455e-8
323.75   0.000027734025601737146   2.4442107299338256e-8
324.   0.000027808579346321814   2.4510362483039347e-8
324.25   0.000027885579783350698   2.4582010009606503e-8
324.5   0.000027965082659265985   2.4655726121194256e-8
324.75   0.000028047165439126436   2.4731076127032935e-8
325.   0.000028131909256637246   2.4807617175496442e-8
325.25   0.00002821941593095845   2.4881603531491932e-8
325.5   0.00002830975126496622   2.4957156136700166e-8
325.75   0.000028403001896146467   2.5035160658718326e-8
326.   0.000028499258962140884   2.5116525847823457e-8
326.25   0.00002859863806748475   2.520637069561439e-8
326.5   0.00002870121289473078   2.529983552034074e-8
326.75   0.000028807081811128222   2.5396181128440062e-8
327.   0.00002891634878471523   2.5494652403485087e-8
327.25   0.000029028980677346208   2.5589626292468148e-8
327.5   0.000029145292659336035   2.56870532542415e-8
327.75   0.000029265467051738737   2.5788128592096624e-8
328.   0.00002938969517511242   2.5894083583934813e-8
328.25   0.000029518336519313715   2.601186624322631e-8
328.5   0.000029651382245565154   2.6134901677612064e-8
328.75   0.000029788989122578585   2.6262192941053454e-8
329.   0.0000299313238810803   2.639271906365581e-8
329.25   0.00003007849048516205   2.6519995110071733e-8
329.5   0.00003023078000562678   2.6650494694280212e-8
329.75   0.00003038842454241881   2.6785372587945703e-8
330.   0.00003055167074229449   2.6925825929181964e-8
330.25   0.00003072084816375451   2.7076834824310496e-8
330.5   0.00003089614315356391   2.7234508028984327e-8
330.75   0.000031077825785206634   2.7398634157583418e-8
331.   0.000031266185324448464   2.7569004028465738e-8
331.25   0.0000314614680904572   2.7743971248788334e-8
331.5   0.000031664095601383655   2.7925327317896596e-8
331.75   0.00003187445253992094   2.8113473768052972e-8
332.   0.00003209295198322238   2.830883949801134e-8
332.25   0.00003232004480103721   2.851210593892045e-8
332.5   0.000032556200271153446   2.872345686966201e-8
332.75   0.000032801931793234795   2.8943327019725936e-8
333.   0.00003305779427425609   2.917218711265139e-8
333.25   0.00003332441017780424   2.9410086413513733e-8
333.5   0.0000336024013039638   2.9658217385213594e-8
333.75   0.000033892466824749037   2.9917378179326494e-8
334.   0.000034195368502414435   3.01884307938747e-8
334.25   0.0000345119551304641   3.0474448492294844e-8
334.5   0.000034843113074056444   3.0773489558654586e-8
334.75   0.00003518983304208597   3.108574928931843e-8
335.   0.00003555320446787034   3.141147549063266e-8
335.25   0.0000359343091300837   3.174714016805274e-8
335.5   0.00003633463888723173   3.209840601860045e-8
335.75   0.00003675571612296043   3.246736519942449e-8
336.   0.000037199230697332915   3.285629933333665e-8
336.25   0.000037667204799520764   3.3270366969959534e-8
336.5   0.000038161548069253687   3.3708655360983936e-8
336.75   0.00003868455801538474   3.4173050303927664e-8
337.   0.00003923882428353633   3.4665687912882775e-8
337.25   0.000039827216155114834   3.518872951019711e-8
337.5   0.00004045314782731336   3.574531280240511e-8
337.75   0.00004112044750183885   3.6338730386471844e-8
338.   0.000041833504377134585   3.697276473891764e-8
338.25   0.000042597403817185486   3.765163071356782e-8
338.5   0.00004341797024360579   3.8380604663955694e-8
338.75   0.00004430202338766196   3.916567059652896e-8
339.   0.00004525756235238441   4.001385139907403e-8
339.25   0.00004629401777979196   4.0932889367898915e-8
339.5   0.00004742263781806224   4.193340486680929e-8
339.75   0.00004865687882548417   4.302747292604108e-8
340.   0.00005001298225305551   4.422965334400688e-8
340.25   0.00005151071284842267   4.555922720504837e-8
340.5   0.000053174290924711204   4.703575101782932e-8
340.75   0.000055033649630762825   4.868526688340128e-8
341.   0.00005712601980872077   5.054020570982949e-8
341.25   0.00005949788206119834   5.263773137430096e-8
341.5   0.00006220747819546747   5.503309848577259e-8
341.75   0.00006532716699004108   5.7791072427860225e-8
342.   0.00006894529152803358   6.099072139347186e-8
342.25   0.00007316555062923301   6.47288624718133e-8
342.5   0.0000781002193031599   6.91012368294686e-8
342.75   0.00008385307620807801   7.419953972653357e-8
343.   0.00009048956045589017   8.008147159142294e-8
343.25   0.00009800282816478321   8.67403156889814e-8
343.5   0.00010629549547747868   9.408965685277711e-8
343.75   0.00011519621341055218   1.0197705885198651e-7
344.   0.00012450144271958038   1.1022124581126617e-7
344.25   0.00013401691344535618   1.1864240719412512e-7
344.5   0.00014358499767996887   1.2710742807056377e-7
344.75   0.0001530886626484502   1.3551416564759946e-7
345.   0.00016244782139647444   1.437936962249417e-7
345.25   0.0001716122547615594   1.5191175867975803e-7
345.5   0.00018055043889454196   1.5983325463474817e-7
345.75   0.0001892461467807726   1.6754326016192774e-7
346.   0.00019769282222647665   1.7503520007192577e-7
346.25   0.00020588991065207632   1.823037187886007e-7
346.5   0.0002138416022977801   1.8935655987021934e-7
346.75   0.00022155427890222467   1.9619992023366052e-7
347.   0.00022903576102305324   2.028413405596865e-7
347.25   0.00023629500010639468   2.0929579626158233e-7
347.5   0.000243340353645102   2.1556284752446426e-7
347.75   0.00025018052240982945   2.2164803707227822e-7
348.   0.00025682401193567825   2.2755648714835493e-7
348.25   0.00026327765511790927   2.3328138450875837e-7
348.5   0.0002695511329383373   2.3884231247678517e-7
348.75   0.0002756524877968981   2.44247949456355e-7
349.   0.00028158940036000134   2.4950685248308674e-7
349.25   0.0002873709533964114   2.546447778908545e-7
349.5   0.0002930017037873422   2.596463667551257e-7
349.75   0.0002984874911759142   2.6451207292980684e-7
350.   0.0003038337734666797   2.69241654511495e-7
350.25   0.00030904409943439606   2.7379646856897355e-7
350.5   0.00031412534731684077   2.78226674093567e-7
350.75   0.00031908263472628053   2.8254668383531434e-7
351.   0.00032392082514193975   2.867714202499856e-7
351.25   0.00032864568249459764   2.909664397605074e-7
351.5   0.00033326005207715193   2.9507877476621453e-7
351.75   0.000337767643877236   2.991030676391244e-7
352.   0.00034217194975542817   3.030331672242798e-7
352.25   0.0003464761058081914   3.0682343343140844e-7
352.5   0.0003506834199487092   3.105195499574507e-7
352.75   0.00035479687845746725   3.1412982389625156e-7
353.   0.00035881930514435983   3.1766275719674897e-7
353.25   0.0003627521749138212   3.211476642122583e-7
353.5   0.0003665996684598383   3.2456499297857906e-7
353.75   0.00037036469304105795   3.27915023925347e-7
354.   0.00037405005513942163   3.311978116863359e-7
354.25   0.0003776601844560218   3.344057801117395e-7
354.5   0.00038119533491349524   3.3754880533119423e-7
354.75   0.0003846573227005875   3.4062946856703597e-7
355.   0.0003880478570362703   3.4365029772824653e-7
355.25   0.00039136789501909806   3.4662242237735023e-7
355.5   0.0003946198498639799   3.49536313239489e-7
355.75   0.0003978054186973551   3.523907136587464e-7
356.   0.0004009262239307558   3.551841854421233e-7
356.25   0.00040398299758180936   3.5789908700062105e-7
356.5   0.0004069783597014311   3.605558251336764e-7
356.75   0.0004099140766321476   3.631591868448944e-7
357.   0.00041279186744026786   3.657140459593332e-7
357.25   0.00041561410404319585   3.682409251746538e-7
357.5   0.00041838145306253807   3.7072330694979917e-7
357.75   0.00042109521612187064   3.7315980965448927e-7
358.   0.00042375664792388497   3.755489165639072e-7
358.25   0.0004263679385151424   3.7788114319032164e-7
358.5   0.0004289288970318265   3.801655822945563e-7
358.75   0.0004314402424325964   3.8240360553653056e-7
359.   0.0004339026426094024   3.8459656793472963e-7
359.25   0.0004363147063209695   3.867416981537409e-7
359.5   0.0004386797946705253   3.8884602508571563e-7
359.75   0.00044099927043364317   3.9091256976278525e-7
360.   0.00044327447750030683   3.929443906543488e-7
360.25   0.0004455080632715212   3.9495450411230466e-7
360.5   0.0004476995028768364   3.9693226995247523e-7
360.75   0.0004498495420579252   3.9887674293904754e-7
361.   0.000451958896788783   4.0078690166840615e-7
361.25   0.0004540281118225873   4.026579185908823e-7
361.5   0.0004560580452966536   4.0449381045220404e-7
361.75   0.00045804938988175376   4.062948844802565e-7
362.   0.0004600028144416728   4.0806141964592274e-7
362.25   0.00046191866823960673   4.097872478599254e-7
362.5   0.00046379798763875117   4.114815158192128e-7
362.75   0.00046564149805131475   4.1314707471176834e-7
363.   0.00046744990752172985   4.147868154911869e-7
363.25   0.0004692239690958113   4.1641750626605524e-7
363.5   0.00047096427240163113   4.180228778015457e-7
363.75   0.00047267145200293923   4.1960023257332105e-7
364.   0.0004743461270979306   4.211467797357537e-7
364.25   0.00047598872630738354   4.226599076296999e-7
364.5   0.0004776000842960325   4.241362689149043e-7
364.75   0.0004791808498845903   4.255726937871594e-7
365.   0.00048073166026004486   4.2696592465425084e-7
365.25   0.0004822539958822416   4.2827829605298443e-7
365.5   0.0004837472832104411   4.295541311482064e-7
365.75   0.00048521177595772807   4.308040255638905e-7
366.   0.0004866477105967986   4.320387861999414e-7
366.25   0.00048805442995364444   4.3331023947126327e-7
366.5   0.000489433357901728   4.3457280552925876e-7
366.75   0.0004907850420365917   4.358211523815695e-7
367.   0.0004921100216962728   4.3704981472717643e-7
367.25   0.0004934088898014601   4.38238311227975e-7
367.5   0.0004946820843836199   4.3940163937028156e-7
367.75   0.0004959300965170763   4.4054005082850153e-7
368.   0.0004971534096603301   4.416537884237426e-7
368.25   0.0004983528696672442   4.427393232910863e-7
368.5   0.000499528430656361   4.43802121303412e-7
368.75   0.000500680403340491   4.4484394109225757e-7
369.   0.0005018090890654711   4.458665610803373e-7
369.25   0.0005029135291463114   4.4689533097176216e-7
369.5   0.0005039957492733235   4.478992650319971e-7
369.75   0.0005050565359047607   4.488705660882246e-7
370.   0.0005060966759133237   4.4980129035256427e-7
370.25   0.0005071202604323714   4.5062456438473616e-7
370.5   0.0005081234748590931   4.514140538964993e-7
370.75   0.0005091057577146826   4.521854122740264e-7
371.   0.0005100665260167745   4.529545511540831e-7
371.25   0.0005110008526137619   4.538169192338344e-7
371.5   0.0005119141366015977   4.5467845875154265e-7
371.75   0.0005128074979874265   4.555234623033343e-7
372.   0.0005136820647456158   4.5633595394054407e-7
372.25   0.0005145426657322575   4.57028338216404e-7
372.5   0.0005153852978315747   4.5768356129810775e-7
372.75   0.0005162096060217393   4.583139756100237e-7
373.   0.0005170152201519411   4.5893212289633483e-7
373.25   0.0005177998632783956   4.5959486978939096e-7
373.5   0.0005185657730942319   4.6025360210213174e-7
373.75   0.0005193133069537804   4.609034206138765e-7
374.   0.00052004281942315   4.615393420158e-7
374.25   0.0005207556362397827   4.6214129351828846e-7
374.5   0.0005214507489104096   4.627250494030359e-7
374.75   0.0005221281074587   4.6329149454159867e-7
375.   0.0005227876538834449   4.638415205666799e-7
375.25   0.0005234266665660384   4.643653996778445e-7
375.5   0.0005240487750561987   4.6487885372094403e-7
375.75   0.0005246549792260303   4.653871195681823e-7
376.   0.0005252462861338922   4.65895499034787e-7
376.25   0.0005258265644636765   4.6643778709725315e-7
376.5   0.000526392854558182   4.669797657592644e-7
376.75   0.000526945023412439   4.67515361518709e-7
377.   0.0005274829297890834   4.680384115453297e-7
377.25   0.0005280051573876728   4.6851487401405884e-7
377.5   0.0005285133160996966   4.6897717370292773e-7
377.75   0.000529007755942221   4.6943018590720937e-7
378.   0.0005294888257433259   4.6987884378812774e-7
378.25   0.000529958167773253   4.703553723439344e-7
378.5   0.0005304143226976634   4.70826826581045e-7
378.75   0.0005308571100024477   4.712872425522154e-7
379.   0.0005312863417489366   4.717305766252225e-7
379.25   0.0005317018226978157   4.721507066048602e-7
379.5   0.0005321033504300882   4.7254143283246194e-7
379.75   0.0005324907154651367   4.728964792635603e-7
380.   0.0005328637013760169   4.732094945243374e-7
