310.   9.199696293396326e-6   8.128289866814078e-9
310.25   9.220655981971903e-6   8.150098688071708e-9
310.5   9.242292903032727e-6   8.171129586559413e-9
310.75   9.264609885975005e-6   8.191632238342975e-9
311.   9.287610034394074e-6   8.211861531091572e-9
311.25   9.311296738412563e-6   8.232077788499176e-9
311.5   9.335673687681807e-6   8.252547006394843e-9
311.75   9.360744885098964e-6   8.273541101271798e-9
312.   9.38651466128538e-6   8.295338172018053e-9
312.25   9.412942001526303e-6   8.319662279273212e-9
312.5   9.440095485744174e-6   8.34480254865359e-9
312.75   9.467999312407866e-6   8.370465342526625e-9
313.   9.496678517270605e-6   8.396350444760307e-9
313.25   9.52617873011689e-6   8.420413825174512e-9
313.5   9.556499367068746e-6   8.444756246440944e-9
313.75   9.587660102347081e-6   8.46977117372897e-9
314.   9.61968141851718e-6   8.495861915722516e-9
314.25   9.652576212791362e-6   8.525027719478468e-9
314.5   9.686378428589661e-6   8.555489152433439e-9
314.75   9.721114701119803e-6   8.58702803842052e-9
315.   9.756812739558231e-6   8.619421021633567e-9
315.25   9.793516575104638e-6   8.652201095152986e-9
315.5   9.83123512502053e-6   8.685464722210463e-9
315.75   9.86999338854742e-6   8.719069808418248e-9
316.   9.909817507670004e-6   8.752870666822134e-9
316.25   9.950703398875895e-6   8.785580674888097e-9
316.5   9.992723325893634e-6   8.818625631126146e-9
316.75   0.000010035920250140238   8.85231850876284e-9
317.   0.000010080338925941344   8.886981604157426e-9
317.25   0.000010126030092415672   8.92325460305498e-9
317.5   0.000010173036716132603   8.961053089511337e-9
317.75   0.000010221407860483115   9.000602997071901e-9
318.   0.000010271194771679781   9.04213788951902e-9
318.25   0.000010322476912450602   9.08735926299649e-9
318.5   0.000010375274344144556   9.134491910819035e-9
318.75   0.000010429634897846409   9.183188427898655e-9
319.   0.000010485608800342401   9.233091044017478e-9
319.25   0.000010543269448485534   9.282195669037337e-9
319.5   0.000010602643711636953   9.332389411339465e-9
319.75   0.00001066378133965255   9.383960645010526e-9
320.   0.000010726734835114094   9.437208481381929e-9
320.25   0.00001079148209514528   9.493102489672085e-9
320.5   0.000010858189115234957   9.55105213660636e-9
320.75   0.00001092695015955178   9.61111783267833e-9
321.   0.000010997864257679517   9.673363482215931e-9
321.25   0.00001107110974481475   9.737967558516224e-9
321.5   0.000011146693408900953   9.804848213656218e-9
321.75   0.000011224699536998878   9.874034920896211e-9
322.   0.000011305217394220871   9.945559860880034e-9
322.25   0.000011388296760188217   1.0019357706047061e-8
322.5   0.000011474099970621258   1.0095605584460332e-8
322.75   0.00001156275232869725   1.0174387241470463e-8
323.   0.000011654386557546832   1.0255791849311662e-8
323.25   0.000011749188003067489   1.0340076029445596e-8
323.5   0.000011847244265619177   1.0427117700380855e-8
323.75   0.000011948695094281102   1.051695679839316e-8
324.   0.000012053689366336813   1.0609637405979284e-8
324.25   0.000012162318245580687   1.070448803064473e-8
324.5   0.000012274844460126488   1.080255634657095e-8
324.75   0.000012391477606016187   1.090420595429782e-8
325.   0.000012512441269321584   1.1009821594962071e-8
325.25   0.00001263802844845537   1.112058500039481e-8
325.5   0.00001276841966950391   1.1235861336461596e-8
325.75   0.000012903865155133054   1.1355781092378514e-8
326.   0.000013044633473692267   1.148048620761008e-8
326.25   0.000013190999949544993   1.1609811263238038e-8
326.5   0.000013343293387988404   1.1744364889404026e-8
326.75   0.000013501853992933663   1.1884467036054726e-8
327.   0.000013667048651516268   1.2030462380231585e-8
327.25   0.000013839273747690347   1.2182850971078318e-8
327.5   0.00001401895754651927   1.234185833235113e-8
327.75   0.000014206564083197999   1.250786404948282e-8
328.   0.000014402596734011302   1.2681280483570919e-8
328.25   0.000014607600568354448   1.2861985734429242e-8
328.5   0.000014822173379371647   1.3051251554261203e-8
328.75   0.000015046964915491344   1.3249859022051738e-8
329.   0.00001528268480354185   1.3458657452451413e-8
329.25   0.000015530131597411823   1.368000210740461e-8
329.5   0.000015790126350345825   1.3912946728380525e-8
329.75   0.000016063594578820103   1.4157972299923168e-8
330.   0.000016351555335649793   1.4415615262588538e-8
330.25   0.00001665504840178348   1.4684882166394745e-8
330.5   0.000016975433106962454   1.496861556850621e-8
330.75   0.000017314125739839504   1.5268268641049868e-8
331.   0.000017672699766003985   1.5585451751720097e-8
331.25   0.00001805303720425901   1.5922535301538952e-8
331.5   0.00001845692009227012   1.6280724850123916e-8
331.75   0.00001888648384366624   1.6661991377285555e-8
332.   0.000019344128858643123   1.7068549559017238e-8
332.25   0.00001983244581491255   1.7504343107709447e-8
332.5   0.000020354654149892388   1.7970236889899565e-8
332.75   0.000020914283343555616   1.84687770617799e-8
333.   0.000021515354417656322   1.9002872324161528e-8
333.25   0.00002216252852959283   1.957257509209473e-8
333.5   0.000022861003091025855   2.0186134642616146e-8
333.75   0.000023616840244864764   2.084950362530309e-8
334.   0.000024437063799064718   2.1569570907897352e-8
334.25   0.000025329874443445507   2.2356988635214653e-8
334.5   0.000026304808462165643   2.3217608886892105e-8
334.75   0.000027373109608014397   2.416119678694394e-8
335.   0.000028548079058183223   2.5199305857319968e-8
335.25   0.000029845461618843543   2.634608314007724e-8
335.5   0.0000312843232590005   2.761746921629904e-8
335.75   0.00003288755467117803   2.9033111973349225e-8
336.   0.00003468294140075247   3.0616851244289944e-8
336.25   0.00003670455646997458   3.2393353738676166e-8
336.5   0.00003899411972005329   3.440426649510649e-8
336.75   0.00004160353454624725   3.6696381171311956e-8
337.   0.000044597740983621785   3.932829581882336e-8
337.25   0.000048058446077248124   4.2380457240819e-8
337.5   0.00005208986644508744   4.593879711868276e-8
337.75   0.000056825026741418445   5.012024213726938e-8
338.   0.00006243473989394286   5.507485764846292e-8
338.25   0.0000691389770831542   6.09932245947654e-8
338.5   0.00007721831794109707   6.812450019313767e-8
338.75   0.00008702667907201854   7.678020905726628e-8
339.   0.00009899435352463759   8.733884738811399e-8
339.25   0.00011360441605015637   1.0021841797554704e-7
339.5   0.00013130561636026796   1.1581946283968784e-7
339.75   0.0001522869956296978   1.3430911512997944e-7
340.   0.00017603413527283142   1.5523529658173258e-7
340.25   0.00020069008653996224   1.769745248862509e-7
340.5   0.00022266481298395118   1.963541944781172e-7
340.75   0.0002374947459159927   2.0943856083276583e-7
341.   0.00024238610199937193   2.137629605122015e-7
341.25   0.00023844075399342163   2.1029591966964547e-7
341.5   0.00022986429245110777   2.0274581528138726e-7
341.75   0.00022101163176903708   1.9495239087914687e-7
342.   0.00021429767813658582   1.8904516218368575e-7
342.25   0.00021005469600930278   1.8531470489129367e-7
342.5   0.00020750686894659563   1.8307974378406938e-7
342.75   0.00020579411035744665   1.8158200859890824e-7
343.   0.00020442242206699415   1.8038605887982097e-7
343.25   0.0002032217277053433   1.7934849207684377e-7
343.5   0.00020217992061966517   1.784501087257401e-7
343.75   0.00020132132198958394   1.777102389153515e-7
344.   0.0002006562157682401   1.7713583232538583e-7
344.25   0.00020017297512815957   1.7670031331236337e-7
344.5   0.0001998457646087154   1.7639850094917207e-7
344.75   0.00019964552930610207   1.7620819223383032e-7
345.   0.00019954529472580092   1.7610904208221916e-7
345.25   0.0001995221421794665   1.760964968044209e-7
345.5   0.00019955804128360147   1.7614120597387715e-7
345.75   0.00019963873239353682   1.7622925668954336e-7
346.   0.00019975316778700206   1.763495570931557e-7
346.25   0.00019989288523145952   1.7649388998065437e-7
346.5   0.00020005120386813749   1.7665413043395103e-7
346.75   0.00020022299255729363   1.7682410363596157e-7
347.   0.0002004042535507262   1.7699861071615976e-7
347.25   0.00020059217528751734   1.7716237619165465e-7
347.5   0.00020078385201526664   1.7732659215923106e-7
347.75   0.00020097720896742875   1.7749220088086635e-7
348.   0.00020117057209277132   1.776605378459027e-7
348.25   0.00020136223694944505   1.7784506647965386e-7
348.5   0.00020155157095702003   1.7803122765169658e-7
348.75   0.00020173779804381507   1.7821633755253565e-7
349.   0.00020192030096407286   1.7839782412618367e-7
349.25   0.00020209855688395575   1.7856557874310062e-7
349.5   0.00020227222705841146   1.787278057955501e-7
349.75   0.00020244102416629734   1.7888522903013207e-7
350.   0.0002026047303799934   1.7903864700711355e-7
350.25   0.00020276337159611248   1.791931489558878e-7
350.5   0.00020291657461364384   1.7934375705506385e-7
350.75   0.00020306418989128123   1.794897177905951e-7
351.   0.0002032060998258651   1.7963029760843543e-7
351.25   0.00020334237573947474   1.7976619897417873e-7
351.5   0.0002034727224316298   1.7989473367244106e-7
351.75   0.00020359702374386128   1.800146264316906e-7
352.   0.00020371517827384941   1.8012460097799386e-7
352.25   0.00020382689352734025   1.8021620163997311e-7
352.5   0.00020393237418011087   1.8029815660515493e-7
352.75   0.00020403163218827485   1.8037209071998812e-7
353.   0.00020412468737001412   1.804396560327599e-7
353.25   0.00020421077700579358   1.805036422002496e-7
353.5   0.0002042910340813021   1.8056419997932852e-7
353.75   0.00020436581537871068   1.8062260350748346e-7
354.   0.00020443548507582173   1.806801440480094e-7
354.25   0.00020450172862305146   1.807440699806652e-7
354.5   0.00020456308831626457   1.8080741392292035e-7
354.75   0.00020461941317228291   1.808691038494052e-7
355.   0.00020467055140155   1.809280558928116e-7
355.25   0.00020471572441009908   1.809812220021362e-7
355.5   0.00020475565110360009   1.810302191100991e-7
355.75   0.0002047904291779967   1.8107471894825657e-7
356.   0.00020482015712908888   1.8111438949890299e-7
356.25   0.00020484510246055945   1.811501857842772e-7
356.5   0.0002048651295728871   1.8117996610081526e-7
356.75   0.00020488026995205147   1.8120286353208039e-7
357.   0.00020489055450840406   1.8121800188013384e-7
357.25   0.0002048957441810283   1.8121588158474122e-7
357.5   0.0002048962443485133   1.812076334372844e-7
357.75   0.00020489219267745304   1.811958427243686e-7
358.   0.00020488372696531926   1.8118311934296875e-7
358.25   0.00020487120901707375   1.8118213924361143e-7
358.5   0.00020485446401056527   1.8118154001178656e-7
358.75   0.00020483353906592397   1.8117993714834863e-7
359.   0.00020480848034997527   1.8117593117590476e-7
359.25   0.00020477929763682194   1.8116357133921512e-7
359.5   0.00020474608455432042   1.8114776317213082e-7
359.75   0.00020470889859411717   1.8112889931808013e-7
360.   0.00020466779634202822   1.8110737473604849e-7
360.25   0.00020462280664799255   1.8109231372607883e-7
360.5   0.00020457402170347965   1.8107192896379162e-7
360.75   0.00020452150616599043   1.8104309197207868e-7
361.   0.00020446532385131447   1.8100264589979823e-7
361.25   0.00020440574113582427   1.809280341961743e-7
361.5   0.0002043425360804637   1.8084309832941695e-7
361.75   0.00020427568772449762   1.8075243168358106e-7
362.   0.0002042051735804075   1.8066066631948816e-7
362.25   0.0002041305088595779   1.8059009982022856e-7
362.5   0.00020405231163783897   1.8052081987264014e-7
362.75   0.00020397074118384494   1.8045044602162796e-7
363.   0.0002038859568037374   1.8037657662788061e-7
363.25   0.0002037985898375996   1.802852616888521e-7
363.5   0.00020370814036216824   1.8019015964974354e-7
363.75   0.0002036145770522265   1.800934649111946e-7
364.   0.0002035178671146709   1.7999738826103893e-7
364.25   0.00020341764960982522   1.7991238729546704e-7
364.5   0.000203314345232232   1.7982920742643437e-7
364.75   0.0002032080488629154   1.7974678261169017e-7
365.   0.00020309885499021594   1.7966403713560025e-7
365.25   0.0002029870421043477   1.7957820679592587e-7
365.5   0.00020287244633171992   1.7949054248116634e-7
365.75   0.0002027550865590728   1.794006182849184e-7
366.   0.0002026349807577573   1.793080041599551e-7
366.25   0.0002025119365022884   1.7920939951198358e-7
366.5   0.00020238626265777857   1.791083709107861e-7
366.75   0.0002022580590965284   1.7900563333906713e-7
367.   0.0002021274254274898   1.7890190605912203e-7
367.25   0.00020199468860370307   1.7880142215469967e-7
367.5   0.000201859629718368   1.7870000570659703e-7
367.75   0.00020172225576892315   1.7859697215301237e-7
368.   0.00020158257287833487   1.7849163126511598e-7
368.25   0.00020144055686815431   1.783812070772257e-7
368.5   0.0002012962532906386   1.782679048128616e-7
368.75   0.00020114967760549813   1.7815185695805138e-7
369.   0.00020100084453132132   1.780331962377242e-7
369.25   0.0002008496259405543   1.7791033325370797e-7
369.5   0.0002006962336920891   1.7778580793485697e-7
369.75   0.00020054073767216562   1.7766044838422121e-7
370.   0.000200383207441819   1.7753508740679285e-7
370.25   0.00020022385892095392   1.774152649261971e-7
370.5   0.0002000625560654591   1.7729525157102238e-7
370.75   0.00019989930835018766   1.7717399766429987e-7
371.   0.00019973412457774699   1.7705044611101051e-7
371.25   0.00019956700102318303   1.7692052663128876e-7
371.5   0.0001993979617598345   1.7678736833407304e-7
371.75   0.00019922701842140723   1.7665110428915017e-7
372.   0.00019905418204056865   1.765118679291167e-7
372.25   0.00019887914908138496   1.7637498071370075e-7
372.5   0.00019870236820953785   1.7623332663931287e-7
372.75   0.00019852397525881236   1.7608494933711917e-7
373.   0.00019834410624619789   1.7592788044795764e-7
373.25   0.00019816352206773662   1.7574318346152995e-7
373.5   0.000197981485998483   1.755525654335915e-7
373.75   0.0001977978828683578   1.7536085574550526e-7
374.   0.00019761259624043865   1.751729116423137e-7
374.25   0.00019742432967787387   1.750180992177221e-7
374.5   0.00019723461181661534   1.7486711246878878e-7
374.75   0.0001970437974205988   1.7471502696791906e-7
375.   0.0001968522427085451   1.7455688961923412e-7
375.25   0.0001966624322951824   1.7436218914679127e-7
375.5   0.0001964717522474855   1.7416160127219227e-7
375.75   0.00019627970630152011   1.7396037261560187e-7
376.   0.00019608579492352913   1.7376377848540722e-7
376.25   0.0001958877100921233   1.735987158584873e-7
376.5   0.0001956874693234921   1.7344033235678966e-7
376.75   0.00019548529056150331   1.732852909289233e-7
377.   0.00019528139249778677   1.7313023575059186e-7
377.25   0.00019507590519713983   1.7296547989576847e-7
377.5   0.0001948691737413943   1.7279645504663667e-7
377.75   0.0001946614549924497   1.7262229231957655e-7
378.   0.00019445300670830327   1.7244211812331067e-7
378.25   0.00019424543686355028   1.7224470903369388e-7
378.5   0.00019403711868280324   1.7204364423909803e-7
378.75   0.00019382776933337485   1.718422011503848e-7
379.   0.00019361710411315312   1.7164367358177558e-7
379.25   0.00019340483647591942   1.7145137153431168e-7
379.5   0.00019319067805625636   1.7126862098268739e-7
379.75   0.00019297433869405026   1.7109876366538202e-7
380.   0.00019275552645860161   1.70945156878026e-7
