310.   0.03755340704543866   0.0000767871304452032
310.25   0.03761312047136484   0.00007717141652704887
310.5   0.037675694784401983   0.0000774361065460575
310.75   0.03774111636710954   0.00007760503698115669
311.   0.037809372173717555   0.00007770252761239951
311.25   0.037880449756732194   0.00007775340158562927
311.5   0.03795433729504974   0.000077783006687795
311.75   0.03803102362367458   0.00007781723789956131
312.   0.03811049826514405   0.00007788256130837558
312.25   0.038192599666500224   0.00007811910334323634
312.5   0.038277529957783794   0.00007839729106823356
312.75   0.0383653433580144   0.00007869896525291979
313.   0.038456096390684265   0.00007900555282814006
313.25   0.03854986260372728   0.0000792470369968455
313.5   0.03864668315092559   0.00007947488692453285
313.75   0.03874661613676714   0.0000796901776469332
314.   0.03884972229979356   0.00007989400754055064
314.25   0.038955612766211005   0.00008008521431532745
314.5   0.03906498270704459   0.00008026812606124281
314.75   0.03917808815543017   0.0000804448643709828
315.   0.03929519322635267   0.00008061760413575449
315.25   0.03941737120876471   0.00008076368690817652
315.5   0.039543791194875534   0.00008091998107341466
315.75   0.039674413334983984   0.00008109912014315728
316.   0.03980919853125404   0.00008131408683304656
316.25   0.03994748049431239   0.00008164642365900501
316.5   0.040090093899297526   0.0000820151648104814
316.75   0.04023726208110344   0.00008240623364455039
317.   0.040389216915708945   0.00008280515923510511
317.25   0.040546642968433105   0.0000831411830823013
317.5   0.04070917478547378   0.00008347653631598706
317.75   0.040876888872093224   0.00008381859858611373
318.   0.04104986668025027   0.00008417497728890007
318.25   0.041228020922357535   0.00008459002733441697
318.5   0.04141168521826463   0.00008502120317779125
318.75   0.04160102999723381   0.00008546170798534819
319.   0.041796234316860886   0.00008590453196728633
319.25   0.04199715775313713   0.00008630446354775901
319.5   0.04220445393128395   0.00008670668491197014
319.75   0.0424184680157588   0.00008711928414130971
320.   0.042639560964963165   0.00008755063300180344
320.25   0.04286849616301061   0.00008803988572780684
320.5   0.04310513493033592   0.00008855379995183332
320.75   0.04334973097174519   0.00008908898376406472
321.   0.04360255231061342   0.00008964193352477627
321.25   0.043863614202069794   0.00009020240711653672
321.5   0.044133587481346284   0.00009077582042988284
321.75   0.04441290156193013   0.00009136106033149739
322.   0.04470200908740863   0.00009195697981475528
322.25   0.04500183644800612   0.00009250509948833843
322.5   0.04531226686965088   0.00009308347287842734
322.75   0.045633644653360526   0.00009371490990767944
323.   0.04596633676122427   0.00009442321308285004
323.25   0.046310534265238054   0.00009538074605528752
323.5   0.04666693161773823   0.00009640966295513199
323.75   0.047036059226286925   0.00009747502884398846
324.   0.04741848202243109   0.00009854034201450264
324.25   0.04781417248944477   0.0000994425011839983
324.5   0.04822464280108613   0.00010031396255441456
324.75   0.04865084597238644   0.00010116563005001104
325.   0.04909379594282492   0.00010200894250207847
325.25   0.04955588017361341   0.00010284578208252442
325.5   0.05003644770131328   0.00010370277567507439
325.75   0.050536172647531206   0.00010459757166460361
326.   0.051055783850335185   0.00010554880513447886
326.25   0.05159475795038795   0.00010663260529106777
326.5   0.05215575567076502   0.00010779216846130388
326.75   0.05274026381486745   0.00010902554064374656
327.   0.05334988171653783   0.00011033072268806523
327.25   0.05398693041496531   0.00011170005714608462
327.5   0.054652446876259975   0.00011313915187564909
327.75   0.05534818299320639   0.00011464825876214194
328.   0.056076039394979814   0.00011622772482373049
328.25   0.056838321286135474   0.000117871101826071
328.5   0.05763694739221394   0.00011958842653049038
328.75   0.058474264589344974   0.00012138338914635247
329.   0.05935283813864894   0.0001232600453355489
329.25   0.06027509335943994   0.00012522619798834087
329.5   0.061244637301265524   0.00012728219996004122
329.75   0.06226502555416404   0.00012943202313530478
330.   0.06334017165523377   0.00013168009078066452
330.25   0.06447447380871982   0.0001339913222931878
330.5   0.06567259449851365   0.00013642582963208048
330.75   0.06693978815686957   0.00013900745854747082
331.   0.06828189371132896   0.0001417624677318888
331.25   0.06970543257913049   0.0001447872969334482
331.5   0.0712176511495934   0.00014802244329219962
331.75   0.07282668569336677   0.00015147352836850753
332.   0.07454168003393387   0.0001551470920438968
332.25   0.07637361045057081   0.0001590666058893496
332.5   0.07833323398531708   0.00016321937203465857
332.75   0.08043348266746878   0.00016760834575929728
333.   0.08268909327154235   0.00017223716486333178
333.25   0.08511451188723936   0.00017689691745941186
333.5   0.0877323434714233   0.000181879806931928
333.75   0.0905660394416748   0.00018729113606742566
334.   0.09364276190562033   0.0001932522496495648
334.25   0.096996773695275   0.0002001342570762532
334.5   0.10066152399228404   0.00020779427241764378
334.75   0.10467924986437913   0.000216315833144796
335.   0.10909991420782975   0.00022579803748844248
335.25   0.11398299704726805   0.00023640195231741084
335.5   0.11939964856746306   0.0002482126799120299
335.75   0.1254356534610366   0.00026137987828530956
336.   0.13219511919623414   0.0002760847755422906
336.25   0.13980237849715677   0.0002923731916046215
336.5   0.1484179417779526   0.0003107420132398067
336.75   0.1582378194348726   0.0003316147839819386
337.   0.16950724004696918   0.0003555218513842201
337.25   0.18253927117312022   0.0003832490175016075
337.5   0.19772171969142727   0.0004155012390694522
337.75   0.21555439035363433   0.00045330511501857755
338.   0.2366787839865568   0.0004979747098340977
338.25   0.26191621609137417   0.0005510057739393348
338.5   0.2923243718896325   0.0006147658014294282
338.75   0.32923213697776665   0.0006920467035530141
339.   0.37425384927255634   0.0007862461109283014
339.25   0.42920334490276313   0.0009012449592106692
339.5   0.49575224668247897   0.0010405436038237183
339.75   0.5745907664972906   0.0012056545505220026
340.   0.6637545857027156   0.001392573285272674
340.25   0.7562210853456596   0.0015873059720608708
340.5   0.8384687892312649   0.001761034764314451
340.75   0.8937219211178586   0.0018783829524677109
341.   0.9115285778333183   0.0019171124313397472
341.25   0.8961096255699679   0.0018847453220029833
341.5   0.8633188998797682   0.0018158997642845395
341.75   0.8295344271586795   0.0017452520174237476
342.   0.803815219426067   0.00169206457343439
342.25   0.7873847983312747   0.0016606577228769656
342.5   0.7773256351666524   0.0016429481596831792
342.75   0.7704066094230632   0.001631785039699931
343.   0.7647746011930413   0.0016228981430143339
343.25   0.7597978967262237   0.0016128311580539216
343.5   0.7554233435378165   0.001603572571410833
343.75   0.7517395356085428   0.0015956369193169389
344.   0.7487824733834877   0.0015894236471059831
344.25   0.7465015828844745   0.0015864430055106175
344.5   0.7448048997642162   0.0015850130693260953
344.75   0.7435839390019148   0.001584712677322352
345.   0.7427382443535905   0.0015851360417219876
345.25   0.7421924125639163   0.0015854242950615516
345.5   0.7418662093355458   0.0015859118692391442
345.75   0.7417032003333577   0.0015864816301061665
346.   0.7416589703832545   0.0015870415387234894
346.25   0.7416820985325342   0.0015871312021185663
346.5   0.7417676969359801   0.0015872348100306277
346.75   0.7419001772516193   0.0015874647871028616
347.   0.7420682473788319   0.0015879447421984318
347.25   0.742276210003344   0.0015895988196414888
347.5   0.7425014874076048   0.0015914638017812137
347.75   0.7427356259275373   0.0015933642731679703
348.   0.7429716598637564   0.001595125739523503
348.25   0.7432019847913653   0.0015959443048162258
348.5   0.7434242222553877   0.001596523339193255
348.75   0.7436349376904848   0.001596943806488606
349.   0.7438312807929747   0.0015972891804543938
349.25   0.7440084322149103   0.0015978131262767968
349.5   0.7441677883938161   0.0015983692379458543
349.75   0.744308644464496   0.001598978883677165
350.   0.7444305583127335   0.0015996642882767865
350.25   0.7445311607967152   0.001601418017740954
350.5   0.744613397203896   0.001602911405666981
350.75   0.7446782444386033   0.0016037744561968814
351.   0.744726816201838   0.0016036327174320146
351.25   0.7447653948056484   0.0015994759913082598
351.5   0.7447882631889641   0.0015945915974092827
351.75   0.7447947844766659   0.001589661223033459
352.   0.7447843711397841   0.0015853752797939233
352.25   0.7447617703543263   0.0015854520018814698
352.5   0.7447190802562698   0.0015863865169675993
352.75   0.7446536611624172   0.0015876683356289736
353.   0.7445628685247253   0.001588780720240142
353.25   0.7444292857015365   0.0015868547461514828
353.5   0.7442708458162332   0.0015846349813731075
353.75   0.7440908596638794   0.0015825387522458532
354.   0.7438926878242759   0.001580988231523589
354.25   0.7436954964540361   0.0015825157956149403
354.5   0.7434807450003775   0.0015846148990451908
354.75   0.7432455332276302   0.0015868676871023059
355.   0.7429869309392103   0.0015888515769378162
355.25   0.7426934326555934   0.0015882589692476033
355.5   0.7423739717519764   0.0015872824791045112
355.75   0.7420289887306651   0.0015862481935917448
356.   0.741658928211287   0.001585485711628813
356.25   0.7412555474246236   0.0015868214556107793
356.5   0.7408314277785445   0.001588507342398661
356.75   0.7403905434802474   0.0015902780007233108
357.   0.7399369054286576   0.0015918652770468174
357.25   0.739488629465334   0.001592362488207173
357.5   0.7390301558576489   0.0015923836378506182
357.75   0.7385599009352596   0.00159191003162372
358.   0.738076258911077   0.001590922864505215
358.25   0.7375740404288187   0.0015888238340883447
358.5   0.7370565683621872   0.001586402850486348
358.75   0.7365236132665836   0.0015838753310767537
359.   0.7359749375946908   0.0015814587477884037
359.25   0.7354076180073682   0.0015800781721162292
359.5   0.7348251395100691   0.0015789698709909093
359.75   0.7342283237241322   0.0015780717768895385
360.   0.7336179938710559   0.001577321200613289
360.25   0.7329986033332717   0.0015764540181846356
360.5   0.732365910973809   0.0015756867706083367
360.75   0.7317192763393305   0.0015750361868078842
361.   0.7310580474809444   0.0015745191078065446
361.25   0.7303739811285233   0.0015744295000254976
361.5   0.729676988541402   0.0015743975560166383
361.75   0.7289694489074476   0.0015743284480382411
362.   0.728253756002355   0.0015741265252152802
362.25   0.7275364517755991   0.0015729430476189392
362.5   0.7268141847118532   0.0015717314567186289
362.75   0.7260877198925765   0.00157069776284388
363.   0.7253578224856012   0.0015700496451946865
363.25   0.7246388851680707   0.0015714621180761587
363.5   0.7239126386400546   0.001573098879460965
363.75   0.7231743421799818   0.0015745802771865247
364.   0.7224192122319958   0.0015755236147086894
364.25   0.7216213400008209   0.001573687354833754
364.5   0.7208053090105659   0.0015712753255155355
364.75   0.7199747267865624   0.0015686456046475764
365.   0.7191332247735341   0.001566159048516732
365.25   0.7182972002787235   0.0015657200649601927
365.5   0.7174525305355148   0.0015655424078935855
365.75   0.7165977714081646   0.0015653728871948235
366.   0.71573146369407   0.001564956404484373
366.25   0.7148430905735871   0.001563003404408799
366.5   0.7139437969600401   0.0015606976922971857
366.75   0.7130357300238392   0.0015581954186729685
367.   0.7121210485552308   0.0015556538664655666
367.25   0.7112085814300422   0.0015535911610695648
367.5   0.7102912068435571   0.0015516641917545741
367.75   0.7093684303549465   0.0015498884022711577
368.   0.7084397500687342   0.0015482793236140102
368.25   0.7075024334773097   0.0015469950285874532
368.5   0.706559070623264   0.0015458521681158465
368.75   0.7056100348772278   0.0015448090506330365
369.   0.7046556985602973   0.001543823683182726
369.25   0.7037039014366869   0.0015431516799875996
369.5   0.7027445777338   0.001542334183814843
369.75   0.7017750844862776   0.0015412081736597204
370.   0.7007927583568141   0.0015396095737136937
370.25   0.6997782676535471   0.0015361294501821943
370.5   0.6987521739564612   0.001532339839762052
370.75   0.6977184677024295   0.0015285751204275268
371.   0.6966811621072494   0.0015251717871873774
371.25   0.6956582615997807   0.0015240416302191335
371.5   0.6946343026126269   0.0015233267262334204
371.75   0.693607733459852   0.0015227355783414018
372.   0.6925769897698306   0.001521974860224825
372.25   0.6915350276995375   0.001519602638911291
372.5   0.6904878985560383   0.0015169247488354845
372.75   0.6894362044492014   0.001514104734957139
373.   0.6883805485279283   0.0015113071369265263
373.25   0.6873226684377242   0.0015092866920918121
373.5   0.6862615851897778   0.0015073863717959932
373.75   0.6851974482448189   0.0015055361870126352
374.   0.6841304054404652   0.0015036657274894035
374.25   0.6830625773628586   0.0015014766865078944
374.5   0.6819913491233374   0.0014992157849654934
374.75   0.6809160684298331   0.0014969030263242927
375.   0.679836077032589   0.0014945585238570962
375.25   0.6787469447957353   0.001492146691518929
375.5   0.6776532658353978   0.001489765867120353
375.75   0.6765558814751046   0.0014874589751738148
376.   0.6754556356468723   0.0014852691693020834
376.25   0.6743560738223344   0.0014835840579090385
376.5   0.6732542723564112   0.0014819660748084122
376.75   0.6721499958834876   0.0014803204178283815
377.   0.6710430057773665   0.0014785517700000618
377.25   0.6699319587057895   0.001476198931202501
377.5   0.6688181494252953   0.0014736763340441265
377.75   0.6677017733190945   0.0014710342714430614
378.   0.6665830249730427   0.0014683233001875366
378.25   0.6654640714135165   0.0014656709441325353
378.5   0.6643423472107735   0.0014630210409935565
378.75   0.6632172502585901   0.0014603940439227921
379.   0.6620881737247202   0.0014578105060852617
379.25   0.660954506115579   0.0014552910792905768
379.5   0.6598156313398648   0.0014528565126527369
379.75   0.6586709287711158   0.0014505276512775769
380.   0.6575197733092543   0.0014483254349775595
