310.   0.03660805096011177   0.00004722432050641835
310.25   0.03666836459963662   0.000047224796275513835
310.5   0.03673064343809656   0.00004723525700667688
310.75   0.03679499581920259   0.00004725558476434208
311.   0.036861533059990514   0.00004728566139706465
311.25   0.03693036958057283   0.000047325368534713826
311.5   0.03700162304075169   0.00004737458758787474
311.75   0.037075414483922396   0.00004743319974960076
312.   0.037151868488728396   0.00004750108599966091
312.25   0.03723121544151174   0.000047600116841101605
312.5   0.03731344545333949   0.00004769958848393204
312.75   0.03739865270967599   0.0000477903369920066
313.   0.037486934635737115   0.00004786298447939925
313.25   0.03757849851736705   0.000047844096940692545
313.5   0.03767330069172311   0.00004781259933639491
313.75   0.03777140541055025   0.000047784702504221084
314.   0.03787287974441067   0.0000477770109782691
314.25   0.03797779825574877   0.000047869423747969634
314.5   0.03808622777821473   0.00004799198810496335
314.75   0.03819824283982678   0.00004813667483264748
315.   0.03831392134897594   0.000048295255428820555
315.25   0.0384333037362348   0.000048452033347204836
315.5   0.03855653221300353   0.00004860843772175024
315.75   0.03868371286890467   0.00004875858061301322
316.   0.038814956406749125   0.00004889641426452016
316.25   0.038950406487132765   0.000048973423933038115
316.5   0.03909014477568611   0.000049041960843219266
316.75   0.039234285734617326   0.000049112947128893977
317.   0.03938294918941689   0.00004919761643699978
317.25   0.03953588345122798   0.00004935034211482845
317.5   0.03969374355504251   0.00004952361153056057
317.75   0.03985682369631225   0.00004971195731574103
318.   0.04002542960287273   0.00004990975183991639
318.25   0.04020083915685083   0.00005010173047514619
318.5   0.04038205139001665   0.000050295051997123314
318.75   0.04056901194380699   0.00005048748543148449
319.   0.040761667851465844   0.000050676728631447326
319.25   0.040958738325836866   0.00005085098313407363
319.5   0.041161878000837496   0.00005102085876101376
319.75   0.04137155071048883   0.000051187739458868164
320.   0.041588240050543096   0.00005135305549343716
320.25   0.04181356870558223   0.000051508206443705876
320.5   0.042046514409332096   0.00005166869093872284
320.75   0.04228716112092881   0.00005184030939015668
321.   0.042535600759129266   0.0000520290812195619
321.25   0.0427910417426742   0.00005226020482336266
321.5   0.043054828740929973   0.0000525139527321833
321.75   0.0433274546165897   0.0000527891589385736
322.   0.04360943767354122   0.00005308462233111961
322.25   0.043901948621971075   0.00005340592838151326
322.5   0.044204697338296614   0.00005374235746436786
322.75   0.04451802732641249   0.00005408972490044467
323.   0.044842304468843436   0.00005444367805894786
323.25   0.04517741322893252   0.00005477268140935877
323.5   0.04552446824383107   0.0000551093369050216
323.75   0.04588412656803272   0.00005546009573708362
324.   0.04625708539840462   0.000055831712440140046
324.25   0.04664452237424866   0.00005625107587273048
324.5   0.04704662149529255   0.000056698273296528974
324.75   0.04746403600746739   0.00005717274207077065
325.   0.04789746491574115   0.000057673913608559704
325.25   0.04834789758094023   0.00005817966570571051
325.5   0.04881580485478343   0.000058719132402629894
325.75   0.04930194594425972   0.00005930088999386139
326.   0.04980713858501703   0.000059934012730400426
326.25   0.05033100599080146   0.000060692874977484714
326.5   0.05087623279296657   0.0000614985332289196
326.75   0.05144438549011347   0.00006233415021694056
327.   0.05203714719215415   0.00006318191452879718
327.25   0.0526573510695725   0.00006394023930412212
327.5   0.05330554453539284   0.00006470279241097805
327.75   0.053983395665233566   0.00006548385932708633
328.   0.054692715108702515   0.00006629867999166956
328.25   0.05543527207978827   0.00006723245713383309
328.5   0.05621348355172606   0.00006820810991013459
328.75   0.057029774090335474   0.00006921453296175979
329.   0.057886791434949354   0.00007023985708999833
329.25   0.058787375350870266   0.00007121732954193543
329.5   0.059734779702259225   0.0000722072374354996
329.75   0.06073251785690224   0.00007321846778116213
330.   0.06178445688615878   0.00007426066393147509
330.25   0.06289606382759085   0.00007532381530674848
330.5   0.06407041583714065   0.00007644737526600013
330.75   0.06531220933003119   0.00007765296747414444
331.   0.06662667135905774   0.00007896432252089433
331.25   0.06801763007191115   0.00008046778796360127
331.5   0.06949433407280728   0.00008211041363325047
331.75   0.07106499849488539   0.00008389735660880261
332.   0.07273885016588176   0.00008583453752013842
332.25   0.07452697578285122   0.00008783272901390683
332.5   0.07644019633758267   0.000090029710197274
332.75   0.07849153551436756   0.00009247818175136494
333.   0.08069582987904422   0.00009523777999950427
333.25   0.08307078709722703   0.00009872301700355664
333.5   0.08563489553255457   0.00010254530922071825
333.75   0.08841028161585741   0.00010663289747774843
334.   0.09142258173254625   0.00011090364028526208
334.25   0.09470188622500977   0.00011482455664197792
334.5   0.098282785439244   0.00011886955251671187
334.75   0.10220623372897047   0.00012311756222701853
335.   0.10652067277176903   0.00012766146372672217
335.25   0.11127961655372677   0.00013263735589070792
335.5   0.11655750635083326   0.0001381429973026485
335.75   0.1224395376347644   0.0001443249563039487
336.   0.1290291244946545   0.00015136183523397018
336.25   0.13645972875748993   0.0001598070474008257
336.5   0.14487806357709293   0.00016950123732558157
336.75   0.1544739613996906   0.00018061441544293464
337.   0.16548484362553004   0.00019335675213571498
337.25   0.17820264419410867   0.0002075732186583723
337.5   0.19301636704602373   0.0002241125806167115
337.75   0.21041518015894423   0.0002436079241409095
338.   0.23102712726170296   0.00026688209314780986
338.25   0.2556666390797352   0.0002955692989927396
338.5   0.2853581107766581   0.0003303971363655877
338.75   0.32139876856469585   0.00037284706309009564
339.   0.3653642669699129   0.00042469697597591956
339.25   0.4190177295997657   0.00048724120929423523
339.5   0.48399702559115176   0.0005629353598248678
339.75   0.5609769960209205   0.0006526616947724692
340.   0.6480411464261947   0.0007543521165792521
340.25   0.7383381413636271   0.0008610933276307239
340.5   0.8186633879755602   0.0009567942797570958
340.75   0.8726357290861944   0.0010220492106211647
341.   0.8900467983345229   0.0010444715851255265
341.25   0.8750157148283578   0.0010277510693470955
341.5   0.8430184841195025   0.0009907248706721265
341.75   0.8100462272617729   0.0009522501826809919
342.   0.7849445365571711   0.0009228113657602241
342.25   0.7689017839600816   0.0009039339614872957
342.5   0.7590771677471256   0.0008922649402746965
342.75   0.7523169387760953   0.0008841329104651251
343.   0.7468129222915975   0.0008774469474204804
343.25   0.7419550744991348   0.0008714884897145579
343.5   0.737685284306297   0.0008662742581162963
343.75   0.7340893278707502   0.000861952887534193
344.   0.7312016259957576   0.0008586124023216874
344.25   0.7289690630631966   0.0008565644263497026
344.5   0.727305267617751   0.0008552997922095771
344.75   0.7261047394985599   0.0008546137677988868
345.   0.7252698201466811   0.0008543102376251486
345.25   0.7247230221010851   0.000853874092563315
345.5   0.7243924431956409   0.0008536140731242849
345.75   0.7242251725647337   0.0008535214823386054
346.   0.724180068288535   0.0008536020363951005
346.25   0.7242205595353681   0.0008546091438377941
346.5   0.7243283015445793   0.000855542489113869
346.75   0.7244857767769035   0.0008561362168966091
347.   0.7246796305630188   0.0008561258626883016
347.25   0.7249082856962005   0.0008535389957092039
347.5   0.7251520632180263   0.0008504927046104347
347.75   0.7254016676221486   0.0008474160107410215
348.   0.7256492412368295   0.0008447458604338641
348.25   0.7258785231287067   0.0008446785266662956
348.5   0.7260969326366957   0.0008452233063265951
348.75   0.7263031764967689   0.0008461263232089009
349.   0.7264965610923888   0.0008471307612696986
349.25   0.7266838502787185   0.0008471879100015611
349.5   0.7268555141891399   0.0008471347971097565
349.75   0.7270092357829478   0.0008470262123697592
350.   0.7271429323451563   0.0008469180116196733
350.25   0.7272517121857032   0.0008470806584781427
350.5   0.7273380193601503   0.0008472740456964251
350.75   0.7274014599807941   0.0008474700378861817
351.   0.7274417574583788   0.0008476402629068185
351.25   0.72744931712018   0.0008474886659252115
351.5   0.7274371765617627   0.0008473594001456045
351.75   0.7274091337896101   0.0008473319727911146
352.   0.7273690910138171   0.0008474869378540787
352.25   0.7273470496169008   0.0008481125881329263
352.5   0.7273108114783898   0.0008490032411230464
352.75   0.7272539756370308   0.0008501584895376226
353.   0.7271700894154085   0.0008515778196249375
353.25   0.7270234261055226   0.0008537309711633508
353.5   0.7268481904085032   0.000855960970768048
353.75   0.7266496173427044   0.0008580762409391534
354.   0.7264330144483737   0.0008598829884041298
354.25   0.7262105636124027   0.0008606240141611543
354.5   0.7259782104288226   0.000860884693200584
354.75   0.7257386997676759   0.00086069252854088
355.   0.7254948071227587   0.0008600753090938571
355.25   0.7252782551954765   0.0008587000043657316
355.5   0.7250515148357144   0.000857099175086683
355.75   0.7248057189716743   0.0008554482361631004
356.   0.7245319031602963   0.0008539244547817015
356.25   0.7241838370878281   0.0008535194920745805
356.5   0.7238042475781177   0.0008532799779140475
356.75   0.7233989463945973   0.0008530593461261074
357.   0.7229738030329458   0.0008527094913146732
357.25   0.7225518995196245   0.0008513040811161338
357.5   0.7221152663935442   0.0008497762943123579
357.75   0.7216629892930831   0.0008482881586569978
358.   0.7211941393336138   0.0008470033010925338
358.25   0.7207017993533364   0.0008467963565477253
358.5   0.720193351698446   0.0008468436332687254
358.75   0.7196702423867138   0.0008470261897163806
359.   0.7191339254885729   0.0008472238898613652
359.25   0.7185916375335869   0.0008467376378789185
359.5   0.7180367846534708   0.0008462517438449308
359.75   0.7174685066065819   0.0008458764717940351
360.   0.7168859292486688   0.0008457230797885892
360.25   0.7162840704216288   0.0008465106616993207
360.5   0.7156677459189147   0.0008475049750369748
360.75   0.715037696839451   0.0008485746911192474
361.   0.714394665269775   0.0008495873013107758
361.25   0.7137391059052207   0.0008498800864273343
361.5   0.713072165216819   0.0008500571946726788
361.75   0.7123947043994073   0.0008501966131669525
362.   0.7117075863487742   0.000850376953774164
362.25   0.7110151103004121   0.0008511261592879903
362.5   0.7103133452206886   0.0008518973162336211
362.75   0.7096017705049925   0.0008525895390720038
363.   0.7088798558522205   0.0008531011103954333
363.25   0.7081441680395604   0.0008534206366162795
363.5   0.7073981991849847   0.0008533174864874489
363.75   0.7066425597572843   0.0008526507236404081
364.   0.705877860176211   0.0008512783653554716
364.25   0.7051085140563343   0.0008476450844704451
364.5   0.704329818966603   0.0008435798605415866
364.75   0.7035408489720308   0.0008395080545700854
365.   0.7027406664928688   0.000835858215723465
365.25   0.7019231046583658   0.0008346589535587726
365.5   0.7010944923877552   0.0008341142561544508
365.75   0.7002559650777165   0.0008340174522458317
366.   0.6994086625405201   0.0008341602723344585
366.25   0.6985564295970478   0.0008339175719106074
366.5   0.6976966416242364   0.0008336580965713965
366.75   0.6968293611290208   0.0008333365044090548
367.   0.6959546470696627   0.0008329071178730883
367.25   0.6950730738782697   0.0008320141783395405
367.5   0.6941839684946636   0.0008310441245669845
367.75   0.6932871701395845   0.0008300753182895712
368.   0.692382513271907   0.0008291866707469956
368.25   0.6914683346101537   0.0008288057571854828
368.5   0.6905465455041607   0.0008285261537494765
368.75   0.6896175689196762   0.0008282879227456034
369.   0.688681827351255   0.0008280307052900286
369.25   0.6877398396558304   0.000827614496891193
369.5   0.6867918921224009   0.0008270888287416906
369.75   0.6858383668443796   0.0008264240724283758
370.   0.6848796452348603   0.0008255904111485174
370.25   0.6839171371451455   0.0008242557378653638
370.5   0.6829497845718512   0.0008228120599592057
370.75   0.6819775520047651   0.0008213508380496349
371.   0.6810004007140811   0.0008199641075018504
371.25   0.6800202929072471   0.0008194889088892808
371.5   0.6790343828253161   0.0008189781536593353
371.75   0.6780418144550185   0.0008182254730270976
372.   0.677041723855779   0.0008170231849088317
372.25   0.676027257461712   0.0008140558579395157
372.5   0.6750058958558869   0.0008106597947836387
372.75   0.673979162953991   0.0008070696289348824
373.   0.6729485894269656   0.0008035213803312758
373.25   0.6719193048165678   0.0008008476114658693
373.5   0.6708878324089875   0.0007984551631200445
373.75   0.6698542750849853   0.0007963443311782795
374.   0.6688187338200371   0.0007945153947756051
374.25   0.6677861989463022   0.0007931175443106064
374.5   0.6667499312042223   0.0007919428668664937
374.75   0.665708055472587   0.0007909315870537397
375.   0.6646586838504415   0.0007900235713895655
375.25   0.6635880133217975   0.0007889951869413655
375.5   0.6625107679548274   0.0007880136298597532
375.75   0.6614298168711217   0.0007870834349459776
376.   0.6603480431324097   0.0007862091569648519
376.25   0.6592746831029859   0.0007854568856857901
376.5   0.6582037855424634   0.0007847452309869621
376.75   0.6571357211504114   0.0007840540300722998
377.   0.6560708603485864   0.0007833630052345951
377.25   0.6550176020553773   0.0007827729038094193
377.5   0.6539650928258589   0.0007820938865659151
377.75   0.6529104695176865   0.0007812565623622469
378.   0.6518508521089985   0.0007801911808626272
378.25   0.6507770978336421   0.0007778276195296608
378.5   0.6496950252856805   0.0007754934246860842
378.75   0.6486042196993667   0.0007735203763326604
379.   0.6475042629161216   0.0007722419256546649
379.25   0.6463947334315565   0.0007719932172030906
379.5   0.6452752064417159   0.0007731111383604794
379.75   0.6441452538885389   0.0007759343938993566
380.   0.643004444504577   0.0007808036004852804
