310   0.00002798681302509116   3.203240521447304e-8
311   0.000027602731608160058   3.16324793886601e-8
312   0.000027225122641175425   3.1133593622349754e-8
313   0.000026853503064880868   3.0717256200523356e-8
314   0.000026483151269643083   3.0273789663098445e-8
315   0.000026120203622904393   2.9750299263370622e-8
316   0.00002576590046633345   2.9402512125535165e-8
317   0.000025417078300294638   2.890059781473043e-8
318   0.000025075480279362412   2.8174286588562594e-8
319   0.00002473821965967104   2.783401878222189e-8
320   0.000024406298842506672   2.7402460018463013e-8
321   0.000024083119314218217   2.6917211785143214e-8
322   0.00002376449230883143   2.6465568525561373e-8
323   0.000023448207600560518   2.6165800872654066e-8
324   0.00002313553525913493   2.5919509676709414e-8
325   0.00002282752806715597   2.5725735842825688e-8
326   0.0000225258004512233   2.5446887369344233e-8
327   0.000022228140333654126   2.5137784070753936e-8
328   0.00002193551621518224   2.4873456340037168e-8
329   0.000021649606442332843   2.4586797258526792e-8
330   0.000021365687443002774   2.4299968793191942e-8
331   0.000021088444380225833   2.4053582665526152e-8
332   0.00002081622667422406   2.3722809059219483e-8
333   0.00002054677846174559   2.3251546536069215e-8
334   0.000020280216836199006   2.275751007142555e-8
335   0.0000200184920797791   2.231110892694049e-8
336   0.00001976095715005078   2.2427338254077076e-8
337   0.000019506343884952438   2.1816560721507318e-8
338   0.000019254853814339894   2.152534460190403e-8
339   0.00001900183962514904   2.122085163413875e-8
340   0.00001875960795509166   2.092516840358072e-8
341   0.000018519882356048727   2.05123664074908e-8
342   0.00001828474209802424   2.0240689473310443e-8
343   0.00001805466186615316   1.9945322047173675e-8
344   0.000017826868349039282   1.961902667849031e-8
345   0.00001760160192272428   1.9324935307147843e-8
346   0.000017379845624797403   1.906390508855735e-8
347   0.000017161920730549963   1.8843675773581286e-8
348   0.000016945037872651905   1.831298381462303e-8
349   0.000016733307290110645   1.8037696697739454e-8
350   0.000016526692714946223   1.7792350099576423e-8
351   0.000016319849193967787   1.7812433187834443e-8
352   0.00001611734484897082   1.7591705124367434e-8
353   0.000015918063395551418   1.7395560299144797e-8
354   0.000015721823248492984   1.722307500979843e-8
355   0.00001553309496567478   1.6852111160269073e-8
356   0.000015342098648205107   1.6733488775854378e-8
357   0.000015156882224298425   1.655936660253514e-8
358   0.000014969489097626718   1.627296170479748e-8
359   0.00001478693815956617   1.607845378908485e-8
360   0.000014607130120700169   1.5897123390295348e-8
361   0.00001442904664100876   1.55852149910347e-8
362   0.000014253952567314999   1.5428262594085462e-8
363   0.00001408094007596265   1.5221274302393114e-8
364   0.000013911147978362822   1.5072611745718582e-8
365   0.000013743471244703506   1.4691004838001498e-8
366   0.00001357790973524829   1.4510759028437632e-8
367   0.000013415288839197588   1.4374728006013064e-8
368   0.000013254552901861595   1.4191537674677342e-8
369   0.000013096574954810275   1.4035538945149398e-8
370   0.000012940645563057656   1.3815838838075189e-8
371   0.00001278700001418909   1.363444387881421e-8
372   0.00001263610334982385   1.3476720629230056e-8
373   0.000012486878341311403   1.3293373986342406e-8
374   0.00001233934898762948   1.3126128246594415e-8
375   0.000012193174578046731   1.2923915878667075e-8
376   0.000012049364611048804   1.2826650271359787e-8
377   0.000011906846429460322   1.2715338553261144e-8
378   0.000011767110909938906   1.256428727543479e-8
379   0.00001162976018690326   1.2435631493581467e-8
380   0.000011495314577831504   1.223447659160896e-8
