310   0.0000312414348537511   5.669819961206968e-8
311   0.0000308090551758681   5.617748851987753e-8
312   0.000030386608151149577   5.503756261462437e-8
313   0.000029969456070863516   5.454514014985464e-8
314   0.00002955785300300844   5.391490698426394e-8
315   0.000029150393410207606   5.293146649790379e-8
316   0.000028755503237242518   5.1922993788120915e-8
317   0.000028363766830244298   5.1390253096666024e-8
318   0.000027979162050902785   5.069891504587927e-8
319   0.000027602283712962314   5.007009403708225e-8
320   0.00002722702360874073   4.932181702846087e-8
321   0.000026859197545500254   4.866767208623191e-8
322   0.000026498434033166978   4.798020340005523e-8
323   0.000026144177978173105   4.730436864971046e-8
324   0.00002579526018890416   4.7213096065693915e-8
325   0.000025450495872725282   4.652147775199451e-8
326   0.000025114509335852185   4.5673435403850636e-8
327   0.000024778817537468403   4.5029052958832656e-8
328   0.00002445140358089141   4.4524647722987566e-8
329   0.000024129773791526536   4.4026149817833833e-8
330   0.000023813019074950418   4.342740747387126e-8
331   0.000023498007394806214   4.2875358736364526e-8
332   0.000023189025783604185   4.228384111059287e-8
333   0.000022884294106336683   4.1722966697080466e-8
334   0.000022578480776847363   4.082156379984846e-8
335   0.000022280803954872452   4.035089428742877e-8
336   0.00002199027028897348   4.014747091418154e-8
337   0.00002169965436797379   3.9775152947547865e-8
338   0.000021417985652656358   3.931216835102675e-8
339   0.000021138729217072726   3.8863541869177365e-8
340   0.00002086475542304781   3.819684609793959e-8
341   0.00002059546713118935   3.7775381481668215e-8
342   0.00002033076447132642   3.730141981744122e-8
343   0.000020069716267915463   3.7107851232712766e-8
344   0.00001981371325766044   3.6615699232977387e-8
345   0.000019560477443220012   3.62643197433859e-8
346   0.00001931199445899078   3.592234489810796e-8
347   0.00001906597883189237   3.548671384882993e-8
348   0.000018823507494604733   3.5162549745593804e-8
349   0.00001858490744864957   3.469008321966506e-8
350   0.000018349571627407013   3.424841402844511e-8
351   0.00001811799309686077   3.386561572338863e-8
352   0.00001789211592415312   3.303071772443454e-8
353   0.000017672640763465033   3.2664808761630215e-8
354   0.000017452994177521728   3.2127863939134646e-8
355   0.000017237597878557966   3.190184468122316e-8
356   0.000017024374242813038   3.149116619042343e-8
357   0.000016809185718666904   3.128834042173277e-8
358   0.000016601906588059472   3.092861750622457e-8
359   0.000016397236272067455   3.045092457353483e-8
360   0.000016195174813360687   3.008114614044015e-8
361   0.00001599624680630374   2.976306995755715e-8
362   0.00001579803186465275   2.9487411242010498e-8
363   0.00001560578495414196   2.9153929092363915e-8
364   0.000015418481284815794   2.8963360818405518e-8
365   0.000015230270772007472   2.863147077711293e-8
366   0.000015045552597835304   2.8346386204778515e-8
367   0.000014860651190861427   2.7977985144838266e-8
368   0.000014680388988448721   2.761288368600434e-8
369   0.000014502683432840517   2.7341114575399192e-8
370   0.000014328233471406371   2.7080548675144645e-8
371   0.000014153159849903825   2.663481858913014e-8
372   0.000013982887424424163   2.6337944472315874e-8
373   0.000013814255151547202   2.6050428146166767e-8
374   0.000013649084797628913   2.5716338234467728e-8
375   0.00001348631765427805   2.5406293003154192e-8
376   0.000013325461572241845   2.5177969928658213e-8
377   0.000013167218057883734   2.4867216701499065e-8
378   0.000013011244332772962   2.4572122114374034e-8
379   0.000012857146301580655   2.4250730699131446e-8
380   0.00001270499947845874   2.3959694179865e-8
