310.   0.016476972347139924   0.00002957270341741105
310.25   0.016460952459346874   0.00002954362548214554
310.5   0.016445182148204132   0.000029515376859835538
310.75   0.016429707747833817   0.00002948798158732136
311.   0.01641457615179395   0.000029461464113350648
311.25   0.016399834830495688   0.000029435849311622863
311.5   0.016385531849262936   0.000029411162494337545
311.75   0.01637171588706336   0.000029387429426269594
312.   0.016358436255941904   0.000029364676339396542
312.25   0.016345924902243843   0.000029343230023875005
312.5   0.016333978518166824   0.000029322698948584453
312.75   0.01632257462311578   0.000029302989122675044
313.   0.01631169059211774   0.0000292840056642183
313.25   0.01630129578700074   0.000029265697018502552
313.5   0.016291378254516774   0.00002924790470117592
313.75   0.016281918102506426   0.000029230513028533243
314.   0.016272895315541082   0.000029213405089614528
314.25   0.016264069794323266   0.000029195214009545454
314.5   0.016255728124818604   0.00002917756234049168
314.75   0.016247939222196476   0.000029160836328045068
315.   0.016240772995508627   0.00002914542724915027
315.25   0.01623456420415456   0.000029132858189886906
315.5   0.016229016849629747   0.000029121959532744277
315.75   0.016224096832324925   0.000029112680918182575
316.   0.01621976977640586   0.000029104971699327305
316.25   0.016215812255299025   0.000029099530282382895
316.5   0.01621245257804295   0.000029095260335437745
316.75   0.016209732241137392   0.000029091805604338118
317.   0.01620769348633371   0.00002908880531191903
317.25   0.016206655690089004   0.000029084210923520042
317.5   0.016206277304400357   0.000029079999047866865
317.75   0.016206490527014512   0.000029076479197524876
318.   0.016207226800423365   0.000029073965544837024
318.25   0.016207969316733784   0.000029073004655337047
318.5   0.01620927177566773   0.00002907360329534063
318.75   0.016211245405152442   0.000029075998030137072
319.   0.016214003310633926   0.000029080429435727236
319.25   0.016217975943074524   0.000029088447493715023
319.5   0.016222840757654122   0.00002909848190461237
319.75   0.01622858840985051   0.000029110254303478765
320.   0.016235209719922476   0.00002912348261443788
320.25   0.016242765208755294   0.00002913685374442907
320.5   0.016251149160474508   0.00002915150923094647
320.75   0.016260324585924687   0.00002916757397082877
321.   0.01627025423098233   0.000029185175476080297
321.25   0.016280652229053054   0.000029205299106322002
321.5   0.01629182678333405   0.000029226886512866135
321.75   0.016303841191918782   0.000029249724616774784
322.   0.016316760218364847   0.000029273597372324898
322.25   0.016330808078833733   0.00002929632057808023
322.5   0.016345832692929975   0.000029320409143106666
322.75   0.016361839088508627   0.000029346440521903847
323.   0.016378832865877907   0.000029375003379065137
323.25   0.01639677089967801   0.00002940878665938349
323.5   0.0164157287227992   0.000029445494483806972
323.75   0.01643573402746051   0.000029484897716459994
324.   0.016456815601952272   0.00002952676414615782
324.25   0.016479011113859382   0.00002957142008812835
324.5   0.016502340962952222   0.00002961784477001216
324.75   0.016526834418989236   0.00002966556585138111
325.   0.01655252203549331   0.00002971410268299325
325.25   0.016579405310073844   0.000029760155355840252
325.5   0.016607559903637315   0.000029807136986484843
325.75   0.016637033139140125   0.00002985569251979181
326.   0.016667874205338686   0.00002990648177114031
326.25   0.01670022977443791   0.00002996164750681615
326.5   0.016734020212578138   0.00003001984024210306
326.75   0.01676926173569261   0.00003008116642054466
327.   0.016805971999355046   0.000030145736946701647
327.25   0.01684398993106015   0.000030213235243773903
327.5   0.016883587037281236   0.00003028438302292839
327.75   0.0169248600480879   0.00003035948408344241
328.   0.016967909354408173   0.00003043885220094717
328.25   0.017012969331078202   0.000030526732839581024
328.5   0.017059967539165506   0.00003061801088019898
328.75   0.017108963152100216   0.00003071141750836176
329.   0.01716001862602287   0.00003080565458156998
329.25   0.01721335700900644   0.00003089214714392783
329.5   0.017268829762453086   0.00003097960069210228
329.75   0.01732644573770276   0.000031069611380440743
330.   0.01738621628519297   0.00003116382189040385
330.25   0.017447843495964184   0.00003126727991600192
330.5   0.017511777539505075   0.000031377070682938006
330.75   0.01757816768729145   0.00003149360612047377
331.   0.017647170501823815   0.00003161731650027439
331.25   0.01771903403006316   0.00003175180287440162
331.5   0.017793815028790662   0.000031893163386561626
331.75   0.01787166071447718   0.000032040584145236425
332.   0.017952726995344104   0.00003219323350377007
332.25   0.018037434749545424   0.000032347373190913495
332.5   0.018125605075296515   0.000032506137443866425
332.75   0.018217318161888332   0.000032669836598871906
333.   0.018312662483929883   0.00003283880061720196
333.25   0.01841129385003876   0.00003301202888706112
333.5   0.01851393178792776   0.0000331917692769821
333.75   0.018620879155058338   0.00003337898650891387
334.   0.018732457873004583   0.000033574694836228404
334.25   0.01884940189465433   0.000033781875544715376
334.5   0.018971535432581205   0.00003399900790849081
334.75   0.019099085288893897   0.00003422648174788141
335.   0.01923229902696044   0.00003446472392560491
335.25   0.019371217673188442   0.00003471516990605263
335.5   0.01951645469657191   0.00003497699552959242
335.75   0.01966843133603102   0.00003525035755295319
336.   0.01982760509049781   0.00003553545031550626
336.25   0.01999466669687281   0.00003582917593904519
336.5   0.020169893310465273   0.00003613642290914051
336.75   0.020353797409414717   0.00003645894298224126
337.   0.020546944430880742   0.000036798624129601803
337.25   0.020749833108723977   0.00003716101533625682
337.5   0.020963331185165145   0.000037543496288533994
337.75   0.0211882632986166   0.000037946980377953995
338.   0.02142554571305892   0.00003837251386337079
338.25   0.021675986670838518   0.000038818375205311414
338.5   0.021941021247204266   0.000039289956630613046
338.75   0.022222022925066726   0.00003979009615380664
339.   0.02252053369820052   0.00004032195803095329
339.25   0.022838748218245282   0.00004089137511384744
339.5   0.02317800963495525   0.000041499197808551416
339.75   0.023540359179218633   0.000042148941216016005
340.   0.02392814303715634   0.00004284465733182376
340.25   0.024343775907649103   0.00004359021346627572
340.5   0.024790807689676883   0.00004439219911998179
340.75   0.025273043241060195   0.00004525737158104196
341.   0.025794942529598543   0.00004619365684464164
341.25   0.02636181553397634   0.00004720995555753081
341.5   0.02697985109213055   0.00004831801390032796
341.75   0.027656513174221988   0.000049531362134814564
342.   0.028400807211609164   0.000050866311966786345
342.25   0.029223719910685123   0.00005234407204179425
342.5   0.03013862687128928   0.000053987061873075426
342.75   0.031162089913666403   0.000055824614509805366
343.   0.03231470101154618   0.00005789323380944104
343.25   0.03362241914933651   0.00006023764235270997
343.5   0.03511709098213235   0.00006291611475679894
343.75   0.03683857608896062   0.00006600004448763868
344.   0.03883553908467598   0.00006957658428828776
344.25   0.04116415195989962   0.0000737450348776261
344.5   0.0438875588641348   0.00007862009559320694
344.75   0.047063552434599   0.00008430587243244133
345.   0.050728996480172775   0.00009086918616537687
345.25   0.0548819780678915   0.00009831435322465214
345.5   0.059468044383017706   0.00010653690323612889
345.75   0.06439205706546484   0.00011536455525727076
346.   0.06954035531068424   0.00012459110371780023
346.25   0.07480449362580217   0.00013400611056224875
346.5   0.08009499099479231   0.00014346145035740596
346.75   0.08534539565787183   0.00015284015288912392
347.   0.09050991895217976   0.00016206309592533093
347.25   0.09555768253605322   0.0001710876306962026
347.5   0.10047260457880658   0.00017987765006551742
347.75   0.10524572300137866   0.00018841768004375706
348.   0.10987365949947267   0.00019670217348650846
348.25   0.11435865437728464   0.0002047393407289408
348.5   0.11870078077867992   0.00021252464491630259
348.75   0.12290323554296845   0.00022006227804357447
349.   0.12696997470441093   0.00022735749915349498
349.25   0.1309019804541413   0.00023440126845973818
349.5   0.13470819864505545   0.00024121897095089406
349.75   0.13839457618065593   0.0002478227045192262
350.   0.1419670665301232   0.0002542247643210971
350.25   0.14543534442839706   0.0002604929345900897
350.5   0.148800051699369   0.00026656429201657683
350.75   0.15206512055868082   0.0002724259408129771
351.   0.1552341907470108   0.0002780626972874508
351.25   0.15830814685037461   0.00028331383838563705
351.5   0.16129342432208574   0.00028835546563526923
351.75   0.1641939213303842   0.00029322985446497625
352.   0.1670133612267635   0.00029798211352081733
352.25   0.16975675201440696   0.0003028086698711294
352.5   0.17242551196249098   0.00030755641719002754
352.75   0.1750222645916824   0.00031221311884691347
353.   0.17754945739684141   0.000316764692182842
353.25   0.1800090794874391   0.00032114206237180483
353.5   0.1824036625756089   0.0003254008094613045
353.75   0.18473531817760522   0.00032954486838113813
354.   0.1870060302319564   0.00033357796591553256
354.25   0.18921596076628738   0.0003374976560111255
354.5   0.1913692069774727   0.0003413155208563932
354.75   0.19346814955178698   0.00034503731259997924
355.   0.19551510964282393   0.0003486687594525011
355.25   0.19751559733275098   0.00035222783095182735
355.5   0.19946735612846148   0.00035570331906968026
355.75   0.20137117315151812   0.0003590956854948836
356.   0.2032277284408202   0.0003624051433532001
356.25   0.20503437332114605   0.0003656197232877111
356.5   0.2067960468556552   0.000368755673522825
356.75   0.20851450767721386   0.0003718175930380469
357.   0.21019148587382144   0.00037481009156735905
357.25   0.21183085371264787   0.0003777479591312981
357.5   0.21343129308679862   0.0003806217759032136
357.75   0.21499354779075122   0.0003834319100912957
358.   0.2165183057967094   0.00038617858098600896
358.25   0.2180058119585463   0.0003888703043031137
358.5   0.21945719058141502   0.0003914953390307561
358.75   0.22087314176083628   0.0003940499504827864
359.   0.22225432566746425   0.000396530149779876
359.25   0.22359837329429844   0.000398892572767784
359.5   0.22491001471241573   0.0004011869571699657
359.75   0.22619105286712848   0.0004034249697403033
360.   0.2274432998596248   0.00040561860353104074
360.25   0.22867323367038359   0.00040782461052081705
360.5   0.22987623009510602   0.0004099940000959428
360.75   0.2310521894461709   0.0004121211708685199
361.   0.23220096194381798   0.0004142002411213901
361.25   0.23331955464737839   0.0004161953557392941
361.5   0.23441160027064684   0.00041814130288119985
361.75   0.23547797093474834   0.0004200437552811231
362.   0.23651952905694648   0.00042190849548569883
362.25   0.23753954658321086   0.00042376845076677844
362.5   0.23853551070998488   0.0004255920841174792
362.75   0.23950725511244855   0.0004273742823307702
363.   0.24045457849463805   0.0004291097272682031
363.25   0.24137412223576418   0.0004307653078826392
363.5   0.2422699566933362   0.00043237363753921787
363.75   0.24314307461948664   0.0004339402327309992
364.   0.24399447120715434   0.00043547071905069987
364.25   0.24482759427849327   0.0004370026190022292
364.5   0.24564003985650212   0.0004384975946129946
364.75   0.24643179960203254   0.00043994845734984973
365.   0.24720284363310407   0.0004413478005782696
365.25   0.24795060641008096   0.0004426407619246282
365.5   0.24867851291219067   0.0004438851903379928
365.75   0.24938750914917668   0.0004450925307286988
366.   0.2500785458673271   0.00044627447704964727
366.25   0.2507555803532924   0.00044749634919431384
366.5   0.25141539832374465   0.0004486960847164842
366.75   0.2520577294963099   0.0004498641241763138
367.   0.25268228153164535   0.0004509906591376687
367.25   0.25328574861747644   0.00045201110771485195
367.5   0.25387195846011856   0.0004529910416484706
367.75   0.2544417855121906   0.0004539423473532972
368.   0.2549961097823698   0.00045487714670066796
368.25   0.2555359481926987   0.0004558606947251443
368.5   0.2560620090533194   0.00045683194953530286
368.75   0.25657513510981966   0.0004577820004581994
369.   0.25707617357854323   0.0004587017269736444
369.25   0.25757081022609035   0.0004595480653894745
369.5   0.2580531718362527   0.00046035845207192076
369.75   0.2585221373160573   0.00046113699099407674
370.   0.25897655269953723   0.00046188785211777556
370.25   0.25941097516261113   0.000462613360787389
370.5   0.25983011404437756   0.000463320474803089
370.75   0.26023446362512054   0.0004640143378899402
371.   0.26062451917466917   0.0004647001698209017
371.25   0.26099966628832744   0.00046542211229463366
371.5   0.2613619493022319   0.0004661314280892025
371.75   0.2617123210306725   0.00046681766723009676
372.   0.262051743246993   0.00046747017749390466
372.25   0.26238501146720056   0.00046802609873670715
372.5   0.2627077766468749   0.00046854683832453357
372.75   0.2630194637353801   0.00046904241211395887
373.   0.2633194804546343   0.00046952299773506237
373.25   0.26360372711491764   0.00047004606205907663
373.5   0.2638764415712118   0.00047055642818636826
373.75   0.2641384069350329   0.0004710455006959767
374.   0.26439041288235676   0.0004715045314624754
374.25   0.2646351792593953   0.00047187702214540725
374.5   0.2648708277156548   0.0004722202647838459
374.75   0.2650973824221413   0.00047254448675556173
375.   0.2653148619104353   0.0004728600675246461
375.25   0.265524450867806   0.00047321628136852835
375.5   0.2657245236825985   0.00047356979791130237
375.75   0.2659146050332075   0.0004739156450438946
376.   0.2660942074274761   0.00047424876295668267
376.25   0.26625926878141315   0.0004745467974853549
376.5   0.26641424471482783   0.00047482850805602173
376.75   0.2665600636928016   0.00047509558958783567
377.   0.2666976632343897   0.00047534975325626305
377.25   0.2668317337691527   0.0004755946681615221
377.5   0.2669580101205417   0.00047582936970529187
377.75   0.26707593223423004   0.00047605482614623444
378.   0.2671849280093971   0.00047627201049193547
378.25   0.26728215239380226   0.0004765124216254055
378.5   0.26737016303913635   0.0004767344779763332
378.75   0.26744927269474256   0.0004769267502260893
379.   0.26751979483785715   0.0004770776513619078
379.25   0.2675820436787736   0.00047717543895828523
379.5   0.2676363341654997   0.00047720821741063037
379.75   0.267682981987915   0.00047716394012257236
380.   0.26772230358147   0.0004770304116483457
