310.   0.007238291450928991   0.000012616487093222864
310.25   0.0072302999774632205   0.000012606356093641703
310.5   0.007222487551717752   0.000012596051541493522
310.75   0.007214858575919436   0.000012585511674196757
311.   0.00720741753406753   0.000012574674077469417
311.25   0.007200168994544411   0.000012563475665643561
311.5   0.007193117612828239   0.000012551852661281293
311.75   0.0071862681343122835   0.000012539740574060972
312.   0.007179625397235977   0.000012527074178900934
312.25   0.007173196968387019   0.000012512310079641368
312.5   0.0071669842072014335   0.000012497443184431157
312.75   0.007160991181373999   0.000012483005199855634
313.   0.007155222051915869   0.00001246953400729
313.25   0.00714969897771378   0.000012459700009633027
313.5   0.007144401338672803   0.000012451087474583161
313.75   0.0071393263300819874   0.000012443391134598923
314.   0.007134471165690137   0.000012436302240871666
314.25   0.007129811973949117   0.000012428830656770437
314.5   0.007125375450782229   0.000012421605900693576
314.75   0.007121167440880336   0.00001241458331949571
315.   0.007117193919656642   0.000012407717781725023
315.25   0.007113446453824341   0.000012400242484212493
315.5   0.007109951581911287   0.000012393117246130286
315.75   0.007106721610559656   0.00001238658844931937
316.   0.007103769075394709   0.000012380905802342456
316.25   0.007101123660623347   0.000012378146429406243
316.5   0.007098774799826706   0.00001237602322860096
316.75   0.007096728890835433   0.000012374054957122783
317.   0.007094992501359955   0.00001237175396968428
317.25   0.007093652063367038   0.000012365880932739773
317.5   0.007092603385892452   0.000012359762472694608
317.75   0.007091821161990309   0.000012354007294432486
318.   0.007091279815832518   0.000012349232814527209
318.25   0.007090802705477484   0.000012348284311019098
318.5   0.007090573913314949   0.000012348704179819786
318.75   0.007090628402080697   0.000012350234435087188
319.   0.0070910017512015415   0.000012352613570071324
319.25   0.007091811868496865   0.00001235518840133141
319.5   0.007092981776631267   0.000012358230843258965
319.75   0.007094515764426995   0.000012361626143671128
320.   0.007096418316589298   0.000012365257957107419
320.25   0.007098732283743845   0.000012368147804732789
320.5   0.007101409387305075   0.000012371375140278051
320.75   0.007104439188266445   0.000012375169450929523
321.   0.007107811224063998   0.00001237976417701992
321.25   0.0071114717618858524   0.000012386350261828074
321.5   0.007115470549285448   0.000012393841203059707
321.75   0.007119814713065325   0.000012402094059915434
322.   0.007124511665593721   0.000012410963785157826
322.25   0.007129553213809019   0.00001242021694207606
322.5   0.0071349695380981465   0.000012429824077479044
322.75   0.0071407754941144996   0.000012439668521546246
323.   0.007146986402366484   0.000012449631771622415
323.25   0.007153569643072976   0.000012458265076422346
323.5   0.007160608975551276   0.00001246729585076068
323.75   0.007168141071376085   0.000012477143118004355
324.   0.007176203548361   0.000012488234211290398
324.25   0.0071849859538662695   0.000012502772414953054
324.5   0.007194317809704188   0.0000125187425327928
324.75   0.007204178029965371   0.000012535875263687445
325.   0.007214545419686152   0.000012553896561856864
325.25   0.007225250386397546   0.000012571367235799193
325.5   0.007236477889430148   0.000012589617737635446
325.75   0.007248267228102895   0.000012608834327339618
326.   0.0072606588999791855   0.000012629207817508921
326.25   0.007273772780480011   0.000012651434565041029
326.5   0.007287543288638467   0.00001267501854579194
326.75   0.007301982837629012   0.000012699960005648428
327.   0.007317104594771203   0.000012726260086057996
327.25   0.007332908432632752   0.000012754299421918043
327.5   0.007349428774617384   0.000012783554703297697
327.75   0.007366687147339548   0.000012813874387110987
328.   0.007384706183732531   0.000012845104308673534
328.25   0.007403544785371151   0.000012875952264437002
328.5   0.0074231792380941835   0.000012907836604410623
328.75   0.007443621480610464   0.000012941062466774082
329.   0.007464884503965277   0.000012975943960483324
329.25   0.0074869209481217   0.00001301369036059561
329.5   0.007509831561223348   0.000013053404879875352
329.75   0.007533658364114149   0.00001309506620427283
330.   0.007558445480888942   0.00001313865427840385
330.25   0.007584246466792508   0.00001318396040450654
330.5   0.007611100148775263   0.000013231231260950064
330.75   0.007639054944925454   0.000013280529959674862
331.   0.007668161974220768   0.000013331923756111985
331.25   0.007698499717359797   0.000013385507188810283
331.5   0.0077300914000549455   0.000013441325142673033
331.75   0.007762987418916475   0.000013499449910317571
332.   0.0077972414996495985   0.00001355995912244325
332.25   0.007832935916524817   0.000013623125069992242
332.5   0.007870097327810447   0.00001368877554679807
332.75   0.007908780850586598   0.000013756928490954744
333.   0.007949045865097232   0.00001382760653390072
333.25   0.007990852445851564   0.000013899634125539356
333.5   0.00803441374977952   0.000013974712072725088
333.75   0.00807984787352882   0.000014053382675619057
334.   0.0081272806821364   0.000014136214436133843
334.25   0.00817695513882898   0.000014225636627764071
334.5   0.008228864642051725   0.000014319741224588236
334.75   0.008283117637916698   0.000014418422221836425
335.   0.00833983196234162   0.000014521578484035444
335.25   0.008399112517936107   0.000014629262484388664
335.5   0.008461131328102202   0.000014741180527702579
335.75   0.008526050820614974   0.000014857188633622184
336.   0.00859404819154898   0.000014977148468798762
336.25   0.008665270780558842   0.00001509780048294985
336.5   0.008739994769355173   0.00001522333913690612
336.75   0.008818472745710109   0.000015354974830363346
337.   0.008900981732915677   0.000015493998541160082
337.25   0.008987904780689891   0.00001564499599806409
337.5   0.009079469712470416   0.000015805033664554907
337.75   0.009176014551710868   0.000015974341796026093
338.   0.009277915920004215   0.00001615319843158268
338.25   0.009385509995780065   0.000016340249422882277
338.5   0.0094993851061725   0.000016538212484330088
338.75   0.009620108484131036   0.000016748285826019482
339.   0.009748318339752782   0.00001697180536242386
339.25   0.009884825592039691   0.00001721284653806953
339.5   0.010030324971203456   0.000017469557262692024
339.75   0.010185709716023242   0.000017742719962371964
340.   0.010352005379155715   0.00001803328646097764
340.25   0.010530237962177896   0.000018337581528937598
340.5   0.010721995113664935   0.0000186636016125806
340.75   0.01092894796188866   0.000019015179534215555
341.   0.011153052965404434   0.000019396725640213013
341.25   0.01139679296038094   0.00001981746875632704
341.5   0.011662665151944107   0.00002027781001183474
341.75   0.01195386349084202   0.000020782956819925955
342.   0.012274244056704398   0.0000213392315541621
342.25   0.01262841951047018   0.00002195352012752702
342.5   0.013022250250672085   0.00002263647799955009
342.75   0.013462882075093198   0.000023400300139526222
343.   0.013959199015563547   0.000024260163443733372
343.25   0.014522310891227437   0.00002523378248690995
343.5   0.015166073112294575   0.000026346545159910648
343.75   0.01590772179235222   0.000027628549123562804
344.   0.01676829932755853   0.000029116526768675345
344.25   0.01777248482395627   0.00003085372067106891
344.5   0.01894709284463757   0.00003288679502540493
344.75   0.0203169452332736   0.00003525918492945365
345.   0.021897792858076453   0.00003799872699038108
345.25   0.023688214225217642   0.00004110690556203723
345.5   0.02566493402137837   0.00004454021165113725
345.75   0.027786791567686348   0.00004822663663680013
346.   0.03000464866579137   0.00005208001641116079
346.25   0.03227120715169201   0.000056012066249963135
346.5   0.03454836487271453   0.00005996136727978174
346.75   0.03680766076010791   0.00006387923590028137
347.   0.03902961858991037   0.00006773281994483139
347.25   0.04120251595664281   0.00007150789875568946
347.5   0.043318161875524855   0.00007518516553190647
347.75   0.045372495225356926   0.00007875664323540311
348.   0.04736380769413665   0.00008221822475815796
348.25   0.04929115292899822   0.00008555924815227439
348.5   0.05115635301163912   0.0000887915826486115
348.75   0.05296116319541244   0.00009192028170916687
349.   0.05470771912931548   0.0000949513590176076
349.25   0.05639935409474747   0.0000979043916521124
349.5   0.05803717643467922   0.00010076905902548406
349.75   0.05962318912119162   0.00010354672577047595
350.   0.06115932348053406   0.00010623833372861824
350.25   0.06264623209229543   0.00010883420906439981
350.5   0.06408723749424605   0.00011134817423634618
350.75   0.06548447484123777   0.00011378440207066522
351.   0.06684000344260745   0.00011614701121180916
351.25   0.06815672199455566   0.00011844358562783379
351.5   0.06943528750491655   0.00012067331322091215
351.75   0.07067712673696723   0.00012283856375343709
352.   0.0718835668944742   0.00012494153341667812
352.25   0.07305507110095313   0.0001269829177322318
352.5   0.07419383789122175   0.00012896642376006135
352.75   0.07530126551683188   0.00013089436857825228
353.   0.07637869596697013   0.0001327689707452576
353.25   0.07742828679494082   0.00013459570956357215
353.5   0.07845008755718953   0.00013637202305026764
353.75   0.07944491872031983   0.0001380984215707279
354.   0.08041353759434554   0.00013977525860540393
354.25   0.08135598899933913   0.000141391565286014
354.5   0.08227381470899595   0.00014296278760999882
354.75   0.08316788573336253   0.00014449365770428024
355.   0.08403903861554271   0.00014598903059897752
355.25   0.08488819181350817   0.00014747000344637475
355.5   0.08571596283886775   0.00014891943958660636
355.75   0.08652304999698848   0.00015033567521185998
356.   0.08731012344975189   0.00015171683874198785
356.25   0.08807831360811318   0.00015305000027487984
356.5   0.08882756771745344   0.00015434789367112564
356.75   0.08955827566591087   0.0001556126749391746
357.   0.09027079688909279   0.00015684651950306858
357.25   0.09096474290711222   0.00015805441655028464
357.5   0.09164141120377485   0.00015923471896069085
357.75   0.09230138226086286   0.0001603884853542931
358.   0.09294522376389788   0.00016151674941741628
358.25   0.093573883747027   0.00016262493333171223
358.5   0.0941873638605589   0.00016370791885934443
358.75   0.09478603363344024   0.00016476482145236113
359.   0.09537024694176577   0.000165794670290001
359.25   0.09594064115840971   0.000166789077231398
359.5   0.09649712786422786   0.0001677570683209294
359.75   0.09703989375518171   0.0001687004993338076
360.   0.09756910858312584   0.00016962125375579817
360.25   0.09808406574340485   0.00017052827892036457
360.5   0.09858609577025064   0.00017141375726497353
360.75   0.099075680401499   0.00017227671987617106
361.   0.09955329827678919   0.00017311613285301178
361.25   0.10001999337865174   0.00017392195207055865
361.5   0.10047545075539471   0.00017470543295787397
361.75   0.10091990519198672   0.00017546907844940692
362.   0.1013535825278529   0.0001762154425592634
362.25   0.10177703932267791   0.00017695554842973174
362.5   0.10219001362765445   0.00017768036201414134
362.75   0.10259256590754384   0.0001783890932993709
363.   0.10298474521519325   0.00017908090413007102
363.25   0.10336552719302382   0.00017975288046283465
363.5   0.10373641484412624   0.00018040691004577445
363.75   0.10409786490757299   0.00018104285766500642
364.   0.10445033549815594   0.00018166056654776038
364.25   0.10479561883552743   0.0001822580826865053
364.5   0.1051323241078661   0.0001828376765065248
364.75   0.10546036356059499   0.00018339986395239424
365.   0.1057796376734886   0.00018394515967105085
365.25   0.10608870112192882   0.00018447885658933
365.5   0.10638928688472962   0.0001849948228089999
365.75   0.10668181219610831   0.0001854915995399937
366.   0.10696669642911806   0.00018596768189058454
366.25   0.10724568648858276   0.00018640460036447503
366.5   0.107517362838469   0.00018682429178600355
366.75   0.10778160585724601   0.000187232083401358
367.   0.10803828622386383   0.00018763341242523368
367.25   0.1082862732827807   0.00018805478951343168
367.5   0.10852679896191678   0.00018847269791529787
367.75   0.10876011392917989   0.00018888427577466727
368.   0.10898646852928454   0.00018928658457243803
368.25   0.10920608558742634   0.00018966456539649867
368.5   0.10941925286879776   0.00019003189395467578
368.75   0.1096262312231808   0.00019039035475257093
369.   0.10982728158297353   0.00019074175914174737
369.25   0.11002377698469797   0.00019109914795978328
369.5   0.11021443066303933   0.00019144878950399092
369.75   0.11039904813962673   0.0001917879804407665
370.   0.11057742655604719   0.00019211395609478155
370.25   0.11074804653805982   0.00019241727554370882
370.5   0.11091251074797664   0.00019270426724897296
370.75   0.11107112797278837   0.00019297469837044042
371.   0.11122420894267683   0.00019322832783853387
371.25   0.1113725880711363   0.0001934722799890344
371.5   0.11151585326733252   0.0001936960281903015
371.75   0.11165410761241813   0.00019389629152246772
372.   0.11178745241894551   0.00019406972956031646
372.25   0.11191635089100259   0.00019417225965162924
372.5   0.11204039441158699   0.00019425710181202851
372.75   0.1121595306900777   0.00019433736921758166
373.   0.11227370340767555   0.0001944263938018336
373.25   0.11238213235598545   0.000194591452425609
373.5   0.11248575657034764   0.00019477143770361516
373.75   0.11258480209169927   0.00019495837914911414
374.   0.11267949590405663   0.00019514416420183723
374.25   0.11277086902748085   0.00019529891138724435
374.5   0.11285803109428243   0.0001954443744664529
374.75   0.11294088428615709   0.0001955808520418381
375.   0.11301932674525177   0.00019570864362776177
375.25   0.11309250831580876   0.00019583109458533472
375.5   0.11316135682063057   0.00019594426191537094
375.75   0.11322606215129886   0.00019604720666182334
376.   0.11328681488459995   0.00019613897266232498
376.25   0.11334448447558457   0.00019620938019002394
376.5   0.11339831737276347   0.00019627027489807925
376.75   0.11344822994947477   0.0001963244009576405
377.   0.11349413537765686   0.0001963745391706731
377.25   0.11353501490824038   0.000196430494347299
377.5   0.11357207053437499   0.00019648537527360314
377.75   0.11360558423776496   0.00019653922493709502
378.   0.11363584014244221   0.00019659208234752175
378.25   0.11366424503672155   0.00019664811382376205
378.5   0.1136895245782176   0.00019670158936435048
378.75   0.11371151332857606   0.00019675085585643519
379.   0.11373004194160291   0.00019679423452510824
379.25   0.11374493722615116   0.00019683002131341175
379.5   0.1137560222075288   0.00019685648725416153
379.75   0.11376311618746884   0.00019687187883382786
380.   0.11376603480271559   0.00019687441834872931
