310.   -0.005647897244243409   0.000011185309670272591
310.25   -0.00564051267602614   0.000011183317128512435
310.5   -0.005633339584259219   0.000011177512987794365
310.75   -0.005626362377709469   0.000011168208526613237
311.   -0.005619565332157434   0.000011155717974053556
311.25   -0.005612932586387558   0.00001114035860114419
311.5   -0.0056064481380415365   0.000011122450815453078
311.75   -0.0056000958393288254   0.000011102318259066702
312.   -0.005593859392588024   0.00001108028791010694
312.25   -0.005587521290504092   0.000011055611373333009
312.5   -0.005581345486196104   0.000011030128061059928
312.75   -0.0055753967571021265   0.000011004613200228943
313.   -0.005569740664742583   0.000010979850913981238
313.25   -0.005564780877715192   0.00001095804392255934
313.5   -0.005560113978727749   0.000010938028485436367
313.75   -0.0055556711453244225   0.000010920045164439116
314.   -0.005551382781050645   0.000010904337670391993
314.25   -0.0055469952419233345   0.000010891187096137087
314.5   -0.005542692953180703   0.000010880796153179908
314.75   -0.005538478255369877   0.00001087340477984057
315.   -0.00553435355062623   0.000010869256328949927
315.25   -0.005530243021218127   0.0000108732614196088
315.5   -0.0055262583957822724   0.000010879165244811084
315.75   -0.005522434085476785   0.000010885327045387603
316.   -0.00551880499319551   0.000010890084934231974
316.25   -0.00551543873176791   0.000010891000631243875
316.5   -0.00551232633129985   0.000010887420075990407
316.75   -0.0055094911839310414   0.000010877920273894645
317.   -0.005506957067172467   0.000010861058206950304
317.25   -0.005504918626431107   0.000010822352943490544
317.5   -0.005503162748128785   0.00001077847068338787
317.75   -0.005501645089738392   0.00001073320061530134
318.   -0.005500320755662612   0.000010690385136659924
318.25   -0.005498930332020023   0.000010664921824375728
318.5   -0.005497726032859868   0.000010645429571864207
318.75   -0.005496748301206759   0.000010631443211994224
319.   -0.005496038254525017   0.00001062249170005699
319.25   -0.005495764308560841   0.000010619320581189417
319.5   -0.005495792545353153   0.000010619742075969215
319.75   -0.00549611467457933   0.000010622767841270969
320.   -0.005496722379299847   0.00001062739484610251
320.25   -0.005497592351842718   0.000010629813714082056
320.5   -0.005498737075200572   0.000010632879961787479
320.75   -0.00550015425513862   0.000010636681413012229
321.   -0.005501841671115678   0.000010641307567556774
321.25   -0.005503726275095922   0.000010646509036729036
321.5   -0.005505904798104171   0.000010652853491416374
321.75   -0.005508404215613566   0.00001066057497310094
322.   -0.00551125209775584   0.000010669911921104521
322.25   -0.0055145936755614244   0.000010683707826805577
322.5   -0.005518294758695415   0.000010698588180082943
322.75   -0.005522337031515363   0.000010713742967410522
323.   -0.005526702013537324   0.000010728347958051388
323.25   -0.005531310093602711   0.00001073659179374676
323.5   -0.005536227337228813   0.000010744544222184413
323.75   -0.005541459678446775   0.000010753368955768652
324.   -0.005547013344146247   0.000010764252004279053
324.25   -0.0055527922789504495   0.000010783984272957
324.5   -0.005558946167728906   0.000010806028980477797
324.75   -0.005565524241167124   0.000010829358893129575
325.   -0.005572576947594311   0.000010852927001009146
325.25   -0.005580348239084335   0.000010872859225404668
325.5   -0.005588623662396701   0.000010891971819756708
325.75   -0.005597378851721012   0.000010910303761075001
326.   -0.005606589229533003   0.000010927894951059225
326.25   -0.005616163667191794   0.000010941950709711698
326.5   -0.00562616942965257   0.000010956457875620607
326.75   -0.005636608515294867   0.000010972624291693588
327.   -0.005647483307601768   0.00001099168558945208
327.25   -0.0056586955883688355   0.000011019004957179164
327.5   -0.0056703890678143805   0.00001105017864306085
327.75   -0.005682609010376063   0.000011084848575462459
328.   -0.0056954021929307135   0.00001112264995347761
328.25   -0.0057090320876448655   0.000011166037479159283
328.5   -0.005723249781357535   0.000011210702640391657
328.75   -0.005738018503366661   0.000011255093148476017
329.   -0.005753301102004106   0.000011297618182400762
329.25   -0.005768643729483454   0.000011328404863034647
329.5   -0.005784586850562576   0.000011357228935131191
329.75   -0.005801264043661943   0.00001138577378034554
330.   -0.005818813241576285   0.000011415768950321879
330.25   -0.005837820553836368   0.000011454324017861674
330.5   -0.0058578175877342506   0.000011495866960717291
330.75   -0.005878773539525159   0.000011540077265088234
331.   -0.005900657759008948   0.000011586627571484182
331.25   -0.005923301408837648   0.000011636533446227902
331.5   -0.0059468662793261545   0.00001168757889788147
331.75   -0.0059713798250507   0.000011738853164329788
332.   -0.005996871671287044   0.000011789418727278565
332.25   -0.0060232577846537445   0.000011831053583721916
332.5   -0.006050733592074191   0.000011872823164707727
332.75   -0.006079384713408209   0.000011916718102338112
333.   -0.0061093015034249885   0.000011964799871126356
333.25   -0.0061406836815598494   0.000012026919839779969
333.5   -0.006173487936467324   0.000012094610288828352
333.75   -0.006207777938457216   0.000012166958833992635
334.   -0.006243622350487272   0.000012243025842703204
334.25   -0.006281081784205347   0.000012320784760548004
334.5   -0.006320255144750013   0.00001240069904771776
334.75   -0.006361234924254958   0.000012482177561644255
335.   -0.006404121193211837   0.000012564611025510286
335.25   -0.006449074668990981   0.000012640437892615864
335.5   -0.00649614084494382   0.000012718593183013518
335.75   -0.00654542578825283   0.000012801324421942454
336.   -0.006597046045468274   0.000012890991233151954
336.25   -0.006650987536234117   0.000012999744545853888
336.5   -0.006707588208073607   0.000013116857055492815
336.75   -0.006767064575635578   0.000013241004683222217
337.   -0.006829653015066954   0.000013370816344794886
337.25   -0.006895831866921669   0.000013495875617190461
337.5   -0.006965582722369436   0.000013627098317313777
337.75   -0.007039124924599234   0.000013766779610756765
338.   -0.007116705086546902   0.000013917375547276932
338.25   -0.007198373527955337   0.000014091744340343801
338.5   -0.007284757282032664   0.000014278679179686932
338.75   -0.007376310167707335   0.000014476865732034053
339.   -0.007473541437918094   0.000014684957587760099
339.25   -0.007577074473415892   0.00001489203431025097
339.5   -0.007687490967874754   0.000015109757897084754
339.75   -0.007805508119434633   0.000015340823772773623
340.   -0.00793194699160218   0.0000155882259487154
340.25   -0.008067839454717844   0.000015862756674548904
340.5   -0.008214160173374301   0.00001615802033478689
340.75   -0.008372143560294823   0.000016475004558817473
341.   -0.008543238366999974   0.00001681498199434796
341.25   -0.008729161981410334   0.00001717004830522348
341.5   -0.0089319418912992   0.000017555199689403136
341.75   -0.009154014341414158   0.000017977341230346894
342.   -0.009398320728974395   0.000018444607138769315
342.25   -0.00966836332201974   0.000018977003995384743
342.5   -0.00996863454099724   0.000019572298657127314
342.75   -0.010304592961322596   0.000020239860154476922
343.   -0.010683024277121764   0.000020991478554337267
343.25   -0.011112390870716119   0.00002183374740106643
343.5   -0.011603303118573688   0.0000227963028212341
343.75   -0.012168932492305792   0.000023906451014123114
344.   -0.012825356690904415   0.000025197529260499616
344.25   -0.013591365507843458   0.000026745005300858523
344.5   -0.014487521371414397   0.000028545299547555213
344.75   -0.015532810567453759   0.00003062043101659941
345.   -0.016739296225199055   0.00003297356302845021
345.25   -0.018106300967787817   0.000035458373687668684
345.5   -0.019615658217203843   0.000038151023741262246
345.75   -0.02123583076479384   0.00004101077435989599
346.   -0.02292916955726657   0.000043997279988565894
346.25   -0.024659500316558933   0.00004724168062785447
346.5   -0.026397449617464666   0.000050549287527588395
346.75   -0.028121049294337837   0.00005386628288690741
347.   -0.029815158193526682   0.00005714574607297312
347.25   -0.03146920304149818   0.00006025480527785584
347.5   -0.03307832202845619   0.00006326992388715976
347.75   -0.03463971801796364   0.00006619491731853192
348.   -0.03615246611759159   0.00006903894273481437
348.25   -0.03761773389427383   0.00007187042935598852
348.5   -0.03903550695292127   0.00007463194117794306
348.75   -0.04040700478949657   0.00007731541030340119
349.   -0.041733707024736666   0.00007991136422174753
349.25   -0.0430170668689844   0.00008236217436569778
349.5   -0.04425895327583293   0.00008471806332074772
349.75   -0.04546108810664641   0.00008698652744566826
350.   -0.04662515798589902   0.00008917570686214653
350.25   -0.047752819116169486   0.0000913045331382122
350.5   -0.04884559710282862   0.0000933683301776498
350.75   -0.0499049660424254   0.00009537212742301141
351.   -0.050932321533493356   0.00009732097815747488
351.25   -0.05192903358495949   0.0000992531049675403
351.5   -0.05289627167983825   0.00010112835314836087
351.75   -0.053835180406411075   0.00010293706543645585
352.   -0.054746832888471667   0.00010466849528021194
352.25   -0.0556318961240351   0.00010622291559371752
352.5   -0.05649177567339838   0.00010770798561555589
352.75   -0.05732750216403351   0.00010914853171084722
353.   -0.05814005998804399   0.00011057098722139545
353.25   -0.058930584495306096   0.00011210909669616662
353.5   -0.05969971074320357   0.00011364705933779869
353.75   -0.06044821904341835   0.00011516992309725739
354.   -0.06117685047284014   0.00011666146518470183
354.25   -0.0618861886301003   0.00011799218543936187
354.5   -0.06257707043086012   0.0001192977172654669
354.75   -0.06325018652549384   0.0001206064562559105
355.   -0.06390620063299253   0.00012194820793576357
355.25   -0.064546085262812   0.00012351781037202186
355.5   -0.06516999539540846   0.00012512205318069078
355.75   -0.06577838229023425   0.00012672490457992574
356.   -0.06637167028641505   0.00012828829720351375
356.25   -0.06695095270742002   0.00012965356957908087
356.5   -0.06751564576303609   0.0001309426068712055
356.75   -0.0680658076991689   0.00013216190675543175
357.   -0.06860146288560315   0.00013331832853064748
357.25   -0.06912154421922533   0.000134461281367905
357.5   -0.06962747732718613   0.00013553996639737405
357.75   -0.07011964044624198   0.00013654446906469266
358.   -0.0705984010313441   0.0001374644984777879
358.25   -0.07106363484331393   0.0001382025094484091
358.5   -0.07151635638769374   0.00013886776045241952
358.75   -0.071957106910172   0.00013948538125237237
359.   -0.07238642665142528   0.000140081487272292
359.25   -0.07280483488408593   0.00014075970405352009
359.5   -0.07321289885118767   0.00014144198710161333
359.75   -0.07361116604939959   0.00014212523178433448
360.   -0.07400018436681682   0.00014280614628164022
360.25   -0.07438248031412564   0.00014348062094156818
360.5   -0.07475586069542843   0.00014414588726330545
360.75   -0.07512005094785223   0.0001447983883054536
361.   -0.07547475185488035   0.00014543440823078937
361.25   -0.07581771552305946   0.00014602155131521083
361.5   -0.07615126619765575   0.00014659537298371777
361.75   -0.07647583553602706   0.00014716356680143376
362.   -0.07679185680191986   0.00014773403014507866
362.25   -0.07710091112826573   0.00014841278727672577
362.5   -0.0774018440897763   0.00014907218242117236
362.75   -0.07769461887733128   0.0001496800799245709
363.   -0.07797918756508412   0.0001502034168082864
363.25   -0.0782549651702746   0.00015033967175326094
363.5   -0.07852261356869948   0.00015042700151931418
363.75   -0.07878227132036335   0.00015054082449808144
364.   -0.07903407279062165   0.00015075857942841773
364.25   -0.07927609746131183   0.00015153898047024668
364.5   -0.07951132174828039   0.0001524362943373042
364.75   -0.07974071548110032   0.0001533771070952314
365.   -0.07996526555513417   0.0001542860457973835
365.25   -0.0801904240523618   0.00015485880052491804
365.5   -0.08041102688214709   0.00015533180697644504
365.75   -0.08062627642268604   0.0001557176509981092
366.   -0.08083534875536111   0.00015602927085623438
366.25   -0.08103397301761578   0.00015624862895448447
366.5   -0.08122603248327405   0.00015643290745008377
366.75   -0.08141203597071128   0.00015660895279524573
367.   -0.0815924989613298   0.00015680421862400396
367.25   -0.08176971510422011   0.000157157571529462
367.5   -0.08194174824826533   0.00015754347214716683
367.75   -0.08210840519889699   0.00015794558002177794
368.   -0.08226948396694313   0.0001583471719236355
368.25   -0.08242245553584233   0.00015865102427713873
368.5   -0.08257032741362587   0.00015895117740178863
368.75   -0.0827138240139871   0.00015926269045192642
369.   -0.0828536805171949   0.00015960091755156595
369.25   -0.08299436645871788   0.00016007422130878598
369.5   -0.08313145431204673   0.00016056945866331035
369.75   -0.08326418400542965   0.0001610648271665002
370.   -0.08339177681773362   0.00016153808269769044
370.25   -0.08351087274043298   0.00016192277867475464
370.5   -0.08362422561655716   0.00016225675619126388
370.75   -0.08373205236380922   0.00016253441496968146
371.   -0.08383457149212332   0.00016275006575601622
371.25   -0.08393193326437157   0.00016283209634186316
371.5   -0.084024456605619   0.00016286633860498458
371.75   -0.08411239331151765   0.00016287377610124394
372.   -0.08419599722380085   0.0001628757730909055
372.25   -0.08427555178471939   0.0001629583289617672
372.5   -0.08435127646167817   0.00016305402903559968
372.75   -0.08442341985669694   0.0001631590810603777
373.   -0.08449223235875804   0.00016326961576922078
373.25   -0.08455816844235318   0.00016339329187031225
373.5   -0.0846212001230333   0.00016350992145487084
373.75   -0.0846815004544052   0.00016361067403895796
374.   -0.084739242908609   0.0001636865721111766
374.25   -0.0847955272722204   0.00016365261793840848
374.5   -0.08484923749458882   0.00016360529160795105
374.75   -0.08490017060718183   0.00016356614267249705
375.   -0.08494811833693176   0.0001635570532940843
375.25   -0.08499223897655976   0.00016370485934342918
375.5   -0.08503318960474747   0.00016388625323630828
375.75   -0.08507100267103218   0.00016408143435108218
376.   -0.08510570941922745   0.00016427029142597441
376.25   -0.08513751913198037   0.00016436802950171018
376.5   -0.08516621086467792   0.00016444368224819225
376.75   -0.08519173939632065   0.00016450245872157778
377.   -0.08521405737477071   0.0001645496446337131
377.25   -0.08523304493067273   0.00016460675359095673
377.5   -0.0852487487627549   0.00016465669891841528
377.75   -0.0852611440216678   0.00016469841442598104
378.   -0.08527020426436696   0.00016473081706614706
378.25   -0.08527479472695873   0.00016474257502841088
378.5   -0.08527642931765379   0.0001647468418069414
378.75   -0.08527552722563368   0.00016474664786256471
379.   -0.08527251204394354   0.00016474506220380498
379.25   -0.0852678117117068   0.0001647451918450612
379.5   -0.08526185845739849   0.00016475018127572335
379.75   -0.08525508874314322   0.00016476321193989782
380.   -0.08524794321001627   0.0001647875017264444
