310.   0.0022227252268491476   0.000019388501977496867
310.25   0.002229039302844029   0.000019383295588351244
310.5   0.0022350823697900226   0.000019380169999175596
310.75   0.0022409162408948357   0.000019378855212655426
311.   0.002246603372559206   0.000019379078616327517
311.25   0.0022522068842056363   0.000019380564902487005
311.5   0.002257790578818771   0.000019383035985264516
311.75   0.002263418964229383   0.000019386210914747022
312.   0.002269157275175683   0.000019389805788009773
312.25   0.0022755293167242866   0.00001939382394285656
312.5   0.0022819629766536093   0.000019397570207967504
312.75   0.002288340107821236   0.000019400633507417962
313.   0.002294541215919405   0.000019402598046160647
313.25   0.0022997568622483765   0.000019398134704082744
313.5   0.0023048254510711122   0.000019393666446793617
313.75   0.002309902630170859   0.000019390754486759306
314.   0.0023151459170029443   0.00001939097891333433
314.25   0.002321267423154603   0.000019403574110169426
314.5   0.0023276575820413863   0.00001941950863265302
314.75   0.0023342554704931886   0.000019437322636357335
315.   0.0023409994529972836   0.000019455538508326038
315.25   0.0023477131993902586   0.00001946140804337166
315.5   0.00235449253469041   0.00001946911174368084
315.75   0.002361319844862011   0.000019481687240006485
316.   0.0023681773135422975   0.000019502212247687976
316.25   0.002374903027106711   0.00001955363395325459
316.5   0.0023816794183793124   0.000019611461218490736
316.75   0.00238854652845443   0.000019670838316432907
317.   0.0023955449736163094   0.000019726844393849025
317.25   0.002402861658042897   0.0000197565506948272
317.5   0.002410335255631944   0.000019779915603027
317.75   0.002417948954631029   0.000019799108499522814
318.   0.002425685753550671   0.000019816328846457648
318.25   0.0024336057786881176   0.000019840617519040114
318.5   0.0024415838256096785   0.00001986474290742124
318.75   0.0024495707951792556   0.000019888228386676456
319.   0.002457516895661375   0.00001991059038507836
319.25   0.0024649991088503105   0.000019926054444943015
319.5   0.0024724854174855066   0.000019941487221233066
319.75   0.002480075603990922   0.000019958536002127707
320.   0.00248787104205214   0.000019978873979727783
320.25   0.0024963956544994544   0.00002000975247883078
320.5   0.002505167627091264   0.00002004516340536328
320.75   0.002514121815161358   0.000020084599660937503
321.   0.002523192095975337   0.000020127546983145978
321.25   0.002532099369515932   0.000020176762759347394
321.5   0.0025410707600485205   0.000020227148780640875
321.75   0.0025501235080979   0.000020276828710706185
322.   0.0025592752113666782   0.000020323894548755462
322.25   0.0025684945489906144   0.000020358778464315393
322.5   0.0025778685422786093   0.000020390128868756855
322.75   0.0025874361048623183   0.000020419051606756224
323.   0.0025972369448779365   0.000020446672086559847
323.25   0.0026074931434838357   0.00002047174651196594
323.5   0.0026179932952804983   0.00002049876980444752
323.75   0.0026287054361921578   0.00002052990917267543
324.   0.002639597121687304   0.00002056737398584699
324.25   0.0026505874611683694   0.00002062785215418119
324.5   0.002661709734372568   0.00002069354805842684
324.75   0.0026729495686868094   0.000020760896498544554
325.   0.0026842924217426187   0.000020826262535068883
325.25   0.0026956377498089847   0.000020870209013724695
325.5   0.0027070900969397103   0.000020910842072461058
325.75   0.0027186695775753555   0.00002095074894063849
326.   0.002730396867674119   0.000020992571607983008
326.25   0.002742028203076953   0.000021046738802677542
326.5   0.0027539541976853103   0.000021105257271583718
326.75   0.0027663062770894352   0.0000211677753327929
327.   0.0027792190522586088   0.000021233935570828052
327.25   0.002793459441809491   0.000021306060321731855
327.5   0.0028082942738583013   0.000021380044808493936
327.75   0.0028236099981410433   0.00002145440762344516
328.   0.002839290710373116   0.000021527633538833132
328.25   0.0028548242886620753   0.000021588986640165046
328.5   0.0028706370680869134   0.00002164964636976138
328.75   0.002886767597601079   0.00002171177052905568
329.   0.002903255733522705   0.00002177757324124155
329.25   0.002920174591500521   0.000021856314702203033
329.5   0.00293752261766756   0.000021940624931309487
329.75   0.002955330950498292   0.000022030022421370273
330.   0.002973632042674354   0.000022124016628222918
330.25   0.002992592135414499   0.000022220755318938004
330.5   0.00301206275758121   0.000022321606044510795
330.75   0.0030320260804402323   0.00002242660782541625
331.   0.003052464363878294   0.000022535805221874106
331.25   0.003073248919434996   0.000022649737051970437
331.5   0.003094516364278033   0.000022767782797436922
331.75   0.003116295440817395   0.00002288980395304047
332.   0.003138616563786115   0.000023015663141538185
332.25   0.0031614326384511657   0.000023143189346650374
332.5   0.0031848878452088733   0.00002327507013064689
332.75   0.003209051511046402   0.00002341201991689803
333.   0.0032339964340442023   0.000023554785033123727
333.25   0.0032599705655185006   0.000023704816134145246
333.5   0.003286817083442602   0.000023862003440222228
333.75   0.0033145495113971017   0.000024026926148750674
334.   0.0033431834782578613   0.000024200196944156355
334.25   0.003372496880800592   0.000024388334150737317
334.5   0.0034028425360215675   0.00002458390309207629
334.75   0.0034343444751770962   0.00002478517623397356
335.   0.0034671341473731052   0.000024990370430987414
335.25   0.003501725895006325   0.000025185979624428096
335.5   0.0035377502293329794   0.000025386220119829123
335.75   0.0035752078484330156   0.000025594025753973497
336.   0.003614103069596408   0.000025812483797717985
336.25   0.0036542294831708377   0.000026055551205513813
336.5   0.003695896776905985   0.000026311899545391425
336.75   0.0037392143694326744   0.00002658064853119657
337.   0.00378430254532088   0.00002686091137274525
337.25   0.003831266704096411   0.000027145778450718886
337.5   0.0038802907678002823   0.000027442645004112657
337.75   0.0039315486486038685   0.000027753177164886274
338.   0.003985233038399052   0.000028079193128192553
338.25   0.004041448002698748   0.000028422789366979615
338.5   0.004100583920591873   0.000028786012489860127
338.75   0.004162955690409791   0.00002917123699575191
339.   0.004228914642245247   0.000029581099031955688
339.25   0.004299007418422335   0.00003002053534059029
339.5   0.00437346774519205   0.000030490104836870943
339.75   0.004452730813571038   0.00003099265254759358
340.   0.004537295429134706   0.00003153144621920872
340.25   0.004627696100177714   0.00003211193737396778
340.5   0.004724653272067775   0.00003273621003100144
340.75   0.004828960211227635   0.00003340863101478018
341.   0.004941545616250154   0.00003413438307416487
341.25   0.005063892502233651   0.000034915165767795155
341.5   0.00519677309421822   0.00003576448754015738
341.75   0.005341566465858552   0.00003669333274232262
342.   0.005499948985998057   0.000037714873406890884
342.25   0.005673379612590206   0.000038849804703236155
342.5   0.0058651852132778366   0.000040111163541366724
342.75   0.0060787801505652085   0.000041520659609232084
343.   0.006318404112917877   0.000043105366349633065
343.25   0.006589506477855833   0.000044896870839955626
343.5   0.006898495163996942   0.00004694069771435777
343.75   0.007253524425081267   0.00004929081398389549
344.   0.00766457033272635   0.000052013152971550464
344.25   0.008143532649620089   0.00005518295608331447
344.5   0.008703055502766647   0.00005888725477278039
344.75   0.009355119618202833   0.00006320540068461166
345.   0.010107622682095196   0.00006818898689586599
345.25   0.010960294456137332   0.00007383961845847398
345.5   0.011903346317687226   0.00008008412349360799
345.75   0.012918357919272754   0.00008679576655953975
346.   0.013983040740112224   0.00009382229272805083
346.25   0.015076262144714917   0.00010101721481694812
346.5   0.016179924834374346   0.0001082605363499712
346.75   0.017280669504172095   0.00011546243310106564
347.   0.018369209092725543   0.0001225607436387516
347.25   0.01944058284469716   0.00012949877826944607
347.5   0.02048960732781982   0.00013627336214838036
347.75   0.021513625472832195   0.00014287928596542565
348.   0.022510994558872986   0.00014932007644173203
348.25   0.023477246603060456   0.00015565961961645013
348.5   0.02441639513380928   0.0001618394422748162
348.75   0.025329722373502356   0.00016785017920439412
349.   0.026218822344083455   0.00017368130970860283
349.25   0.02708828471796033   0.00017926048626598902
349.5   0.027936356257587166   0.00018465510481821217
349.75   0.02876385130886943   0.0001898775042456598
350.   0.029571546292641512   0.00019494097637981836
350.25   0.03036026300642561   0.00019987912394222443
350.5   0.03113054045218594   0.0002046802580253119
350.75   0.0318829436168092   0.00020935094362051096
351.   0.032617972309400924   0.0002138975425909881
351.25   0.033334909975841834   0.00021832651498269456
351.5   0.03403570135113657   0.00022264338975479657
351.75   0.03472117158037426   0.00022685377815193216
352.   0.03539212645389804   0.00023096309113552528
352.25   0.03605021430239845   0.00023495805147103868
352.5   0.03669502688550366   0.0002388690410596206
352.75   0.037326941839698646   0.00024270905275494803
353.   0.03794629793322195   0.00024649145717233335
353.25   0.03855350511580409   0.0002503189721892788
353.5   0.039148683237310855   0.00025408348808249624
353.75   0.03973202109644925   0.00025776088297496083
354.   0.04030367438562217   0.0002613251468197608
354.25   0.04086152978193129   0.00026462442120891956
354.5   0.04140876271384571   0.0002677998767082863
354.75   0.04194640179263288   0.00027087355486101383
355.   0.0424754992332912   0.0002738686448536692
355.25   0.043000259755536945   0.0002768827513789551
355.5   0.04351746681115992   0.00027984016430324105
355.75   0.04402690726409411   0.0002827360423876916
356.   0.04452832784690901   0.00028556509074352743
356.25   0.04501980588086206   0.00028829329933832053
356.5   0.0455032652925287   0.0002909535716008689
356.75   0.04597903357747255   0.000293551339472025
357.   0.0464474338571587   0.0002960921576532903
357.25   0.04691018878757755   0.00029857661377622716
357.5   0.04736567334072663   0.00030101753872681066
357.75   0.047813608035963726   0.0003034229915070608
358.   0.04825368729738812   0.0003058012315707554
358.25   0.04868271253441764   0.0003081760252918816
358.5   0.049104298447693456   0.00031053482888807564
358.75   0.04951927096646505   0.00031288005077649295
359.   0.04992847704401962   0.00031521405188928147
359.25   0.05033647582954628   0.00031759357553263085
359.5   0.050739040771286256   0.00031994549116746334
359.75   0.051135535141516406   0.0003222492624908072
360.   0.05152528983573395   0.0003244835505738064
360.25   0.05190249814327565   0.0003265471583855281
360.5   0.052273508660400314   0.00032852684337352335
360.75   0.05263968997266471   0.00033043195783025625
361.   0.053002448424264   0.0003322721622976405
361.25   0.05336903381817331   0.00033405470263025804
361.5   0.05373286949933832   0.00033579360325314294
361.75   0.05409305581991978   0.0003375005378282447
362.   0.054448657188023754   0.00033918749484516665
362.25   0.05479462065576982   0.00034096272521310413
362.5   0.05513560872821837   0.00034270561858832456
362.75   0.0554722765874855   0.00034438926821046443
363.   0.05580529335795534   0.00034598596460068344
363.25   0.05613940661450638   0.0003472741928604758
363.5   0.056469666748164234   0.0003484927941231767
363.75   0.056795100998703926   0.0003496916402679263
364.   0.057114706154811075   0.00035092193150644004
364.25   0.057422642228905106   0.0003524680280700951
364.5   0.05772452716735151   0.00035406150348953134
364.75   0.05802125592650658   0.0003556616131555138
365.   0.058313744008374246   0.0003572265013859505
365.25   0.05860604496093426   0.0003585792491592227
365.5   0.05889477966246654   0.0003598621032557025
365.75   0.05917963748641031   0.0003610852478843526
366.   0.05946029723935323   0.00036225911746356657
366.25   0.05973413554161857   0.0003634017951831932
366.5   0.060003998186510255   0.0003645139052094955
366.75   0.06027047706244854   0.0003656035567534705
367.   0.06053417501361984   0.0003666790241736283
367.25   0.06079810957608245   0.0003678357301812288
367.5   0.06105956053211551   0.0003689612522944887
367.75   0.06131817444947882   0.00037002859008277805
368.   0.061573587621653644   0.0003710101544516392
368.25   0.061824214963748604   0.00037167706012551253
368.5   0.062071358606562536   0.00037227990827451315
368.75   0.06231512246355185   0.00037287179602305594
369.   0.06255561080880752   0.00037350690256241956
369.25   0.06279126324732336   0.0003744455095282626
369.5   0.06302450266187333   0.0003754584716460985
369.75   0.06325611705345975   0.0003765190427677675
370.   0.06348690768367919   0.00037759989985683694
370.25   0.06372456482452424   0.00037863274277389025
370.5   0.0639603412095765   0.00037964539476776477
370.75   0.06419226095140561   0.00038062541061875465
371.   0.06441830988663158   0.0003815601057366699
371.25   0.0646249502321459   0.0003823359804514567
371.5   0.0648260907766354   0.00038307996979993956
371.75   0.0650243049460226   0.0003838198390560181
372.   0.06522221137588684   0.00038458383878390564
372.25   0.0654323755080391   0.0003855346104012294
372.5   0.06564370925306418   0.00038651479650058876
372.75   0.06585491571833316   0.00038749933011015316
373.   0.06606467357657274   0.0003884626956324835
373.25   0.06627017302201273   0.00038931425126638187
373.5   0.06647208561923128   0.00039011773735419
373.75   0.06666961707651685   0.000390872746827737
374.   0.06686195970018867   0.00039157887042395135
374.25   0.06704231457886363   0.0003921560149281952
374.5   0.06721817920619558   0.0003927148161468495
374.75   0.06739114577480013   0.00039328736562932454
375.   0.0675628309908933   0.00039390624711128843
375.25   0.06774056936869795   0.0003947867241511265
375.5   0.06791808905485443   0.00039570837832358024
375.75   0.06809475708811301   0.00039663095429679087
376.   0.06826992964516808   0.0003975135740218408
376.25   0.06844373846206486   0.0003982014986819173
376.5   0.06861442235129692   0.00039881051675010347
376.75   0.06878098563437526   0.00039934406938289574
377.   0.0689424179244656   0.0003998056607760731
377.25   0.06909088356414413   0.0004001517180442626
377.5   0.06923484013999816   0.00040045159794784404
377.75   0.06937600692902647   0.0004007281772524063
378.   0.06951612694000903   0.0004010046522274028
378.25   0.0696595206465491   0.00040130612925427946
378.5   0.06980441565456251   0.00040165420508572514
378.75   0.06995158511019611   0.0004020723580672598
379.   0.07010181097944562   0.0004025843595700572
379.25   0.0702558839264647   0.00040321426984412767
379.5   0.07041460319426732   0.0004039864339558745
379.75   0.07057877648774977   0.0004049254778075061
380.   0.07074921985897142   0.0004060563042359379
