310.   0.02755907795185714   0.00001610204445911242
310.25   0.027551226793053506   0.000016184898368247543
310.5   0.027543985790967868   0.000016248157071105862
310.75   0.02753737373365875   0.000016293628043723505
311.   0.027531409749325022   0.000016323136095583743
311.25   0.027526113317213937   0.00001633852390495954
311.5   0.027521504278954854   0.000016341652573246476
311.75   0.027517602850338396   0.0000163344021991349
312.   0.027514429633562248   0.000016318672473515484
312.25   0.027511947490379978   0.00001629385454548931
312.5   0.027510258965986134   0.00001626541793295742
312.75   0.027509409483132147   0.000016236350618116773
313.   0.027509445180770788   0.000016209674772416474
313.25   0.027510565720200157   0.00001619816516269822
313.5   0.02751260557131223   0.000016191357335788578
313.75   0.02751555116166621   0.000016188439029729205
314.   0.0275193889817804   0.00001618858884793524
314.25   0.02752402091621504   0.00001618946020288792
314.5   0.027529551715404884   0.0000161923271217586
314.75   0.02753600246230377   0.00001619695448334522
315.   0.027543394752036283   0.00001620310455660605
315.25   0.027551753763234623   0.000016207911412027537
315.5   0.02756109791390227   0.000016214794085724674
315.75   0.027571449210346623   0.000016224573328192775
316.   0.027582830234335755   0.000016238081002357666
316.25   0.02759529620360913   0.000016263412952638905
316.5   0.0276088262336587   0.0000162913097145801
316.75   0.027623431739368116   0.00001631968993205254
317.   0.027639124624430023   0.00001634644435565198
317.25   0.027655948745211198   0.000016361282959069547
317.5   0.02767387319631613   0.00001637340485258057
317.75   0.027692898674888132   0.00001638392796542141
318.   0.027713026267169222   0.00001639398585622136
318.25   0.027734155674166056   0.00001640581600874635
318.5   0.027756430727100243   0.00001641906853247018
318.75   0.027779895236222315   0.000016434484513097133
319.   0.027804594099408525   0.000016452816464342774
319.25   0.027830648155862475   0.000016481197658534458
319.5   0.027858000339597278   0.000016511527195710716
319.75   0.027886668602169314   0.00001654199898685974
320.   0.027916671695552633   0.00001657077929549666
320.25   0.02794799382841184   0.0000165895259781334
320.5   0.02798070476902039   0.00001660537682864263
320.75   0.02801484032606149   0.000016619051506671393
321.   0.02805043750389842   0.00001663128109226103
321.25   0.028087537718751   0.00001664348652658501
321.5   0.02812617612785142   0.000016655478537740926
321.75   0.028166392371348804   0.000016667748556699605
322.   0.028208227499990978   0.000016680796639689484
322.25   0.028251839448414123   0.00001669491714272346
322.5   0.02829711153890028   0.000016710927553916674
322.75   0.028344042306131814   0.000016729443839751876
323.   0.028392631126436536   0.00001675109379234941
323.25   0.028442619594594376   0.000016779865664976537
323.5   0.02849436913235757   0.00001681174999922254
323.75   0.028547987771765808   0.000016846043429974638
324.   0.028603586633287603   0.00001688203030332531
324.25   0.02866148724299897   0.000016918943530080387
324.5   0.0287215189637584   0.000016956094918955367
324.75   0.028783718280371205   0.00001699274431579987
325.   0.028848123716125443   0.000017028137190187718
325.25   0.02891473357910661   0.000017056355255110205
325.5   0.028983649786957968   0.000017083778740680165
325.75   0.029054935078614386   0.000017111717746680706
326.   0.02912865511503819   0.00001714151053424688
326.25   0.029204870910911476   0.00001717897237679268
326.5   0.029283665255991537   0.000017219314776726964
326.75   0.02936511682102998   0.00001726214236223978
327.   0.029449308025467927   0.00001730705239942418
327.25   0.02953632114462123   0.00001735159642010292
327.5   0.029626252527920734   0.000017398190082767247
327.75   0.02971919897562063   0.00001744724483775361
328.   0.029815262099881723   0.000017499183564091675
328.25   0.029914538914088948   0.000017557105211943543
328.5   0.030017155117193155   0.00001761775437727572
328.75   0.03012323271847745   0.000017680494278927206
329.   0.030232900036435494   0.00001774467398662029
329.25   0.03034631109033737   0.000017806136162989882
329.5   0.030463581791507623   0.00001786905021285167
329.75   0.030584854273101512   0.000017934159851310246
330.   0.03071027870530369   0.000018002231236010542
330.25   0.030840042688429062   0.000018080828449148668
330.5   0.030974274261550874   0.00001816136029454178
330.75   0.031113139493235013   0.00001824186521357435
331.   0.031256814802054556   0.00001832032671228224
331.25   0.03140537088845744   0.000018381513998714582
331.5   0.031559169558759814   0.000018441546799436277
331.75   0.03171847194002978   0.000018503681048343753
332.   0.03188355480294635   0.000018571278008117326
332.25   0.032054839342694326   0.000018659115191873152
332.5   0.03223246080387433   0.000018755112727299245
332.75   0.032416698081856876   0.000018858291036989055
333.   0.03260784985629901   0.000018967645340090173
333.25   0.032806181922829594   0.00001907849842351087
333.5   0.033012113507415286   0.00001919484094795516
333.75   0.03322603687757457   0.000019317104048846628
334.   0.03344837337577299   0.00001944574415217596
334.25   0.033679590805023196   0.000019582510043343853
334.5   0.03392015730729778   0.000019726165397200436
334.75   0.03417059369198984   0.00001987672744931328
335.   0.03443146312863322   0.000020034227538895777
335.25   0.03470332198542559   0.00002019813041287284
335.5   0.03498690642324718   0.000020369306136546934
335.75   0.03528295874896306   0.00002054808484413775
336.   0.035592286641180824   0.00002073483063972965
336.25   0.035915882175896495   0.000020929820197554706
336.5   0.03625455396178741   0.000021133671501752538
336.75   0.036609308988257705   0.000021346930497830197
337.   0.0369812551174111   0.000021570200116484163
337.25   0.0373715281054561   0.000021803479527792285
337.5   0.03778159776732906   0.00002204843011537796
337.75   0.03821299906548691   0.000022306160662533966
338.   0.03866743713401146   0.00002257789214760317
338.25   0.03914681623751055   0.000022865721648609876
338.5   0.03965325533049737   0.000023170117676759457
338.75   0.040189136602276514   0.000023492425234972703
339.   0.04075714320888845   0.000023834164089231033
339.25   0.04136039850751538   0.000024198169105040613
339.5   0.04200222608853617   0.000024584880074849606
339.75   0.042686518051614476   0.000024996058846018088
340.   0.04341773829879119   0.00002543376240442556
340.25   0.04420080404575703   0.000025897495546728075
340.5   0.045041991406241405   0.000026394059356424694
340.75   0.04594835381867262   0.0000269280853915342
341.   0.04692815714942093   0.00002750495961100495
341.25   0.04799131503709295   0.000028133139127330353
341.5   0.049149191571379446   0.000028817155696766815
341.75   0.05041557843801581   0.000029564902919763297
342.   0.05180711603681279   0.000030385924328758866
342.25   0.05334424473311701   0.00003128972416919087
342.5   0.05505149714382452   0.00003229343030519937
342.75   0.05695941844358028   0.00003341568069893463
343.   0.05910599658785068   0.000034679597644214904
343.25   0.061538278419663806   0.00003612164635205691
343.5   0.06431618338616067   0.00003776776449061929
343.75   0.06751373589913479   0.00003965904412060265
344.   0.07122137035956726   0.00004184568161028162
344.25   0.07554558542743334   0.00004438556597274684
344.5   0.08060162289079831   0.00004734286054961202
344.75   0.08649687368996374   0.00005077483398592403
345.   0.09330041497636529   0.00005471439931986601
345.25   0.10100812801734914   0.00005910181001007535
345.5   0.10952303293304332   0.00006392788940266804
345.75   0.11867132295388365   0.00006910335094439768
346.   0.12824456939368759   0.0000745254995288939
346.25   0.13804259230168114   0.00008019401399834588
346.5   0.14790165931788632   0.00008593183781950528
346.75   0.15769958694483197   0.00009165900461994803
347.   0.16735222644747508   0.00009731328157892117
347.25   0.17680608518402824   0.0001027838959098551
347.5   0.18602778559946992   0.00010811083434465033
347.75   0.19499970481722617   0.00011328961089214372
348.   0.20371439003380792   0.00011832294002399146
348.25   0.21217056895935876   0.0001232448671761697
348.5   0.22037238993104347   0.00012803181975770588
348.75   0.22832621686191656   0.00013268512047788313
349.   0.23603998553041156   0.0001372063976618517
349.25   0.2435226531280115   0.00014160977750982085
349.5   0.2507831224839307   0.0001458795199867862
349.75   0.25783050499604465   0.00015001050207366873
350.   0.26467375601850607   0.00015399643066715143
350.25   0.27132135868445434   0.00015777243535709663
350.5   0.2777819017801171   0.0001614077818788423
350.75   0.2840634107869138   0.0001649187056094577
351.   0.2901735150174005   0.00016832258446054495
351.25   0.2961198574583734   0.00017167758517449064
351.5   0.3019087206110428   0.0001749489861397419
351.75   0.3075463901200789   0.00017813955391902882
352.   0.3130387808325775   0.00018125166225326308
352.25   0.3183909801946121   0.00018426905963379961
352.5   0.32360887438548547   0.00018721839255495833
352.75   0.32869759593598946   0.00019010897881100672
353.   0.333662000900639   0.00019295034351750408
353.25   0.33850703488372996   0.00019582507340701983
353.5   0.34323657809052444   0.00019864303102198094
353.75   0.34785461338852003   0.00020138275949759823
354.   0.35236490630496925   0.0002040211687234498
354.25   0.35677126195592596   0.0002064181014785361
354.5   0.36107672065320734   0.0002087063762829085
354.75   0.3652843756793368   0.00021090799184882088
355.   0.369397150167155   0.00021304612131291026
355.25   0.37341691663892684   0.0002151935197809335
355.5   0.37734751938166144   0.00021730879070357639
355.75   0.3811918139460369   0.00021939775033599397
356.   0.3849525428098594   0.0002214662804029127
356.25   0.3886330282280962   0.00022352936344429883
356.5   0.3922348618377664   0.0002255805366766097
356.75   0.39576019896022974   0.0002276220518280335
357.   0.3992110960645243   0.00022965606407085207
357.25   0.40258962910471036   0.00023173417032335258
357.5   0.40589751833210314   0.00023378985561623133
357.75   0.4091365095133625   0.00023580412368438404
358.   0.41230826860395997   0.00023775707963357326
358.25   0.41541390174233883   0.00023954659707511297
358.5   0.4184555985824108   0.0002412636787560051
358.75   0.42143501414835643   0.00024292005297721448
359.   0.4243537468179761   0.00024452788559415945
359.25   0.4272141325184238   0.0002461350138213403
359.5   0.4300165694647972   0.0002477056172266922
359.75   0.43276217296630265   0.00024923836507635976
360.   0.4354520018108081   0.00025073182764157016
360.25   0.4380854143672622   0.00025215834971259546
360.5   0.440665647052568   0.0002535525414754735
360.75   0.4431942909203859   0.0002549235909849998
361.   0.445672911615114   0.00025628093997703437
361.25   0.44810451311759003   0.00025769488351085436
361.5   0.45048858607846326   0.00025909126906569434
361.75   0.45282602074680617   0.00026045506569483346
362.   0.45511766977351187   0.0002617707380362404
362.25   0.4573643659233125   0.0002629304085209755
362.5   0.45956686895306936   0.00026404507920449547
362.75   0.46172592122393474   0.0002651358698167073
363.   0.4638422331636444   0.00026622448644554115
363.25   0.4659167269420538   0.00026748480266944525
363.5   0.4679497161671808   0.000268729098758886
363.75   0.4699417224995498   0.00026991802716688383
364.   0.4718932377664345   0.00027101115883394837
364.25   0.47380226661038555   0.00027172782218299804
364.5   0.4756726606906677   0.00027235787289428375
364.75   0.4775058440008292   0.0002729565646351448
365.   0.47930323943901426   0.00027358056458499024
365.25   0.4810690758729144   0.0002744818893420264
365.5   0.4828008731914425   0.0002754502931401094
365.75   0.48449889599140217   0.00027646654412475497
366.   0.4861633824656676   0.0002775108709483922
366.25   0.48779400594883215   0.0002784772395566488
366.5   0.4893917042075086   0.00027946406756149724
366.75   0.490956862919518   0.0002804853200204599
367.   0.4924898492448167   0.00028155523569006307
367.25   0.49398904227081397   0.0002828473790131401
367.5   0.49545751478160477   0.000284155235509833
367.75   0.496896391553368   0.000285428460642692
368.   0.49830679785160803   0.00028661560691253075
368.25   0.4996926564800919   0.00028743992034027286
368.5   0.5010512018822294   0.00028815985557630356
368.75   0.5023824138195723   0.00028881281282165476
369.   0.5036862505054293   0.0002894369873400663
369.25   0.5049612622227568   0.00029022376400057276
369.5   0.5062092964122025   0.0002910007208410689
369.75   0.5074308184126348   0.0002917458729408589
370.   0.5086262847950921   0.00029243679764420733
370.25   0.5097963202310646   0.00029293573284922816
370.5   0.5109411187038047   0.0002933794084607916
370.75   0.5120610398163103   0.00029379118861264125
371.   0.5131564341618933   0.00029419487667608606
371.25   0.5142272268657901   0.0002946831091049825
371.5   0.5152743316735041   0.0002951852772958338
371.75   0.5162982441376889   0.00029569847787297714
372.   0.51729945472141   0.00029621973602025453
372.25   0.5182788441705027   0.00029675267303916537
372.5   0.5192363427350363   0.00029728488820209904
372.75   0.5201722651223134   0.0002978104755375987
373.   0.5210869189408376   0.0002983234175431615
373.25   0.5219806424417367   0.0002987966793717199
373.5   0.5228536772793907   0.00029925315852107087
373.75   0.5237062955522569   0.00029969505051258933
374.   0.5245387627407784   0.00030012458163143814
374.25   0.5253510765236192   0.0003005407416087182
374.5   0.5261438538825216   0.0003009503698011564
374.75   0.526917448055707   0.0003013571148551782
375.   0.5276722079256195   0.00030176467468456185
375.25   0.528408950560098   0.0003022006604291598
375.5   0.5291273579807847   0.0003026356011143422
375.75   0.5298275741378987   0.0003030636098494303
376.   0.5305097362731841   0.00030347870399601446
376.25   0.5311734088234948   0.0003038477095324877
376.5   0.5318195054812518   0.00030420223408829996
376.75   0.5324483748921606   0.00030454705450802603
377.   0.5330603628042152   0.0003048870129102203
377.25   0.533656067647176   0.00030524104341663025
377.5   0.5342354733626787   0.00030559455614417906
377.75   0.5347988134848817   0.00030594687315231903
378.   0.5353463175544028   0.00030629730069476723
378.25   0.5358782051040738   0.00030666546873912127
378.5   0.5363947064777509   0.0003070222880989516
378.75   0.5368960422624619   0.0003073587448540483
379.   0.5373824294368296   0.00030766570209649107
379.25   0.5378540814521222   0.0003079339017046856
379.5   0.5383112083108741   0.00030815396608040423
379.75   0.5387540166431312   0.0003083163998499223
380.   0.5391827097804442   0.00030841159153034296
