310.   0.03656382372413597   0.000043065027243129283
310.25   0.03660713189604136   0.00004304909675931315
310.5   0.03665221009235169   0.0000430399342620624
310.75   0.036699143535145334   0.00004303862430659821
311.   0.03674801962647578   0.000043046273895278725
311.25   0.03679892803730845   0.00004306401338136114
311.5   0.03685196080084762   0.00004309299741676798
311.75   0.03690721241050909   0.000043134405946421745
312.   0.036964779922813884   0.00004318944525188774
312.25   0.03702499923625785   0.00004329737230898695
312.5   0.037087644187225204   0.000043406532869423165
312.75   0.03715272329977702   0.000043502619368809636
313.   0.03722024604903114   0.00004357102059177346
313.25   0.0372900891915616   0.00004350872223871217
313.5   0.03736245026875916   0.00004342301969401476
313.75   0.03743739679905433   0.000043334491527941784
314.   0.03751499867433702   0.000043264170388377335
314.25   0.03759538074105347   0.00004330945969866509
314.5   0.03767854498671196   0.00004338680063120442
314.75   0.03776454751694647   0.00004348749916096894
315.   0.03785344677169554   0.00004360266535679635
315.25   0.03794506296092123   0.00004371327973839742
315.5   0.03803979416706991   0.00004382383203110096
315.75   0.038137805648262905   0.00004392887569069039
316.   0.038239267946311474   0.00004402283052005553
316.25   0.03834471428989572   0.00004406178667168752
316.5   0.038453830185492366   0.000044092956285252954
316.75   0.038566656325893664   0.00004412607010365912
317.   0.03868323595684741   0.00004417110983636601
317.25   0.038803228614912144   0.00004427638217334939
317.5   0.038927219892737314   0.000044399528958628526
317.75   0.039055421162473604   0.000044535638555769445
318.   0.03918805134900345   0.000044679670465514166
318.25   0.03932607501424247   0.00004481823297562266
318.5   0.03946870297042249   0.000044957416664077545
318.75   0.03961587400358164   0.000045095152699226765
319.   0.03976752728800739   0.000045229313328691325
319.25   0.03992273668375463   0.000045351029017091566
319.5   0.04008264393302903   0.00004546731619164299
319.75   0.040247548564511286   0.00004557862014675999
320.   0.040417761762642654   0.000045685398981166
320.25   0.04059425370456298   0.00004577385060390345
320.5   0.04077646382257961   0.000045864263513894265
320.75   0.040964473791109145   0.00004596307048009916
321.   0.041158371092186084   0.000046076915804395335
321.25   0.041357676170072334   0.00004623627414602925
321.5   0.04156328400608179   0.00004641552116058899
321.75   0.04177554055356787   0.000046612182685160626
322.   0.04199480757685649   0.00004682370753203155
322.25   0.04222205956269478   0.00004704973742039972
322.5   0.042456867324834065   0.000047284400282888226
322.75   0.04269939760474093   0.0000475239333593565
323.   0.042949828180188644   0.00004776443952996501
323.25   0.04320775583839137   0.000047976846317563884
323.5   0.04347420354436106   0.000048191620455017015
323.75   0.04374963526520331   0.00004841488987626858
324.   0.04403453941587616   0.000048653029513036414
324.25   0.044329832391956835   0.00004893288695031958
324.5   0.04463550103908959   0.00004923342697577775
324.75   0.04495194939920168   0.0000495533844752728
325.   0.04527960662912887   0.00004989145326476686
325.25   0.045619169213087646   0.000050224255702066094
325.5   0.045970790304303365   0.000050580840483168205
325.75   0.04633488525015847   0.000050969049172543674
326.   0.04671189855797227   0.000051397102700547484
326.25   0.047101106419030904   0.0000519277859499097
326.5   0.0475046756439455   0.0000524953997481072
326.75   0.047923661499881705   0.00005308656225823947
327.   0.04835918514172295   0.00005368724820311874
327.25   0.04881387979457783   0.00005422705415331567
327.5   0.04928702943864551   0.00005476728254218134
327.75   0.049779376348855375   0.000055315317930405494
328.   0.05029172129799755   0.00005587895501912776
328.25   0.0508239234375998   0.000056509822564670556
328.5   0.05137830203977436   0.00005715690632888053
328.75   0.05195629851284785   0.00005781091161777402
329.   0.05255946444225595   0.00005846200559423393
329.25   0.053189870063456275   0.000059055432494522756
329.5   0.0538487749348539   0.00005964106144013496
329.75   0.05453796110197285   0.000060226185032211486
330.   0.05525936176701877   0.00006081857967462761
330.25   0.056016292910967214   0.00006141047284193855
330.5   0.05680937327436502   0.00006203284121615365
330.75   0.0576405684089471   0.00006270223254024136
331.   0.05851203461334543   0.00006343645410970285
331.25   0.059423801724583634   0.00006430760847674908
331.5   0.060381679308633356   0.00006526410264663146
331.75   0.061389566037614786   0.00006630535975891123
332.   0.062451746889889984   0.00006743086375469931
332.25   0.0635743031965068   0.00006859789836102887
332.5   0.0647605919123621   0.00006986377330559646
332.75   0.06601578413860544   0.00007124689674325481
333.   0.06734563004450804   0.00007276754930565781
333.25   0.06875651484315544   0.00007456082182343292
333.5   0.07025564056406183   0.00007649840729990402
333.75   0.07185105447436929   0.0000785575323108772
334.   0.07355180629223748   0.00008071317819652616
334.25   0.07536842587493293   0.0000828709197398029
334.5   0.07731203607300041   0.00008509039494776526
334.75   0.07939561815769618   0.00008736763930396982
335.   0.08163397438652303   0.00008969824474797213
335.25   0.08404166423806218   0.00009190025059958278
335.5   0.08664137106028132   0.00009420606655749165
335.75   0.08945668650480847   0.00009669148201362427
336.   0.09251496109402099   0.00009944372717975173
336.25   0.09585199373205637   0.00010283761514069613
336.5   0.09949986255661086   0.00010662627084323482
336.75   0.10350064682413929   0.00011081807318261963
337.   0.1079041947769984   0.00011542311113024494
337.25   0.11276571623504571   0.0001202015577196423
337.5   0.11816200109321429   0.00012549927908371263
337.75   0.1241811706998025   0.00013145698835229357
338.   0.130930429297926   0.00013824657327029033
338.25   0.1385448566389181   0.0001463776469616188
338.5   0.14718208367994323   0.00015572912279273983
338.75   0.15704250061927114   0.00016647930937695022
339.   0.16837778078692522   0.00017885041346908513
339.25   0.1815052548644769   0.00019285692218302513
339.5   0.19683366150734377   0.00020918160515143885
339.75   0.21488724851153404   0.0002284132675205752
340.   0.23634440083478292   0.00025131773760968143
340.25   0.2620841388777755   0.0002791443237228521
340.5   0.2932485873246184   0.0003129006704597195
340.75   0.3312981502728653   0.00035412841393565186
341.   0.37804677211523213   0.00040472786424189774
341.25   0.43560404788135376   0.0004665829466577978
341.5   0.5060324391170115   0.0005420985650743706
341.75   0.5904517418993083   0.0006324349170384408
342.   0.6871012452717553   0.0007356606491612443
342.25   0.7883401463262321   0.0008435107054667501
342.5   0.8785423772912997   0.0009393224517996547
342.75   0.9377135005446107   0.0010018168261281988
343.   0.9534746267334626   0.001017938265441131
343.25   0.9315689218056817   0.0009941924963124175
343.5   0.8915004389576666   0.0009512412194790905
343.75   0.8524004854063055   0.0009094968769832539
344.   0.8239996843738903   0.000879330657420077
344.25   0.8067525224861166   0.0008613989406674024
344.5   0.7966239758719613   0.0008511568605867539
344.75   0.7896854594563544   0.0008443546600658787
345.   0.7838904000633076   0.0008387480513531076
345.25   0.7786532989371443   0.0008333948691033709
345.5   0.7739982647951781   0.000828623515376765
345.75   0.7700676968696567   0.0008246291901640622
346.   0.7669147937438959   0.000821511348238413
346.25   0.7644726808490339   0.0008199540567584668
346.5   0.7626505192306495   0.0008189053864011723
346.75   0.7613308271129156   0.0008179969060088597
347.   0.7604070565559202   0.0008168688441804805
347.25   0.7598076067809655   0.0008135006380910794
347.5   0.7594413334884222   0.0008099062522054304
347.75   0.7592493140694098   0.0008064516409521618
348.   0.7591855521513579   0.0008035221712679062
348.25   0.7592036713375718   0.0008032292811315547
348.5   0.7592896850369907   0.0008036059790681987
348.75   0.7594251121096165   0.0008043869358048421
349.   0.7595958738582992   0.0008053082473047927
349.25   0.7597964902086198   0.0008053115589467472
349.5   0.7600115053945622   0.00080524023401073
349.75   0.7602326291882349   0.0008051515169520702
350.   0.7604530903320658   0.0008051051972679063
350.25   0.7606653195956758   0.0008054158952002301
350.5   0.7608674287588194   0.0008057952429339812
350.75   0.7610563078672768   0.0008062060667768314
351.   0.7612294445795282   0.0008066113448928253
351.25   0.7613778617664871   0.0008067205360026559
351.5   0.7615096023120327   0.0008068501806804763
351.75   0.7616261648110442   0.0008070662285783075
352.   0.7617293436002184   0.0008074357914949472
352.25   0.761839494154163   0.000808153460882709
352.5   0.7619333303788882   0.0008091122305594535
352.75   0.7620058426459532   0.000810330982980444
353.   0.7620520829012681   0.0008118289142908802
353.25   0.7620435981013368   0.0008141668458574156
353.5   0.7620083567285431   0.0008166093876409681
353.75   0.761951061894372   0.0008189565732799938
354.   0.7618765363555927   0.0008210059989869341
354.25   0.7617989040466354   0.000821983338480495
354.5   0.7617103726151837   0.0008224759722219351
354.75   0.7616123334872298   0.0008225056623670753
355.   0.7615062201734   0.0008220945692695281
355.25   0.7614171480752302   0.0008208684651187814
355.5   0.7613136278032964   0.0008194039124281922
355.75   0.7611875950489257   0.000817885240311543
356.   0.7610309037008192   0.0008164989419409845
356.25   0.7608035210423005   0.0008162591631710698
356.5   0.7605415181607471   0.0008162045610702521
356.75   0.7602494002757465   0.0008161930216371925
357.   0.7599317281480829   0.0008160808303422035
357.25   0.7596027729507471   0.0008149889554958263
357.5   0.7592537214745745   0.0008137946438580552
357.75   0.7588853731307728   0.0008126470069031365
358.   0.7584985343377441   0.0008116967428548334
358.25   0.7580929010218778   0.0008117888801014119
358.5   0.7576708497239368   0.0008121101912741375
358.75   0.7572336554733252   0.0008125352508908592
359.   0.7567826018871707   0.0008129373103736369
359.25   0.756326567834121   0.0008125615555130896
359.5   0.7558562604120997   0.0008121536336508745
359.75   0.7553699127417965   0.0008118368051091438
360.   0.7548657349789089   0.0008117355319834198
360.25   0.7543329254126865   0.0008126021211611324
360.5   0.7537821988149338   0.0008136884494087151
360.75   0.7532153362232142   0.0008148687731099803
361.   0.7526341300086283   0.0008160161222683616
361.25   0.7520442636122306   0.0008165275310393489
361.5   0.7514421332035931   0.0008169365902064844
361.75   0.7508279930064408   0.0008173048950976886
362.   0.7502020932609482   0.0008176946091444262
362.25   0.7495672486471852   0.0008185348934062006
362.5   0.7489201146454394   0.0008193773098900503
362.75   0.7482598904789781   0.0008201374524545115
363.   0.7475857623615544   0.0008207301697951006
363.25   0.7468917171255232   0.0008212143742221261
363.5   0.7461841587158632   0.0008213012441139221
363.75   0.7454643322602964   0.0008208449217910044
364.   0.7447334879343892   0.0008196983658314909
364.25   0.7439975285505802   0.0008163202032762353
364.5   0.7432512226624957   0.0008125068887907731
364.75   0.7424939564073846   0.0008086710230845339
365.   0.7417251054322792   0.0008052286208686438
365.25   0.7409411579361145   0.0008041353983271534
365.5   0.740145487734941   0.000803668085560775
365.75   0.7393386023234452   0.0008036318817947437
366.   0.7385210083198611   0.0008038303644530445
366.25   0.7376943113837583   0.000803661314624843
366.5   0.7368574799166419   0.000803489769105012
366.75   0.7360105736673599   0.0008032778488080518
367.   0.7351536481842574   0.0008029873803254579
367.25   0.734285597558907   0.0008023462917791526
367.5   0.7334080858844256   0.000801642185416164
367.75   0.7325216237578033   0.0008009303566851727
368.   0.7316267212153558   0.0008002665110477933
368.25   0.7307250760826978   0.0007999591977458489
368.5   0.7298155370716988   0.0007997122413619648
368.75   0.7288981329041901   0.0007994806420528044
369.   0.7279728883904915   0.0007992190669251
369.25   0.7270402181124103   0.0007988291869397637
369.5   0.7260995892758166   0.000798338605314
369.75   0.7251508564758066   0.0007977222736810604
370.   0.7241938695484303   0.000796954975637764
370.25   0.7232267140209417   0.0007957294332306623
370.5   0.7222516890994705   0.0007944139860374989
370.75   0.7212693406645757   0.000793096653349692
371.   0.7202802148326242   0.0007918660500663612
371.25   0.7192890409887935   0.0007915845246517187
371.5   0.7182905205548945   0.0007912614994041629
371.75   0.7172835132330473   0.0007906754943767811
372.   0.7162668681092894   0.0007896035850763601
372.25   0.7152300048833706   0.0007865827210397345
372.5   0.7141849141734462   0.0007831181512367302
372.75   0.7131342121198722   0.0007794822201828615
373.   0.7120805285852028   0.0007759490294073529
373.25   0.7110349519897929   0.0007735839418325412
373.5   0.7099883370947213   0.0007715611259944405
373.75   0.7089399493149879   0.0007698415192079748
374.   0.7078890463792199   0.0007683857861838394
374.25   0.7068371953198253   0.0007671747830691673
374.5   0.7057804008206859   0.0007661400464056875
374.75   0.7047169644262808   0.0007652331999305667
375.   0.7036451749324724   0.0007644055613623864
375.25   0.7025528422355415   0.000763467318835052
375.5   0.7014528583937989   0.0007625660182075433
375.75   0.700347692517662   0.0007617088322109596
376.   0.6992398258549299   0.0007609029696264302
376.25   0.6981367576492641   0.0007602151695237208
376.5   0.6970339959607328   0.0007595695549225438
376.75   0.6959320406715314   0.0007589494709311259
377.   0.6948313919131088   0.0007583381631529986
377.25   0.6937396335025137   0.0007578617440384052
377.5   0.6926473650361789   0.0007573034317543049
377.75   0.6915522342194746   0.0007565885959572154
378.   0.6904518735301615   0.0007556421998033087
378.25   0.6893383463866276   0.0007533652846172254
378.5   0.6882170190593194   0.0007511127279563592
378.75   0.6870877163103416   0.0007492204980459363
379.   0.6859502603032979   0.0007480263545020113
379.25   0.6848044706409073   0.0007478698242323296
379.5   0.6836501644019626   0.0007490921777251032
379.75   0.6824871561776322   0.000752036405717312
380.   0.6813152581071356   0.0007570471962343957
