310.   0.0113839028409152   0.0000373835576017079
310.25   0.011391127223380015   0.000037341235516711026
310.5   0.011397191538784228   0.00003730836942421298
310.75   0.011402323219139083   0.00003728416271982638
311.   0.01140675204689727   0.00003726781136082908
311.25   0.011410710227511662   0.00003725850363708872
311.5   0.01141443246459872   0.00003725541993391257
311.75   0.011418156037823188   0.00003725773248646105
312.   0.011422120883627972   0.00003726460512534752
312.25   0.011427255876327747   0.00003727270811005315
312.5   0.01143284896335656   0.0000372846552290553
312.75   0.011438870222576654   0.00003730059143525646
313.   0.011445289484515465   0.000037320663961732866
313.25   0.011452369262684867   0.00003735905152387517
313.5   0.01145967014205187   0.000037396331703324976
313.75   0.011467042273459674   0.00003742696520637091
314.   0.011474334079994783   0.000037445345970201934
314.25   0.01148027360615676   0.00003741074572692762
314.5   0.011486266173248555   0.0000373663201603604
314.75   0.011492608930411959   0.00003732048434821817
315.   0.011499602823732049   0.00003728175789984272
315.25   0.011508627797645816   0.000037290221032652315
315.5   0.011518493197777358   0.00003731074095997041
315.75   0.011529075300484403   0.000037339391944359485
316.   0.011540248948599442   0.00003737219874294553
316.25   0.011551452081561027   0.000037392095002360624
316.5   0.01156316378553095   0.000037413187319528326
316.75   0.011575431351456833   0.00003743664362632465
317.   0.011588302872349533   0.000037463648232350105
317.25   0.011602201221674489   0.00003750147044411423
317.5   0.011616654747384146   0.00003754286777015642
317.75   0.011631561968421824   0.00003758660814603489
318.   0.011646820137998502   0.000037631442786388934
318.25   0.011662185354672092   0.00003767495868805702
318.5   0.011677747166351622   0.00003771747070148205
318.75   0.011693455695464153   0.000037758143126748666
319.   0.011709260463717178   0.00003779612796792794
319.25   0.011724284000627638   0.000037824861003070756
319.5   0.011739626431115365   0.00003785141824020048
319.75   0.011755572132645048   0.00003787723639131648
320.   0.011772410112500943   0.00003790377461230326
320.25   0.011791500094361942   0.000037932328769496
320.5   0.011811655466596821   0.00003796466569022986
320.75   0.011832745473679863   0.00003800239349350335
321.   0.011854637577720867   0.00003804714782946043
321.25   0.011876918706850354   0.000038109659852525515
321.5   0.011899840828014109   0.00003817899105280516
321.75   0.01192337940877845   0.00003825316471612386
322.   0.0119475098144226   0.0000383301721043034
322.25   0.011972143122819145   0.00003839504144434507
322.5   0.01199734389657273   0.0000384637061127283
322.75   0.012023113422018849   0.000038539337558845843
323.   0.012049453360588023   0.000038625166194248315
323.25   0.012075891979078468   0.00003874734733636566
323.5   0.012103091537811111   0.00003887739856001838
323.75   0.01213124881640704   0.00003900938831961402
324.   0.012160564804036798   0.00003913727476738992
324.25   0.01219220842105151   0.0000392299087570981
324.5   0.01222504830525986   0.000039315805272443215
324.75   0.012258904585979714   0.00003939879870686096
325.   0.012293594421890043   0.00003948279998388377
325.25   0.012328098523481112   0.00003958505911372635
325.5   0.012363387473140698   0.000039691198764715024
325.75   0.01239961053391147   0.00003979994337772142
326.   0.012436920792602078   0.00003990999262413699
326.25   0.012476192368319679   0.00004001288107950397
326.5   0.01251658909873599   0.00004011718726293189
326.75   0.01255798224616617   0.000040224461864057416
327.   0.012600241040086866   0.0000403362926813588
327.25   0.012642489626831406   0.00004046286009509623
327.5   0.01268562609692781   0.000040593937126224605
327.75   0.012729818715185397   0.00004072771578879829
328.   0.012775240759446806   0.00004086234823516537
328.25   0.012822100921086974   0.00004098722665382159
328.5   0.012870541564828291   0.00004111253540648896
328.75   0.012920740461609402   0.000041239887305096655
329.   0.012972881396280337   0.000041370939276698126
329.25   0.01302771037739853   0.00004150719223906541
329.5   0.013084652123274367   0.00004165068122374892
329.75   0.013143681271733335   0.00004180329598414714
330.   0.013204773784635066   0.00004196698462887652
330.25   0.01326802249648149   0.000042154844241271
330.5   0.0133332461133113   0.000042353555851606916
330.75   0.013400377567275948   0.000042560676591977275
331.   0.013469350249763283   0.000042773701324602646
331.25   0.013539338445027456   0.000042980909108132604
331.5   0.013611330921741662   0.00004319235538735881
331.75   0.013685578297016282   0.000043409120882418
332.   0.013762342273594517   0.000043632329281714646
332.25   0.01384236506035099   0.00004386258933022715
332.5   0.013925283448316176   0.00004410189898107762
332.75   0.01401120288548937   0.00004435176536339797
333.   0.014100237053197797   0.00004461376195643383
333.25   0.014192559954509265   0.00004489621466661921
333.5   0.014288232945927954   0.000045191590245142796
333.75   0.014387377823936795   0.000045498905909803916
334.   0.014490127353737559   0.00004581716345682885
334.25   0.014596327841436352   0.000046135828382373125
334.5   0.014706550622731684   0.00004646704724381638
334.75   0.014821093690211888   0.000046813763715694425
335.   0.014940276584624082   0.000047179072339325804
335.25   0.015064550131362204   0.00004757761391742861
335.5   0.015194135407124243   0.00004799709606209304
335.75   0.015329386036696684   0.000048436366197909075
336.   0.015470686030487044   0.00004889426761053325
336.25   0.015618728847515567   0.0000493611640599353
336.5   0.015773590039658426   0.00004984759712109218
336.75   0.015935651435348083   0.00005035599840729103
337.   0.0161053367279403   0.00005088899251178721
337.25   0.016282813457743833   0.00005145536289420052
337.5   0.016469024923507096   0.00005205000868515316
337.75   0.01666468702443416   0.00005267376002356277
338.   0.016870593718063244   0.000053327611044597814
338.25   0.01708773888739121   0.000054007363988472914
338.5   0.017316957153291665   0.0000547218225181328
338.75   0.01755930655836616   0.000055474964109086576
339.   0.01781598019271929   0.000056271228288456034
339.25   0.018088095122026963   0.00005712467900912916
339.5   0.01837750764618175   0.00005802847092895844
339.75   0.018686073875694254   0.00005898500284220878
340.   0.019015917642698953   0.000059997229964935354
340.25   0.019370093439264654   0.00006104298160021984
340.5   0.01975059449371538   0.0000621619100657885
340.75   0.020160442881765897   0.00006337083845687438
341.   0.020603199897468474   0.00006468894544548418
341.25   0.021082355583735155   0.00006617045514896855
341.5   0.021603951314145508   0.00006779731847381264
341.75   0.022174389119641282   0.00006958503446584103
342.   0.02280140455911657   0.00007155279121849308
342.25   0.023494926377744595   0.00007371130832971836
342.5   0.024265872050431205   0.00007610815569153841
342.75   0.02512838237260736   0.00007878705479798783
343.   0.02610015061073472   0.00008180271542030674
343.25   0.027203591630429905   0.00008521497462159089
343.5   0.028466619002507465   0.00008912264298817623
343.75   0.029924496015805827   0.00009363929743685951
344.   0.03162088223284573   0.00009890548209487126
344.25   0.033606673870634485   0.00010511321615580888
344.5   0.035941147358787194   0.00011241875080401394
344.75   0.03867971486533388   0.00012098960875560288
345.   0.0418593082873772   0.0001309335433090239
345.25   0.0454813808186172   0.00014220805264924987
345.5   0.04949539753713084   0.00015468658528310108
345.75   0.053813003249036505   0.00016809521514998883
346.   0.05832945944343891   0.00018211131091702416
346.25   0.06294033817967769   0.0001964688494679375
346.5   0.06757391749006725   0.0002108868397413136
346.75   0.07217562578971108   0.00022517891235570496
347.   0.07671032192015112   0.00023921556300869032
347.25   0.08117822141341662   0.0002528598469369548
347.5   0.08554303789575896   0.0002661212488443275
347.75   0.08979219727093422   0.00027898890014904746
348.   0.09391645670634759   0.00029146865792570276
348.25   0.09787984622165248   0.0003036165260064148
348.5   0.10171365639271772   0.0003154061020636411
348.75   0.1054250660173952   0.00032684926174577364
349.   0.10902265375499477   0.0003379593304498274
349.25   0.1125311240518047   0.00034876084756362425
349.5   0.11594054777759578   0.0003592530716323069
349.75   0.11925492175534506   0.0003694442234287784
350.   0.12247802547060656   0.00037934129470496464
350.25   0.12561169579005765   0.0003889270069083672
350.5   0.128661460798731   0.0003982368102034611
350.75   0.1316310408419639   0.00040728405849660475
351.   0.13452393890035974   0.00041608167920962057
351.25   0.137344590340548   0.00042465544883614877
351.5   0.14009451649550936   0.0004329993418551592
351.75   0.14277609635337138   0.00044111914636072325
352.   0.1453914858530137   0.0004490198399307827
352.25   0.1479401956004692   0.0004566899728577521
352.5   0.15042730838433532   0.0004641544848875493
352.75   0.15285545391847008   0.00047142305238833505
353.   0.15522715737762485   0.0004785051595177271
353.25   0.1575463211335343   0.00048539814916224826
353.5   0.15981326103269008   0.0004921276183378127
353.75   0.1620295964331292   0.0004987077767954548
354.   0.1641968346085783   0.0005051530141189926
354.25   0.16631649796063913   0.0005115169278352116
354.5   0.16838972651504114   0.0005177605593688047
354.75   0.1704176823203909   0.0005238820958860948
355.   0.1724014392346442   0.0005298790487665516
355.25   0.17433919912253784   0.000535727173601404
355.5   0.17623572211295258   0.0005414518363202714
355.75   0.1780930383178892   0.0005470577042629465
356.   0.1799131650086732   0.0005525493043804953
356.25   0.1817022451451787   0.0005579039620562015
356.5   0.18345656431588608   0.0005631633411891271
356.75   0.18517636071444193   0.000568343080617637
357.   0.18686179263020228   0.0005734592054605212
357.25   0.18851145699613964   0.0005786359090563482
357.5   0.1901274170166397   0.0005837409202348659
357.75   0.19171023913331225   0.0005887459254099433
358.   0.19326044799734282   0.0005936211885884526
358.25   0.19477416535719044   0.0005981927165546268
358.5   0.19625787830797442   0.0006026258299859138
358.75   0.19771383059854591   0.0006069467698376086
359.   0.1991442982327104   0.0006111826843344535
359.25   0.20055807052160632   0.00061543394365076
359.5   0.2019485082990821   0.0006196292258345643
359.75   0.20331527227774002   0.0006237680105019427
360.   0.20465796391049246   0.0006278495863846782
360.25   0.20597412748103   0.0006318763986765679
360.5   0.2072660250806246   0.0006358427424850333
360.75   0.20853392638986715   0.0006397459800345909
361.   0.2097780755493357   0.0006435832640641964
361.25   0.21099726105196848   0.0006473083867024261
361.5   0.21219366468058629   0.0006509779795886016
361.75   0.21336805505503553   0.0006546065491784825
362.   0.21452119646123965   0.0006582089402558507
362.25   0.21564969392435482   0.000662082668677183
362.5   0.21676007307596118   0.000665851272505153
362.75   0.21785481111690702   0.0006694134700814587
363.   0.218936429662278   0.0006726650854064568
363.25   0.22002274921694498   0.0006748338991463162
363.5   0.22109518862652322   0.0006767341204648562
363.75   0.22215008542263182   0.0006785285562424317
364.   0.22318365609185434   0.0006803844581793214
364.25   0.22418154956049083   0.0006831204511394632
364.5   0.22515426941956343   0.0006860132585780393
364.75   0.2261020010239263   0.0006889756861954945
365.   0.22702492419153442   0.0006919181271349491
365.25   0.227922401640201   0.0006945083734126201
365.5   0.22879573148928023   0.0006969861330915604
365.75   0.22964541311237127   0.0006993539013950483
366.   0.23047194898881448   0.0007016142317150624
366.25   0.2312663414932496   0.0007036458337235945
366.5   0.23204231632173744   0.0007056236922921666
366.75   0.23280429712394457   0.000707601527926121
367.   0.2335567961633992   0.0007096342283654617
367.25   0.23430497606334935   0.0007121127093108211
367.5   0.2350527378261646   0.000714628221824689
367.75   0.2358046186365982   0.0007171013906328439
368.   0.23656523338202493   0.0007194510707342659
368.25   0.23738000063583115   0.0007212207281528218
368.5   0.23819700699927773   0.000722845785074666
368.75   0.2390043763716526   0.0007243933460293582
369.   0.2397899753934816   0.0007259318991737156
369.25   0.2404985930401965   0.0007277687490596936
369.5   0.24117721188792957   0.000729644515047274
369.75   0.24183051028027044   0.0007315343468994128
370.   0.24246325776781438   0.0007334128509354416
370.25   0.24306867505529586   0.0007352172965701259
370.5   0.24366791556282427   0.0007369724793480678
370.75   0.2442707789209853   0.000738666502990879
371.   0.24488723562756176   0.0007402872362585805
371.25   0.24559208911168584   0.0007416986148715234
371.5   0.24630557804075848   0.0007430603419800882
371.75   0.2470117176250724   0.0007444102059717767
372.   0.24769422808268335   0.0007457866463164536
372.25   0.24827430808646553   0.0007473960827980747
372.5   0.2488217979459669   0.0007490451023251205
372.75   0.24934499326133883   0.0007507056504632533
373.   0.24985233268641904   0.0007523491560552791
373.25   0.25037250837829716   0.0007538545291042048
373.5   0.2508862131289382   0.0007553203980848453
373.75   0.2513940893624402   0.0007567542588951256
374.   0.2518967839004436   0.0007581637172854573
374.25   0.25240301662703046   0.000759582644648012
374.5   0.2529021979371238   0.0007609824066523737
374.75   0.2533916960065545   0.0007623602579248856
375.   0.2538688332994084   0.0007637133945741798
375.25   0.2543202344753517   0.000765039002727399
375.5   0.2547579819613013   0.0007663340981173529
375.75   0.25518360785017796   0.0007675956877444753
376.   0.2555986647250278   0.0007688207236124461
376.25   0.25600815180059155   0.0007700210227096828
376.5   0.2564088847864708   0.0007711726301869446
376.75   0.25680108029558807   0.0007722662612694283
377.   0.2571849546931852   0.0007732924942863933
377.25   0.257561216104825   0.0007741697303458184
377.5   0.2579293944508197   0.000774988734331325
377.75   0.2582895052116976   0.0007757690117476608
378.   0.2586415609911495   0.0007765303361125552
378.25   0.25898466962624345   0.0007773486701608906
378.5   0.2593200959766226   0.0007781663198419926
378.75   0.25964821126689885   0.0007789810894385635
379.   0.2599693888539125   0.0007797907393195475
379.25   0.26028400420967696   0.0007805929866182385
379.5   0.26059243490432193   0.0007813855058950476
379.75   0.2608950605890425   0.0007821659297854186
380.   0.2611922629790642   0.0007829318496333642
