310.   0.00003318492838143974   2.9293878990268662e-8
310.25   0.000033182739803174865   2.929586235994064e-8
310.5   0.000033181426193581145   2.929696813007669e-8
310.75   0.00003318099933353266   2.929754009689951e-8
311.   0.00003318147131787761   2.929792573331159e-8
311.25   0.00003318285456565066   2.9298476302454986e-8
311.5   0.000033185161830697234   2.929954697537021e-8
311.75   0.00003318840621272751   2.9301496952937746e-8
312.   0.00003319260116882249   2.9304689592298115e-8
312.25   0.00003319777261991949   2.931086763772066e-8
312.5   0.000033203917896949746   2.93184842688069e-8
312.75   0.000033211046697071493   2.9327358333221223e-8
313.   0.00003321916906838144   2.9337306860400247e-8
313.25   0.00003322825758172375   2.9347541073421546e-8
313.5   0.00003323837582213088   2.9358716837147944e-8
313.75   0.000033249550324139096   2.9370890481687643e-8
314.   0.000033261808212714716   2.9384119261293708e-8
314.25   0.0000332752335838212   2.93981588444449e-8
314.5   0.00003328977618008494   2.9413490498477322e-8
314.75   0.000033305442138292226   2.9430297305926028e-8
315.   0.00003332223798374012   2.944876496701686e-8
315.25   0.000033340123554006194   2.9470774478509913e-8
315.5   0.000033359171882325156   2.9494156107664878e-8
315.75   0.00003337940988651621   2.9518416178899116e-8
316.   0.00003340086518954186   2.9543054918667793e-8
316.25   0.00003342359196648782   2.9566923263522102e-8
316.5   0.000033447583321324695   2.9590405339572053e-8
316.75   0.00003347285865806665   2.9613243233321886e-8
317.   0.00003349943805509983   2.963517564815497e-8
317.25   0.000033527346665023916   2.9652296115517935e-8
317.5   0.000033556599898929145   2.9669414208675697e-8
317.75   0.00003358721824513336   2.9687739582681026e-8
318.   0.00003361922295613723   2.9708499377129916e-8
318.25   0.000033652622131242094   2.9737380049903673e-8
318.5   0.00003368745809494044   2.976945394883052e-8
318.75   0.00003372376026884634   2.980419613012001e-8
319.   0.000033761559060996144   2.98410746222157e-8
319.25   0.000033800875901083666   2.987843556039022e-8
319.5   0.00003384175724628413   2.9917285749671576e-8
319.75   0.00003388424080277415   2.995752476674811e-8
320.   0.0000339283655091359   2.999905121017009e-8
320.25   0.000033974178589913986   3.0040678733776576e-8
320.5   0.00003402171185952382   3.008381444585361e-8
320.75   0.00003407100543546518   3.012879595347192e-8
321.   0.000034122100855332   3.017596707090465e-8
321.25   0.00003417508203123119   3.022807749598757e-8
321.5   0.000034229936569888674   3.0282141183557666e-8
321.75   0.00003428669398022363   3.0337542502579174e-8
322.   0.000034345385184500666   3.039365609797818e-8
322.25   0.00003440593367049326   3.044737831538485e-8
322.5   0.00003446852511393452   3.0501501139068245e-8
322.75   0.0000345332396258039   3.055637632731983e-8
323.   0.00003460015984886534   3.061236264878684e-8
323.25   0.00003466960013284348   3.0671182357284984e-8
323.5   0.00003474132959285733   3.07313206745612e-8
323.75   0.00003481534551749025   3.079260447752409e-8
324.   0.00003489164645951677   3.085485832612065e-8
324.25   0.00003496983185761301   3.0915518831162874e-8
324.5   0.00003505046051432277   3.097772668789384e-8
324.75   0.00003513369929502398   3.104227621827487e-8
325.   0.00003521972000388199   3.110997895561744e-8
325.25   0.000035309105915038645   3.118366479940071e-8
325.5   0.00003540147408412723   3.126139841958538e-8
325.75   0.00003549684608612012   3.1343227680667425e-8
326.   0.000035595245974600775   3.142920364082814e-8
326.25   0.00003569650155745825   3.152021529042633e-8
326.5   0.000035800918999217074   3.161515960956771e-8
326.75   0.00003590861245817749   3.171375557283937e-8
327.   0.00003601970112862825   3.1815718333041074e-8
327.25   0.00003613436876998708   3.1920248339427586e-8
327.5   0.0000362526632200917   3.202776284307775e-8
327.75   0.000036374696327647426   3.213817466385343e-8
328.   0.0000365005857438997   3.2251397210864114e-8
328.25   0.00003663042774860351   3.2368107169880696e-8
328.5   0.0000367643910487465   3.2487159303228226e-8
328.75   0.000036902624433375314   3.2608154938029895e-8
329.   0.00003704528448188428   3.2730688183705945e-8
329.25   0.00003719248339720045   3.2849899851684036e-8
329.5   0.00003734446819401321   3.2971545309883413e-8
329.75   0.000037501443958630017   3.309703106024169e-8
330.   0.00003766362658564194   3.322780598260998e-8
330.25   0.00003783134024038707   3.3368584759953076e-8
330.5   0.000038004690578009054   3.3516437085724695e-8
330.75   0.00003818389084204591   3.3671622858623955e-8
331.   0.000038369167442283005   3.3834416685639366e-8
331.25   0.000038560740527010545   3.40070569054829e-8
331.5   0.000038758894395671664   3.4187147844524245e-8
331.75   0.00003896391000309238   3.437420692420857e-8
332.   0.00003917608648612131   3.456774525546435e-8
332.25   0.00003939571266124746   3.476472189325483e-8
332.5   0.00003962317035692641   3.496816453850109e-8
332.75   0.00003985883548777878   3.5178623555845416e-8
333.   0.00004010310967124252   3.539667931150254e-8
333.25   0.00004035642144784586   3.562369963404652e-8
333.5   0.00004061923251174155   3.585928702733194e-8
333.75   0.00004089203692879114   3.610381326451377e-8
334.   0.00004117536538710293   3.635768019778169e-8
334.25   0.000041469810013566494   3.6621075017763216e-8
334.5   0.00004177595644506024   3.6894811851361706e-8
334.75   0.000042094459495588904   3.7179505939873956e-8
335.   0.00004242602733249262   3.7475821246980226e-8
335.25   0.00004277142486355416   3.778493598690103e-8
335.5   0.00004313148793110684   3.810699128586282e-8
335.75   0.000043507122951882306   3.844263715781147e-8
336.   0.00004389931749545947   3.879258843970079e-8
336.25   0.00004430914828129435   3.9157424369187344e-8
336.5   0.00004473779725022939   3.9538301134442915e-8
336.75   0.000045186559033423215   3.9936267403627005e-8
337.   0.00004565685694262609   4.035247996055825e-8
337.25   0.000046150299548609316   4.0786884926255505e-8
337.5   0.00004666856585794705   4.124273716443383e-8
337.75   0.00004721356057441465   4.172218147534438e-8
338.   0.000047787402010568086   4.222757764181799e-8
338.25   0.00004839227531404204   4.276278803781533e-8
338.5   0.000049031071045746806   4.332897344987435e-8
338.75   0.000049706837939096577   4.392880785184929e-8
339.   0.00005042300948225676   4.45653059889691e-8
339.25   0.00005118367992703248   4.52442527415908e-8
339.5   0.00005199296914011931   4.596627622728247e-8
339.75   0.000052855816980771955   4.6734775262889896e-8
340.   0.000053777894054041206   4.755371832618366e-8
340.25   0.0000547656014300121   4.842138470789169e-8
340.5   0.000055826726262526935   4.9351945436899525e-8
340.75   0.000056970194519319236   5.03546862007393e-8
341.   0.00005820648734809359   5.14403937450069e-8
341.25   0.000059548127713381476   5.262816262407995e-8
341.5   0.000061009695283347984   5.392412076719295e-8
341.75   0.00006260884243122182   5.534309208718466e-8
342.   0.00006436693238173905   5.69030986928577e-8
342.25   0.0000663099867028178   5.8622644167737935e-8
342.5   0.00006847016711703293   6.053381375660218e-8
342.75   0.00007088733487030647   6.267222466118329e-8
343.   0.00007361134944949417   6.508239271268851e-8
343.25   0.00007670491672125936   6.782207151180598e-8
343.5   0.00008024724029601789   7.095952343705308e-8
343.75   0.00008433783549548632   7.458261920312767e-8
344.   0.00008909989249517338   7.880014880052571e-8
344.25   0.00009468062988234592   8.374464296649564e-8
344.5   0.0001012427220862209   8.955648582413452e-8
344.75   0.0001089408393117626   9.63707978490788e-8
345.   0.00011787719429819145   1.0427567754067306e-7
345.25   0.0001280479768720176   1.132569057259123e-7
345.5   0.00013931509579624766   1.231977965668404e-7
345.75   0.00015142960756214568   1.3387729192717566e-7
346.   0.00016409700461324396   1.450344815475735e-7
346.25   0.00017704063340491985   1.5641643124904433e-7
346.5   0.00019003924269322115   1.678391172317676e-7
346.75   0.00020293224857412964   1.791667150954058e-7
347.   0.00021561223294750656   1.903120535868974e-7
347.25   0.00022801403476658218   2.0125536360686314e-7
347.5   0.00024009731421067908   2.119342939987668e-7
347.75   0.00025184263491303296   2.2232902253489236e-7
348.   0.0002632432976463716   2.3242982906273847e-7
348.25   0.00027429980477226373   2.422215262130203e-7
348.5   0.0002850199011181896   2.5171937168584594e-7
348.75   0.00029541352163770044   2.6093048217545186e-7
349.   0.0003054922953491933   2.698632280329153e-7
349.25   0.00031526860575182327   2.7851878324261074e-7
349.5   0.00032475520744335116   2.8691636277649095e-7
349.75   0.00033396468567526273   2.9506809806973743e-7
350.   0.0003429092856310517   3.0298599583728055e-7
350.25   0.0003516010963560211   3.106823549488845e-7
350.5   0.0003600509224783241   3.1816787406668067e-7
350.75   0.00036826928021199267   3.254533847617298e-7
351.   0.00037626609449109555   3.3254932745127813e-7
351.25   0.00038405026891436033   3.3947582150746983e-7
351.5   0.0003916311903792947   3.462288084916252e-7
351.75   0.00039901730720368897   3.5281313008298807e-7
352.   0.00040621657868666585   3.592329580688579e-7
352.25   0.0004132366556083383   3.6548009693614414e-7
352.5   0.0004200844022179436   3.715735600545306e-7
352.75   0.00042676642257615617   3.775208719328104e-7
353.   0.0004332889436219543   3.833293631846322e-7
353.25   0.0004396580924844453   3.8901715214781627e-7
353.5   0.00044587907458726566   3.9457617394367233e-7
353.75   0.0004519570282360972   4.000085256337362e-7
354.   0.0004578968038077935   4.053158992108896e-7
354.25   0.0004637026967838185   4.104727628492255e-7
354.5   0.00046937943529554746   4.1551701621398925e-7
354.75   0.000474931243364045   4.204607995626832e-7
355.   0.0004803621348045261   4.253165287694271e-7
355.25   0.0004856757613296492   4.3015156540109624e-7
355.5   0.0004908759872600451   4.3490347037888117e-7
355.75   0.0004959663479842085   4.3956215250464256e-7
356.   0.0005009502227681113   4.441166906853936e-7
356.25   0.0005058316915960228   4.4850135595433907e-7
356.5   0.000510612682043173   4.5277825014229985e-7
356.75   0.0005152958042797823   4.569570348917286e-7
357.   0.0005198835333570461   4.6104763370010805e-7
357.25   0.0005243780493777839   4.6510105191039276e-7
357.5   0.0005287818120948306   4.690712713182105e-7
357.75   0.0005330970069022645   4.7295175686046443e-7
358.   0.0005373257150593423   4.7673554240892955e-7
358.25   0.0005414690698865226   4.803594777805111e-7
358.5   0.0005455301372046614   4.838929717465101e-7
358.75   0.0005495110755351731   4.873512653912942e-7
359.   0.0005534139728859149   4.907500690546634e-7
359.25   0.0005572403848535698   4.941655711357327e-7
359.5   0.0005609929155429195   4.975312347877713e-7
359.75   0.000564673659134385   5.0083900731301e-7
360.   0.000568284660205242   5.040804228230994e-7
360.25   0.0005718307413027588   5.072091050376481e-7
360.5   0.0005753099396393021   5.102678040021631e-7
360.75   0.0005787229894893906   5.132625242653079e-7
361.   0.0005820705490601542   5.161993901079381e-7
361.25   0.0005853496424213457   5.190907340272402e-7
361.5   0.0005885657255052258   5.2193446416439e-7
361.75   0.0005917207266573641   5.247345206003786e-7
362.   0.0005948165525991049   5.274948819770061e-7
362.25   0.0005978572927542902   5.302376425089755e-7
362.5   0.0006008417565917968   5.329417620569529e-7
362.75   0.0006037708805340332   5.35603837132023e-7
363.   0.0006066455595625589   5.382202972031988e-7
363.25   0.0006094658814736944   5.4077262696434e-7
363.5   0.0006122337291536922   5.432774671480428e-7
363.75   0.00061495020040477   5.457368890045632e-7
364.   0.000617616365873674   5.48152970849799e-7
364.25   0.0006202339894730045   5.505414139400931e-7
364.5   0.0006228030914182194   5.528853908997101e-7
364.75   0.000625324370522919   5.551813799101403e-7
365.   0.0006277984954911997   5.57425730705341e-7
365.25   0.000630225458937933   5.595907053876111e-7
365.5   0.0006326067720978534   5.617057190168458e-7
365.75   0.000634943286372887   5.637766326179293e-7
366.   0.0006372358332030573   5.658094175048086e-7
366.25   0.0006394833187804303   5.678499508772699e-7
366.5   0.0006416891877550539   5.69849069922009e-7
366.75   0.0006438550006542993   5.717966850591256e-7
367.   0.0006459823180001656   5.73682452448862e-7
367.25   0.0006480766472458587   5.754472915769847e-7
367.5   0.0006501340590286919   5.771478236178061e-7
367.75   0.0006521544935365395   5.787929002174033e-7
368.   0.0006541378584246346   5.803915513565715e-7
368.25   0.0006560837179299244   5.819500685645497e-7
368.5   0.0006579923510094421   5.834818840511898e-7
368.75   0.00065986370065513   5.849977402016193e-7
369.   0.0006616976830675733   5.865085692899344e-7
369.25   0.0006634905398764821   5.880720324469913e-7
369.5   0.0006652472147088572   5.896346412285103e-7
369.75   0.0006669690430320932   5.911887991108753e-7
370.   0.0006686573642493717   5.927267280090091e-7
370.25   0.0006703162210725553   5.942191979436157e-7
370.5   0.0006719432024265201   5.956877004229323e-7
370.75   0.000673538554778366   5.971326435250972e-7
371.   0.000675102509000421   5.985544232408113e-7
371.25   0.0006766339721137362   5.999547989127554e-7
371.5   0.0006781349677004956   6.013322281011806e-7
371.75   0.0006796062175251336   6.026865100000851e-7
372.   0.0006810484384959988   6.040174233027269e-7
372.25   0.0006824636579752518   6.053250740584506e-7
372.5   0.0006838507516440472   6.066087173028411e-7
372.75   0.0006852098855643787   6.078679308773315e-7
373.   0.0006865412128263071   6.091022714844697e-7
373.25   0.0006878440259407459   6.103085831394467e-7
373.5   0.0006891196344545564   6.114901325446958e-7
373.75   0.0006903685005447783   6.12647514612405e-7
374.   0.0006915910800601273   6.137813221261336e-7
374.25   0.0006927880896678093   6.148951443040289e-7
374.5   0.0006939596010414045   6.159853911246554e-7
374.75   0.0006951059432067694   6.170514263866237e-7
375.   0.0006962274379001389   6.180925935907095e-7
375.25   0.0006973242887739713   6.191068188981544e-7
375.5   0.0006983969582218031   6.200953542198387e-7
375.75   0.0006994457924227319   6.210580540065201e-7
376.   0.0007004711316224742   6.219947621650088e-7
376.25   0.0007014729641356536   6.228948362752821e-7
376.5   0.0007024521013689961   6.237727049471633e-7
376.75   0.000703409007645167   6.246324489434752e-7
377.   0.000704344143903655   6.254781992257088e-7
377.25   0.0007052585883449573   6.263291388476136e-7
377.5   0.000706151930173804   6.27168577826898e-7
377.75   0.0007070243681770301   6.27994686611283e-7
378.   0.000707876094724918   6.288056004768879e-7
378.25   0.0007087071807058648   6.29598318057391e-7
378.5   0.0007095179667259943   6.303724427999709e-7
378.75   0.0007103086735805128   6.311264560463308e-7
379.   0.0007110795167864787   6.318588119596085e-7
379.25   0.0007118307066962564   6.32567937946205e-7
379.5   0.0007125624486076273   6.332522350680331e-7
379.75   0.0007132749428706801   6.339100784454932e-7
380.   0.0007139683849916034   6.34539817651472e-7
