310.   0.10643685544175915   0.00015006917055279404
310.25   0.10635785913104537   0.00015022984638040466
310.5   0.10628227029900161   0.00015025738480316583
310.75   0.10621002777693704   0.0001501781508693641
311.   0.10614107035960935   0.0001500190715433678
311.25   0.10607533680564159   0.00014980746838663073
311.5   0.10601276583809342   0.0001495709396568035
311.75   0.10595329614519251   0.0001493372923902109
312.   0.10589686638124124   0.00014913452668226815
312.25   0.1058433791464656   0.00014910186090879787
312.5   0.10579282329677434   0.0001491130708173471
312.75   0.1057451520034281   0.00014915216494625405
313.   0.10570031858040953   0.0001492029144510207
313.25   0.1056576865227236   0.0001492230460670273
313.5   0.1056180326195892   0.00014923178386794944
313.75   0.10558155010312655   0.0001492227092193885
314.   0.10554843529793084   0.00014918933324868433
314.25   0.10551900036976916   0.00014908867610357346
314.5   0.10549329100358464   0.00014896492619757653
314.75   0.10547146770884402   0.00014882616015821318
315.   0.10545369395667882   0.00014868054793114953
315.25   0.10544099845111937   0.00014852651570096517
315.5   0.10543234829564405   0.00014838618666166808
315.75   0.10542756615275287   0.0001482719785547092
316.   0.1054264734597956   0.0001481964292545016
316.25   0.10542812433030013   0.00014824133883236724
316.5   0.10543340602938875   0.00014832322749327808
316.75   0.10544244759245723   0.000148427120506516
317.   0.10545538097716198   0.00014853782260232883
317.25   0.10547211646962534   0.00014858954155755102
317.5   0.10549310554797253   0.00014863683035018152
317.75   0.10551858106777608   0.00014868431875089542
318.   0.10554878060843073   0.00014873670132647244
318.25   0.10558517655408975   0.00014882281885592803
318.5   0.105626301818021   0.0001489139333974816
318.75   0.10567190845324034   0.00014900514549411373
319.   0.10572174647243339   0.00014909148345203723
319.25   0.10577400174982618   0.00014913299533221642
319.5   0.10583059732478783   0.00014917323903584185
319.75   0.10589191330284164   0.00014922124620840252
320.   0.1059583375349509   0.00014928618171362166
320.25   0.10603125735466828   0.00014942013441566844
320.5   0.10610969544809806   0.00014957296338987506
320.75   0.1061936604866933   0.00014973684690483685
321.   0.10628316357352297   0.0001499038283056174
321.25   0.10637791169451563   0.00015003463321726793
321.5   0.1064783484620144   0.00015016445966255874
321.75   0.10658461823960831   0.00015029767258224958
322.   0.10669687053003424   0.00015043871755315237
322.25   0.10681529960451422   0.0001505684544636699
322.5   0.10694001113365141   0.00015072450479900146
322.75   0.10707115546954651   0.00015092121270952882
323.   0.10720888887958502   0.00015117317409478275
323.25   0.10735339530201884   0.0001516101345320947
323.5   0.10750481385852032   0.00015208767438095998
323.75   0.1076633116341961   0.0001525743500501029
324.   0.10782906276061872   0.00015303796436392088
324.25   0.10800211030633246   0.00015332943494709238
324.5   0.10818283641744039   0.0001535767976945407
324.75   0.10837149541697097   0.00015379348511020293
325.   0.10856835146493868   0.0001539931926140047
325.25   0.10877427652847874   0.00015420271923773492
325.5   0.10898872461966987   0.00015441840922404207
325.75   0.10921174768095496   0.0001546495093313194
326.   0.10944340456464936   0.00015490544487030915
326.25   0.10968293639682947   0.0001552260962808753
326.5   0.10993156502418128   0.00015557918539427473
326.75   0.11018971169845665   0.00015596237674442865
327.   0.11045781427483475   0.00015637329948593878
327.25   0.11073619355977159   0.0001568079064485734
327.5   0.11102551088852107   0.00015726600723463082
327.75   0.11132631554954094   0.00015774576866965832
328.   0.111639179199444   0.00015824532634357301
328.25   0.11196626094427263   0.00015877340984269114
328.5   0.1123060078552569   0.0001593133148104517
328.75   0.11265842293717003   0.00015985870629982825
329.   0.11302352107477928   0.0001604031045674231
329.25   0.11339973688552377   0.00016089525553886005
329.5   0.11378932522261347   0.00016139040846570345
329.75   0.11419300047018023   0.00016190001326594068
330.   0.11461151143710699   0.00016243582395623633
330.25   0.11504601938627528   0.00016304118735003178
330.5   0.11549682799120564   0.00016368515087287528
330.75   0.11596464941551421   0.00016436764990990967
331.   0.11645023676855988   0.00016508864616532017
331.25   0.11695442394559862   0.00016586079761356858
331.5   0.11747800482059352   0.00016666655924832207
331.75   0.11802186031190935   0.00016750075202556677
332.   0.11858692638610215   0.00016835806822178991
332.25   0.11917535007536556   0.0001692417406436148
332.5   0.1197865948675344   0.00017013416177039223
332.75   0.1204213118987478   0.00017102600177802487
333.   0.12108021181691919   0.00017190767130224405
333.25   0.12176116688629468   0.00017266193998881013
333.5   0.12246904689422178   0.0001734277200533973
333.75   0.12320598960049534   0.00017423928388066973
334.   0.12397426523630703   0.00017513206050511206
334.25   0.12477922495208676   0.00017625412578614933
334.5   0.12561937909784826   0.00017748958598018215
334.75   0.12649624539937543   0.0001788319349737597
335.   0.12741148179961598   0.0001802745967009926
335.25   0.1283661511737702   0.00018182302262554213
335.5   0.12936327712885837   0.0001834536444083468
335.75   0.13040535416404678   0.00018515438938587818
336.   0.1314951062896773   0.00018691277331449064
336.25   0.13263406770331826   0.00018866189345008162
336.5   0.13382750335064061   0.00019046286544709856
336.75   0.13507961753723058   0.0001923247345584773
337.   0.1363950114690961   0.0001942572396411401
337.25   0.1377809794023219   0.00019627091529023416
337.5   0.1392399855557595   0.000198377142129774
337.75   0.1407772076773579   0.00020058832624934001
338.   0.14239842562382507   0.00020291800868177192
338.25   0.1441080852701816   0.0002054044756397211
338.5   0.145916238762826   0.00020803185049894548
338.75   0.14783194764501542   0.00021080809603170637
339.   0.1498654065742952   0.00021374245357608904
339.25   0.15202957349561658   0.00021681458669952093
339.5   0.15433554305099367   0.00022007967065901598
339.75   0.15679758875596475   0.0002235658447796881
340.   0.15943210554908946   0.00022730482587569867
340.25   0.16225690678488897   0.00023137146648229278
340.5   0.16529549203305352   0.00023575389722753823
340.75   0.16857401954594925   0.0002404823797163607
341.   0.17212319542139612   0.0002455930095419633
341.25   0.17598056440309914   0.0002510582178695464
341.5   0.18018763899596502   0.0002570263248472504
341.75   0.1847957020198081   0.0002635926684080553
342.   0.18986683546548244   0.0002708707237565545
342.25   0.19547593188697648   0.00027915425038892443
342.5   0.2017174971686304   0.00028839800751988623
342.75   0.20870778184446406   0.0002987325813601851
343.   0.21659217553055543   0.00031032488184189736
343.25   0.22555388853653122   0.00032316976853173174
343.5   0.23582326177262475   0.0003378286368678272
343.75   0.24769006959848855   0.00035475206479718434
344.   0.26151284157042687   0.0003744966538031209
344.25   0.27771882743852094   0.00039791614243296294
344.5   0.29678144937416984   0.0004255173913649933
344.75   0.31914882778945397   0.0004579360963888379
345.   0.34511450416656064   0.0004955825685488073
345.25   0.37466366345383934   0.0005383472879141285
345.5   0.40738359211750996   0.0005856941045901961
345.75   0.44254051225434504   0.0006365613121097953
346.   0.4792691314695225   0.0006896922173382425
346.25   0.5167562637662454   0.0007438127365578043
346.5   0.5543562628194869   0.0007980828781860453
346.75   0.591600323126682   0.0008518505558711155
347.   0.6281756668691485   0.0009046959978365334
347.25   0.6638910466464089   0.0009565674242798046
347.5   0.6986331403293834   0.0010071047489862703
347.75   0.7323478784358382   0.0010561880643745953
348.   0.765018522953539   0.0011037425637961864
348.25   0.7966527136743725   0.0011495108981562138
348.5   0.8272716727898315   0.0011937372089249698
348.75   0.8569058262633739   0.001236494046220785
349.   0.8855903768280732   0.0012778670020483743
349.25   0.9133621917044072   0.0013180025378204039
349.5   0.9402599565483847   0.001356931175910482
349.75   0.9663213893428882   0.0013947339283620797
350.   0.9915831029841753   0.001431492601704919
350.25   1.0160756728884168   0.0014678928779160048
350.5   1.039838744153048   0.0015031967467394403
350.75   1.0629060801151557   0.0015372114578186427
351.   1.0853098518459003   0.0015697201511963067
351.25   1.107084917574488   0.0015989099017426223
351.5   1.1282545746135308   0.0016266707639802022
351.75   1.1488445958193416   0.001653420163330002
352.   1.1688792610004022   0.0016796049205118682
352.25   1.188391205147616   0.0017074366306423247
352.5   1.2073886339297177   0.0017350389459541502
352.75   1.2258876159469938   0.0017621841004932747
353.   1.2439028030864854   0.001788621639443825
353.25   1.261429756667469   0.0018127868240060928
353.5   1.278504960664678   0.0018361625035067978
353.75   1.2951470377474594   0.001858995524440202
354.   1.3113739667547444   0.0018815453690069768
354.25   1.3272194496642038   0.0019052678722490416
354.5   1.3426778691314887   0.001928819218990697
354.75   1.3577585573968785   0.0019519879175697076
355.   1.3724700228771702   0.0019745468162941627
355.25   1.386812470476251   0.001995089677567
355.5   1.400803287954261   0.0020149650474105946
355.75   1.4144520040315958   0.00203440012932837
356.   1.4277676498992253   0.002053632329763758
356.25   1.4407448687500402   0.0020741936034014996
356.5   1.4534110148331545   0.0020945697102887294
356.75   1.4657797055143802   0.0021144838193509416
357.   1.4778644239705807   0.002133644187203401
357.25   1.489695290557369   0.0021505614001737635
357.5   1.5012623949149329   0.0021665508227511226
357.75   1.5125718383180593   0.0021817784955783445
358.   1.523629364921001   0.002196417571246883
358.25   1.5344389571395767   0.0022109134622981482
358.5   1.5450076692297863   0.002225087068622537
358.75   1.5553408778520794   0.002239021118192786
359.   1.5654436910902323   0.0022528001111222135
359.25   1.5753211514098269   0.002266810490888322
359.5   1.5849776066496537   0.002280724109617893
359.75   1.5944173571028881   0.0022945061323990136
360.   1.603644480569959   0.0023081196810085716
360.25   1.612661133369162   0.0023213402347421657
360.5   1.621473348772633   0.0023343841751136594
360.75   1.6300853094666126   0.0023472860089131468
361.   1.638501035640958   0.0023600807798928422
361.25   1.6467164963499372   0.002373090687039302
361.5   1.6547463643624734   0.0023859544004857965
361.75   1.6625974988562802   0.0023985893910498848
362.   1.670276719815554   0.002410910041992289
362.25   1.6777960891866839   0.0024222871370431585
362.5   1.6851550328200902   0.00243337970149913
362.75   1.6923580853875806   0.0024443178990177627
363.   1.6994096957313993   0.0024552353482183214
363.25   1.70633082746459   0.0024670960711491454
363.5   1.713102717315957   0.002478892603418327
363.75   1.7197227121774679   0.0024904263446654746
364.   1.726187911186691   0.002501492644946445
364.25   1.7324719219757894   0.0025109070805950985
364.5   1.7386036793642103   0.002519806778695528
364.75   1.7445891827968343   0.002528373021698498
365.   1.7504344437112482   0.002536791725436894
365.25   1.7561612243986602   0.0025461219033339443
365.5   1.7617536842133186   0.0025553511204651617
365.75   1.7672113886143184   0.002564320488280978
366.   1.7725337696840293   0.002572867038981283
366.25   1.7776967975368352   0.0025799950834106953
366.5   1.7827320984393311   0.0025866864746911925
366.75   1.7876483297432495   0.002593107851827249
367.   1.7924542389417726   0.0025994295805966904
367.25   1.7971898460329543   0.002606294737480338
367.5   1.8018206926034717   0.002613228352075987
367.75   1.8063429753360654   0.002620218622403519
368.   1.8107527120180884   0.0026272531176158936
368.25   1.8150227929621237   0.002634410882096436
368.5   1.8191808331348902   0.0026415504698183634
368.75   1.8232317581977162   0.0026486203252895995
369.   1.8271805162165613   0.0026555676222124627
369.25   1.8310484274865257   0.0026625259129213143
369.5   1.834817725256717   0.0026691785783335446
369.75   1.8384867234804492   0.002675392105479784
370.   1.8420536329942825   0.0026810304638371515
370.25   1.8454974701272961   0.002684989109676241
370.5   1.848842833454666   0.0026884747520919123
370.75   1.8520954563380974   0.00269173993330661
371.   1.8552611183055756   0.0026950408321272305
371.25   1.8583618110028617   0.0026996062162195546
371.5   1.8613808887313867   0.002704350468563214
371.75   1.864317654415192   0.0027091468079597407
372.   1.8671713418884912   0.002713865958325731
372.25   1.8699344689212862   0.002717957518578366
372.5   1.872615397659883   0.0027218705191915833
372.75   1.875215880376942   0.0027256396034488887
373.   1.8777376507184376   0.002729299878047616
373.25   1.8801844862583805   0.002733044701184926
373.5   1.8825552119963842   0.0027366902908945814
373.75   1.8848506672753733   0.0027402088876502372
374.   1.8870716617354573   0.0027435722019265737
374.25   1.8892130703358223   0.0027465429072384704
374.5   1.8912838760169737   0.0027493822717721667
374.75   1.8932872127187337   0.0027521455794301897
375.   1.8952262239618074   0.002754888933063882
375.25   1.8971173612907413   0.0027579139630035114
375.5   1.898945250660693   0.002760937582162228
375.75   1.9007076438222867   0.0027639185373909262
376.   1.902402223197231   0.002766814744353089
376.25   1.904016285146429   0.0027694517002444766
376.5   1.90556176193882   0.0027719691622209285
376.75   1.9070403381411563   0.002774376553397718
377.   1.9084536927549607   0.0027766834204504456
377.25   1.909802485287088   0.0027789940941433744
377.5   1.9110897984134216   0.0027811863203509
377.75   1.9123177086146645   0.0027832314167569785
378.   1.9134882932646256   0.00278510028620427
378.25   1.9146075273015946   0.0027865221853316958
378.5   1.915672056163836   0.0027878037558004623
378.75   1.9166823754539393   0.002789012828970553
379.   1.9176389614088212   0.002790218064419038
379.25   1.9185422712888407   0.0027914889503331147
379.5   1.9193927437559084   0.002792895825170284
379.75   1.9201907992410003   0.00279450992144081
380.   1.9209368403014722   0.002796403432378073
