310.   0.032566749369654334   0.00004531936535684718
310.25   0.03260866147235204   0.00004532692371827867
310.5   0.032652125785521235   0.00004533791624188618
310.75   0.03269722880331283   0.0000453534122977223
311.   0.03274405916633821   0.00004537450800748667
311.25   0.03279270774914215   0.00004540232702408233
311.5   0.03284326775198674   0.000045438021353674296
311.75   0.03289583479719745   0.00004548277221927712
312.   0.03295050703034142   0.000045537790965084175
312.25   0.03300771303142604   0.00004563544933589542
312.5   0.03306710011442446   0.00004573372466603567
312.75   0.03312864016720722   0.0000458211223490073
313.   0.03319230517432419   0.00004588587988586029
313.25   0.03325775704388328   0.0000458424379475636
313.5   0.033325399521512845   0.000045780871862278844
313.75   0.03339533232683233   0.000045718861639110205
314.   0.03346765816982183   0.000045674447215145684
314.25   0.03354263232092294   0.00004573024393284826
314.5   0.03362015604232577   0.00004581577103725482
314.75   0.03370028039922961   0.00004592392052347927
315.   0.03378305858353625   0.00004604742421629818
315.25   0.033868363945643375   0.00004617495624100458
315.5   0.033956507389023026   0.00004630431415508058
315.75   0.034047624102365316   0.0000464293087311351
316.   0.03414185370715498   0.00004654359976277194
316.25   0.034239669111702384   0.000046605837837546126
316.5   0.03434076269692687   0.000046657812427125795
316.75   0.03444515318365856   0.000046707036715193364
317.   0.03455286112244711   0.00004676120698249015
317.25   0.03466341390436223   0.000046851396101137996
317.5   0.034777523875570426   0.00004695366042410709
317.75   0.034895422218062244   0.00004706682708807894
318.   0.03501734802404003   0.00004718964325394294
318.25   0.03514442218903295   0.000047322361918771304
318.5   0.03527568788510385   0.00004746131945090057
318.75   0.035411049050153694   0.00004760443432379737
319.   0.03555040880269053   0.0000477495757869106
319.25   0.03569272094254264   0.00004789080518645565
319.5   0.03583920337185723   0.00004803110040917839
319.75   0.03599014982880614   0.00004816972128979403
320.   0.03614586526857148   0.00004830590661495287
320.25   0.036307334588865134   0.000048422239690236014
320.5   0.036473960325401095   0.0000485409802385758
320.75   0.03664580754342116   0.000048668189549269905
321.   0.03682294626735976   0.000048810119628542636
321.25   0.03700492550285809   0.000048994663223138944
321.5   0.037192555860743624   0.000049198763861355684
321.75   0.0373861434183992   0.000049420413591140785
322.   0.03758600829606818   0.00004965754623253385
322.25   0.037792973441331125   0.00004991198394982009
322.5   0.038006713806617576   0.0000501760582384428
322.75   0.038227393579619136   0.00005044585045101198
323.   0.038455187399524575   0.00005071730265197221
323.25   0.03868977794444578   0.000050960007754316164
323.5   0.03893205960536521   0.0000512058798510161
323.75   0.03918245364388804   0.00005146135790194675
324.   0.039441403488117796   0.000051733140241475883
324.25   0.039709807809717085   0.00005205111489852019
324.5   0.03998756230048207   0.00005239085813925934
324.75   0.0402750056498256   0.000052750332856943554
325.   0.04057249809606027   0.000053127426968640695
325.25   0.04088052679381688   0.00005349842328333567
325.5   0.041199356785674955   0.00005389079852240718
325.75   0.04152937968172869   0.000054311262410690395
326.   0.041871014138216686   0.00005476685630331598
326.25   0.04222362361793361   0.000055307511670836164
326.5   0.04258918497022015   0.00005588236901795551
326.75   0.042968671289848596   0.00005648161817430843
327.   0.043363116168279446   0.00005709494151403908
327.25   0.043775045522546456   0.000057669157720368923
327.5   0.04420366270117888   0.00005825119010817024
327.75   0.04464960916883505   0.000058847060081640076
328.   0.04511357765204175   0.00005946313484588848
328.25   0.045595213514469345   0.00006014526671086078
328.5   0.046096846164668207   0.00006084673046288934
328.75   0.04661982480550764   0.00006155838054310505
329.   0.04716560096369796   0.00006227054719467997
329.25   0.0477364337101764   0.00006292641100619262
329.5   0.04833305537476801   0.00006357912261146628
329.75   0.04895699121118037   0.00006423715920165498
330.   0.04960989745597386   0.00006490957069791426
330.25   0.05029435000990868   0.00006560057081956506
330.5   0.05101124826189812   0.00006632809749525238
330.75   0.051762397291080425   0.00006710565987610489
331.   0.05254977645173303   0.00006794777260382276
331.25   0.05337349636897924   0.00006891224792372018
331.5   0.05423877279104614   0.00006995828037928615
331.75   0.055149144602690645   0.00007108583242389792
332.   0.05610850096124945   0.0000722949820262981
332.25   0.057122496051273244   0.00007354521319875283
332.5   0.05819399168950685   0.00007489245713447364
332.75   0.05932762029985287   0.00007635524484657263
333.   0.06052853367879088   0.00007795400128291977
333.25   0.06180235402684792   0.00007981355827308134
333.5   0.06315567012041111   0.00008182003731448421
333.75   0.06459573840143334   0.00008395547431745127
334.   0.06613071920446266   0.00008620010981074544
334.25   0.06777016058232335   0.00008847626778942708
334.5   0.06952402035862966   0.00009083521716657921
334.75   0.07140397976963686   0.00009327535049965875
335.   0.07342335897615862   0.00009579498988621099
335.25   0.07559502920885058   0.00009823149228870199
335.5   0.0779397135914374   0.00010079943517681629
335.75   0.08047874990689724   0.00010357139438186186
336.   0.08323687517588867   0.00010663081199232121
336.25   0.08624691768231178   0.00011032284389798827
336.5   0.08953728922761374   0.00011442872161548344
336.75   0.09314583314290173   0.00011896269477126383
337.   0.09711738050230456   0.0001239418207742081
337.25   0.101500900148616   0.0001291499851184925
337.5   0.10636635570275207   0.0001349229738567128
337.75   0.11179333721447382   0.00014140602766911375
338.   0.11787867357472599   0.00014877641853337054
338.25   0.12474509670410842   0.00015753546077898437
338.5   0.1325340661111519   0.00016758905119207372
338.75   0.1414262383426798   0.00017913288005897424
339.   0.1516485058680496   0.0001924110374023475
339.25   0.16348671833488104   0.00020747659353821562
339.5   0.17730967541956275   0.00022503432521187166
339.75   0.19359014944815023   0.00024571319732250463
340.   0.21293993368626035   0.0002703307975041895
340.25   0.2361514160975637   0.00030019282872929424
340.5   0.26425513712007204   0.0003364055779715257
340.75   0.29856854386451004   0.00038062609301804103
341.   0.34072821435133627   0.00043489826037699175
341.25   0.39263828806456647   0.00050126243385994
341.5   0.45616021229264037   0.0005823011079090169
341.75   0.5323065948050272   0.0006792750988378984
342.   0.6194933172269802   0.0007901354454536967
342.25   0.7108334406430308   0.0009061573272923821
342.5   0.7922373081530842   0.001009349862074954
342.75   0.8456705234117329   0.0010768091255018133
343.   0.859960935213558   0.0010944315976532618
343.25   0.8402789013956365   0.0010690014741127484
343.5   0.8042091450285926   0.001022870651126802
343.75   0.7690067658099005   0.0009780027757724911
344.   0.7434513340150237   0.0009455653797295005
344.25   0.7279558140092899   0.00092649121060531
344.5   0.7188811080616592   0.0009156013464112423
344.75   0.7126832300004076   0.0009082562149535839
345.   0.7075155680384168   0.0009019715759887053
345.25   0.702848411069211   0.000895139198469973
345.5   0.6987052463507551   0.0008887871436877319
345.75   0.6952150666274555   0.0008832613573411867
346.   0.6924263668986618   0.0008787998756385858
346.25   0.6902791566995685   0.0008766473928189706
346.5   0.6886919807589938   0.0008752676422041416
346.75   0.6875592147984079   0.0008742459251733812
347.   0.6867850776152158   0.0008731783042004996
347.25   0.6863076644006658   0.0008700145934987267
347.5   0.6860417946032188   0.0008667108844655515
347.75   0.6859336942922724   0.0008635881307082514
348.   0.685941243249143   0.0008609866999695171
348.25   0.6860199833022792   0.0008608435404044112
348.5   0.6861594279033594   0.0008613261788752121
348.75   0.6863430639256852   0.0008621765033119023
349.   0.6865583531748384   0.0008631382835850099
349.25   0.6868010846423457   0.0008631765531073754
349.5   0.6870566945547706   0.0008631214886978771
349.75   0.6873176463526874   0.0008630326538166845
350.   0.6875777738830657   0.0008629723210094773
350.25   0.6878299012786008   0.0008632467997178335
350.5   0.6880726716843635   0.0008635857630006602
350.75   0.6883033397451684   0.0008639593171929658
351.   0.6885197006899674   0.000864337841083714
351.25   0.6887135751083335   0.0008645289348685261
351.5   0.6888924839713787   0.0008647303366120245
351.75   0.6890579035578076   0.0008649789268087335
352.   0.6892115789934344   0.0008653124393324128
352.25   0.6893730021348973   0.0008657457995453489
352.5   0.689519901253714   0.0008663522197862834
352.75   0.6896474826360456   0.0008671815347157055
353.   0.6897510048476172   0.0008682840259454613
353.25   0.6898032576054354   0.0008703096129990298
353.5   0.6898309471841917   0.0008724731351187435
353.75   0.689838541621021   0.0008745826776853675
354.   0.6898306200185709   0.0008764439186178713
354.25   0.6898209514641002   0.0008772347164220285
354.5   0.6898016300882498   0.0008776288300337731
354.75   0.6897738252696819   0.0008776790134266231
355.   0.6897387434874058   0.0008774389667299949
355.25   0.6897195972193899   0.0008768366830239412
355.5   0.6896869937170813   0.0008761069859137108
355.75   0.6896333078178837   0.0008753579857465549
356.   0.6895508368226032   0.000874697860092195
356.25   0.6894008263395739   0.0008747939806005094
356.5   0.689218640836791   0.000874974155291788
356.75   0.6890089056330273   0.0008751226257387105
357.   0.6887763026374234   0.0008751225023890834
357.25   0.6885358165744636   0.0008742583155930231
357.5   0.6882779325812641   0.0008732447990131291
357.75   0.6880033352350177   0.0008722034156239583
358.   0.687712715013165   0.0008712568656263363
358.25   0.6874060483855947   0.0008710357623572154
358.5   0.6870850391515715   0.0008709596787022558
358.75   0.6867506825241441   0.0008709505157911455
359.   0.686403979902994   0.0008709288470849953
359.25   0.6860532656911066   0.0008703658862173386
359.5   0.6856893230879344   0.0008698044398335906
359.75   0.6853102015563164   0.0008693435284376728
360.   0.6849139265091174   0.0008690832586756396
360.25   0.6844882285187927   0.0008696519410011925
360.5   0.6840454253666579   0.000870416343622039
360.75   0.6835876293012124   0.0008712661614338111
361.   0.6831169677785592   0.0008720898372838045
361.25   0.6826408996664536   0.0008723454759260274
361.5   0.6821541580014503   0.0008725180583191137
361.75   0.6816567621324947   0.0008726662897193151
362.   0.6811487259102565   0.0008728494434204322
362.25   0.6806315643624267   0.0008735373134957755
362.5   0.6801031763677313   0.0008742176988530453
362.75   0.6795629498899438   0.0008747857893246962
363.   0.679010262196942   0.0008751359714645864
363.25   0.6784399275785102   0.0008750173160590745
363.5   0.6778576599739028   0.0008745261347019502
363.75   0.6772646459224568   0.0008736113562225283
364.   0.6766620770642527   0.0008722206020852907
364.25   0.6760571995501722   0.0008694735068742513
364.5   0.6754427656236963   0.000866478897036625
364.75   0.6748175364852679   0.0008635204657621459
365.   0.6741802583559479   0.000860881338829985
365.25   0.673523530767077   0.0008599413078540801
365.5   0.6728546356619958   0.000859451017090876
365.75   0.6721747531343114   0.0008592559764611361
366.   0.6714850684144739   0.0008592006421883141
366.25   0.6707903227773793   0.000858753782932877
366.5   0.6700867510710015   0.0008582795833493686
366.75   0.6693741191466818   0.000857769238070823
367.   0.6686521868589468   0.0008572136043143694
367.25   0.6679184190311664   0.0008564929649312723
367.5   0.6671757616853147   0.0008557516506524538
367.75   0.6664248814963265   0.0008550248297468681
368.   0.6656664462186398   0.0008543479621697727
368.25   0.6649038357957897   0.0008539122938620526
368.5   0.6641339323925782   0.0008535367449831227
368.75   0.6633563125455483   0.0008531947486918979
369.   0.662570546087664   0.0008528594535174892
369.25   0.6617740200883322   0.0008525438397788252
369.5   0.6609693317772986   0.0008521646452458137
369.75   0.6601569096506641   0.0008516783244481378
370.   0.6593371819052068   0.0008510410201524041
370.25   0.6585105541099927   0.000849911677680093
370.5   0.6576774850910658   0.0008486606080900522
370.75   0.6568384111979739   0.0008473627356749499
371.   0.655993768567864   0.0008460934972563541
371.25   0.6551482468979496   0.0008455702965952687
371.5   0.6542963379142207   0.0008449740706331775
371.75   0.6534367615039346   0.0008441230150035833
372.   0.6525682263310646   0.000842833733577802
372.25   0.6516800307623083   0.0008398485409884583
372.5   0.65078399629251   0.0008364817540214179
372.75   0.6498825889301244   0.0008329796643587131
373.   0.6489782877820788   0.0008295897503518858
373.25   0.6480819346012467   0.0008273042153193151
373.5   0.6471843653488625   0.0008253334123474171
373.75   0.6462847312812589   0.0008236291702361141
374.   0.6453821756111933   0.000822143069593113
374.25   0.6444772052797374   0.0008207618716900814
374.5   0.6435670307753119   0.0008195270337485286
374.75   0.642650219047339   0.0008184153075980684
375.   0.6417253262035   0.0008174031587965858
375.25   0.6407813908926536   0.0008164337208683909
375.5   0.6398302350922161   0.000815529082223492
375.75   0.6388742141224387   0.0008146785041586855
376.   0.6379156950255778   0.0008138711874678352
376.25   0.6369616494442366   0.0008130938873343561
376.5   0.6360080476523915   0.0008123391263184856
376.75   0.6350554404938947   0.0008115969167523036
377.   0.6341043795951902   0.0008108571883453496
377.25   0.6331623312998065   0.0008102546238249698
377.5   0.6322201846573396   0.0008095765446704033
377.75   0.6312757086941696   0.0008087542499852675
378.   0.6303266580828816   0.0008077186302323278
378.25   0.6293661249190879   0.0008054803179143693
378.5   0.6283983334730918   0.0008032554479467255
378.75   0.6274228685399648   0.0008013442177241557
379.   0.6264393112170048   0.0008000483888343801
379.25   0.625447238955883   0.0007996716035543589
379.5   0.6244462256139054   0.0008005199170447599
379.75   0.6234358415043948   0.0008029025315007559
380.   0.6224156534462286   0.0008071326979872338
