310.   0.001711015749767414   0.00008034239566060471
310.25   0.0017102571821252   0.00008030491135197931
310.5   0.00170953189215351   0.00008026031673018104
310.75   0.001708859659460964   0.00008021084082712905
311.   0.0017082604832507696   0.00008015873595608457
311.25   0.0017077545890777069   0.00008010627842783142
311.5   0.0017073624358496663   0.00008005576929254119
311.75   0.0017071047230847436   0.00008000953510847599
312.   0.001707002398435544   0.00007996992873874489
312.25   0.0017073647170030134   0.00007994908912012436
312.5   0.001707811180486786   0.00007993580596711716
312.75   0.0017082466901073622   0.00007992855773646552
313.   0.0017085750640620497   0.00007992580646664671
313.25   0.0017081637403112617   0.00007993179411167144
313.5   0.0017076611083219426   0.00007993686001699999
313.75   0.0017071847557286496   0.00007993706112302662
314.   0.0017068536796642215   0.00007992840714103555
314.25   0.0017072827389521827   0.0000798851577796756
314.5   0.0017079041505847178   0.00007983349872973133
314.75   0.0017086406578636006   0.00007977810090373403
315.   0.0017094140698267319   0.00007972369293426666
315.25   0.0017098744844668925   0.00007968163835006367
315.5   0.001710319404779019   0.00007964761549458479
315.75   0.0017107776558863965   0.00007962386647186727
316.   0.0017112784463709973   0.00007961266416333175
316.25   0.0017119203975876664   0.00007963352388353057
316.5   0.0017126372718629316   0.00007966478035121122
316.75   0.0017134314488456205   0.00007970180751535133
317.   0.0017143053624462095   0.00007973991831876747
317.25   0.001715391337380521   0.00007975140276832263
317.5   0.0017165108773832813   0.00007976346093825213
317.75   0.0017176137633205604   0.00007978055147601889
318.   0.0017186490792337231   0.00007980719713390882
318.25   0.0017193043891558211   0.00007986928070848853
318.5   0.0017198909041595887   0.00007994177335009158
318.75   0.0017204616572542156   0.00008002073400541385
319.   0.0017210704733712737   0.0000801021654040768
319.25   0.0017217818399780861   0.00008016754914922754
319.5   0.0017226375416363178   0.00008023292884352597
319.75   0.0017236899563181428   0.00008030001946813449
320.   0.0017249923208021937   0.00008037056354533436
320.25   0.0017269099453053095   0.00008045319878069203
320.5   0.0017290642217128564   0.00008054015678159815
320.75   0.0017313842469232653   0.00008063046868185539
321.   0.0017337980256917416   0.00008072315158328967
321.25   0.0017359880011509237   0.00008081154981436374
321.5   0.0017382204178328163   0.00008090253428266467
321.75   0.0017405195238174305   0.00008099738665508826
322.   0.0017429100173035356   0.00008109741227704368
322.25   0.0017455356178722491   0.00008121196805722097
322.5   0.0017482568453571498   0.00008133122871029834
322.75   0.0017510514179052048   0.00008145329643670089
323.   0.0017538967032964406   0.00008157624163044087
323.25   0.0017565560294086826   0.0000816854687240983
323.5   0.0017593035792188177   0.00008179657259536491
323.75   0.0017622030019835428   0.00008191268837660462
324.   0.00176531921537929   0.00008203701294517457
324.25   0.0017688186748844774   0.00008220869324903777
324.5   0.0017726295033144183   0.00008238109925110572
324.75   0.001776779739784314   0.00008254293064586838
325.   0.001781298114164909   0.00008268266249114326
325.25   0.0017864704496463515   0.00008273412099824431
325.5   0.0017919701653479618   0.00008276102859256429
325.75   0.001797723119356161   0.00008277343933321357
326.   0.0018036537484430156   0.00008278161610675025
326.25   0.0018095289042809927   0.00008280303457904309
326.5   0.0018154871349582895   0.00008283867759637657
326.75   0.0018215123012676963   0.00008289662710252918
327.   0.0018275880024193642   0.00008298515428678675
327.25   0.001833691566614196   0.0000831414892446526
327.5   0.001839814374323632   0.00008333431629703895
327.75   0.001845941633463412   0.00008356070426465407
328.   0.0018520582983054335   0.0000838176681255255
328.25   0.0018579315575637   0.00008411583885620975
328.5   0.0018638481685292806   0.00008443310895042539
328.75   0.0018698819008242974   0.0000847606787901507
329.   0.0018761085440131351   0.00008508953642990841
329.25   0.0018828572735387539   0.00008537581552866329
329.5   0.0018898592073501692   0.000085658157341687
329.75   0.0018970931936083083   0.0000859411384215338
330.   0.0019045377619127688   0.00008622946570648366
330.25   0.0019118814355518182   0.00008654237440858377
330.5   0.0019195043174005289   0.00008686487546209781
330.75   0.0019275037974783296   0.00008719616278760772
331.   0.0019359804662573122   0.00008753542005956728
331.25   0.0019456872532772021   0.00008787745622466841
331.5   0.0019558312704114045   0.00008822748980078898
331.75   0.0019662548042428084   0.00008858648260948822
332.   0.0019767956504473144   0.00008895544317843547
332.25   0.00198639432597961   0.00008932313910050569
332.5   0.001996116370694062   0.00008970772918587359
332.75   0.0020061556185901274   0.00009011550172456259
333.   0.0020167130334686136   0.0000905529883913924
333.25   0.002028688570087363   0.00009105073656296588
333.5   0.0020413413016456506   0.00009158291195558004
333.75   0.002054608458328614   0.00009214698046324229
334.   0.0020684259391374055   0.00009274036131088767
334.25   0.0020825852509182845   0.00009335894926184678
334.5   0.0020972173000878883   0.00009400210467752405
334.75   0.0021123134260550664   0.00009466770957407789
335.   0.0021278657984577544   0.00009535361424184594
335.25   0.00214344770586038   0.00009603575044474477
335.5   0.002159633788285909   0.00009674216121477375
335.75   0.002176596297214244   0.00009747981415123224
336.   0.0021945171628975834   0.00009825607277524482
336.25   0.0022141015701973394   0.00009909770149099848
336.5   0.002234846392648185   0.00009998680757146322
336.75   0.0022567522420517206   0.00010092418737519068
337.   0.002279823063356768   0.00010191081913869308
337.25   0.0023039685661039254   0.00010294218527109861
337.5   0.002329336093480988   0.00010402756931843941
337.75   0.0023559847632136253   0.00010517109982554323
338.   0.0023839821034039575   0.0001063773647802362
338.25   0.0024132610096669156   0.00010764899977937329
338.5   0.002444108319831435   0.00010899513389716691
338.75   0.00247668749691345   0.00011042325411894565
339.   0.0025111814223132338   0.00011194173387534637
339.25   0.002547759321344042   0.00011357001186327597
339.5   0.0025867029016610698   0.00011530494802331192
339.75   0.0026282910862871958   0.0001171542155275673
340.   0.0026728409815826434   0.00011912681548327022
340.25   0.0027208902591432903   0.00012121126565944346
340.5   0.0027726168321335356   0.00012345020505266036
340.75   0.002828426084380619   0.00012586819564997784
341.   0.0028887955075079727   0.00012849359061463584
341.25   0.0029544787505729492   0.0001313873697522575
341.5   0.0030258960703218223   0.00013455022573682855
341.75   0.0031037738507869892   0.0001380153178677136
342.   0.003188998220966813   0.0001418230874897335
342.25   0.003281765389201448   0.0001460129636046674
342.5   0.003384618645339525   0.00015066001332701654
342.75   0.0034996428706655426   0.00015584522919291768
343.   0.0036294092828271477   0.00016166944788391122
343.25   0.00377837431143239   0.00016824796642231102
343.5   0.003948840611364551   0.0001757528123601751
343.75   0.0041451318751227805   0.00018438535497097467
344.   0.004372535244202235   0.00019439148906837345
344.25   0.004636497597624444   0.00020606681663802202
344.5   0.004944680802674522   0.0002197173316458927
344.75   0.005303573711371653   0.00023563315075804592
345.   0.005717312563581932   0.00025400069411003897
345.25   0.006184321646584996   0.0002748019997045116
345.5   0.006700087213454301   0.00029778030164158827
345.75   0.00725452216533028   0.0003224657152506087
346.   0.007835625087526284   0.00034829515290546464
346.25   0.008436077524195102   0.0003747401510313912
346.5   0.009041997384787125   0.00040134782242767433
346.75   0.00964515595115514   0.0004277877955333604
347.   0.010239380178480919   0.0004538332384953765
347.25   0.010815729682331583   0.00047931889799831764
347.5   0.011376378262284634   0.0005041846582629737
347.75   0.011920725310107377   0.0005283957019112419
348.   0.012448934478228592   0.0005519465452732314
348.25   0.01296401590992816   0.0005749411717090167
348.5   0.013463989052651735   0.0005972871127418994
348.75   0.013949109817614958   0.0006189766628831604
349.   0.014419698662415027   0.0006400020966958374
349.25   0.014876364172556673   0.0006602936352384637
349.5   0.015319082922236615   0.0006799202421598866
349.75   0.015748042704006687   0.000698894234737112
350.   0.016163383872090813   0.0007172270018591659
350.25   0.016562672838616028   0.0007348020290695374
350.5   0.0169493635512638   0.0007517999934257165
350.75   0.017324575173493634   0.0007682855887512836
351.   0.017689470403720854   0.0007843269685780657
351.25   0.018047552415202794   0.0008000997731943042
351.5   0.018396923002431367   0.0008155362026653688
351.75   0.01873783462606275   0.0008306672165748161
352.   0.019070497410280676   0.0008455230915188994
352.25   0.019394748725810984   0.0008603108217172913
352.5   0.01971117580171994   0.0008748165640879493
352.75   0.020020020180839305   0.0008889910481779969
353.   0.020321498785381992   0.0009027794188982225
353.25   0.02061653110927943   0.000915971438733013
353.5   0.02090429234880464   0.0009287078735512066
353.75   0.02118461926271462   0.0009409835735829385
354.   0.021457311031834736   0.0009527924618791554
354.25   0.0217188412838929   0.0009638983883657055
354.5   0.02197346758010649   0.0009746090445876043
354.75   0.022222300074396115   0.0009850143232148448
355.   0.022466491251033553   0.0009952084820912552
355.25   0.022711733200801287   0.0010056228232906616
355.5   0.022953056537922886   0.0010159009905985226
355.75   0.02318981546959337   0.0010260075958674708
356.   0.023421312105501146   0.0010359044405529561
356.25   0.023644041462838626   0.0010454104548026238
356.5   0.023861014406936106   0.0010546756852143208
356.75   0.024072556555054962   0.0010637135101102017
357.   0.024278998510045065   0.0010725374163798763
357.25   0.024480567285935   0.0010811976692241554
357.5   0.024677753637914045   0.001089657287688361
357.75   0.024870948982706233   0.0010979146438124547
358.   0.025060551540317652   0.001105967624633457
358.25   0.025248801701932277   0.0011137707632916602
358.5   0.02543357059308308   0.001121380398211981
358.75   0.02561450567324058   0.0011288110848050043
359.   0.025791232984151955   0.0011360776180431864
359.25   0.025961268621241665   0.0011432083831628577
359.5   0.026127092128200163   0.001150200149220123
359.75   0.026289143278922632   0.001157062830607075
360.   0.02644787231775843   0.0011638063847080105
360.25   0.02660490993156195   0.0011704874349796014
360.5   0.026759104333132243   0.0011770513939232316
360.75   0.02691044803401576   0.0011834889190574507
361.   0.02705892798160917   0.0011897901100175801
361.25   0.027204919619167368   0.0011959128479998263
361.5   0.02734785288321529   0.0012018901128585785
361.75   0.027487535357563982   0.0012077235971569421
362.   0.027623764977500073   0.0012134148815716415
362.25   0.02775615884700113   0.0012189235977811623
362.5   0.027884734399459137   0.0012243092016464207
362.75   0.028009333289744243   0.0012295903203597691
363.   0.02812979047206782   0.0012347859627433902
363.25   0.028242654435065132   0.0012399939084537129
363.5   0.028352302977831683   0.0012451250199209635
363.75   0.02845990950003622   0.0012501669637165374
364.   0.028566676475329886   0.0012551069226203315
364.25   0.028677950721691707   0.0012599173032597107
364.5   0.028789271631781344   0.0012646042322184642
364.75   0.02890022535732337   0.0012691594170137692
365.   0.029010383388997307   0.001273574269297807
365.25   0.029119687129496516   0.0012777544275848895
365.5   0.02922714554071733   0.001281809573174019
365.75   0.029332129623749762   0.001285765517009529
366.   0.02943399330450429   0.0012896486141314944
366.25   0.029529128941072954   0.001293658896592152
366.5   0.0296209528754464   0.0012975829813487497
366.75   0.029709982112322914   0.0013013775240337086
367.   0.029796744465312174   0.0013049981260052073
367.25   0.029881869195931474   0.0013081088182120785
367.5   0.02996577878563175   0.0013110673561819864
367.75   0.030048994990691778   0.001313945720781198
368.   0.03013204885241064   0.001316817401483649
368.25   0.030219868401243535   0.0013199746098463887
368.5   0.030306896359286118   0.0013231914450107913
368.75   0.03039188956086739   0.0013264565874377275
369.   0.03047357785485214   0.0013297583552773487
369.25   0.030544361478940574   0.0013331471808469895
369.5   0.03061169212597644   0.0013365237176555921
369.75   0.030676805708819106   0.0013398496282524314
370.   0.030740961843747444   0.0013430857566121607
370.25   0.03080867540630517   0.0013461796393341241
370.5   0.030876751912004473   0.0013491079373750495
370.75   0.03094519616745271   0.0013518342460448166
371.   0.031014011242339462   0.0013543214909376858
371.25   0.031086752163216727   0.0013562356403018653
371.5   0.03115846920597045   0.0013579509921155866
371.75   0.03122770673315044   0.0013595497404607635
372.   0.0312929824353623   0.001361115545401534
372.25   0.03134505096236097   0.0013630096830504086
372.5   0.03139315605342709   0.0013649339386665863
372.75   0.03143889992226298   0.0013668633601280353
373.   0.031483912095229716   0.0013687725026262575
373.25   0.031535542294492375   0.0013705611511472173
373.5   0.03158754040955219   0.0013723064083030123
373.75   0.03163929064103912   0.001374011731953654
374.   0.031690165950751914   0.0013756805999747695
374.25   0.031737987116217   0.001377329290060942
374.5   0.031784252958280405   0.0013789435089776867
374.75   0.03182893254193557   0.001380521579974657
375.   0.03187199397190448   0.0013820617663936714
375.25   0.03191302145614547   0.0013835079625473786
375.5   0.03195251503293637   0.001384934018268793
375.75   0.0319905961456306   0.0013863601634678331
376.   0.032027387631610796   0.0013878068964371985
376.25   0.03206325409143273   0.0013894382957929403
376.5   0.032097985962072285   0.001391075582956487
376.75   0.0321316122291101   0.0013926816570419855
377.   0.03216416182035657   0.0013942188477122
377.25   0.03219299504748262   0.0013955853751060347
377.5   0.032221861660881715   0.0013968310650873338
377.75   0.032251876758531   0.00139794245926149
378.   0.032284170140732815   0.001398905914207102
378.25   0.03232744543409253   0.0013995286671001162
378.5   0.032372319236244784   0.0014000462519464221
378.75   0.03241688889515212   0.0014005172821780344
379.   0.032459225377902585   0.0014010011499309503
379.25   0.032497373650204546   0.0014015580149798063
379.5   0.03252935304798765   0.0014022487938992216
379.75   0.03255315764134446   0.0014031351494449868
380.   0.0325667565910429   0.0014042794801487565
