310.   0.036358013448591464   0.00004154836574230822
310.25   0.036402825455897805   0.00004157712189945954
310.5   0.03645057125732117   0.00004162106684730223
310.75   0.03650111831318053   0.00004167641923253588
311.   0.03655433223415362   0.000041739326641382394
311.25   0.03661007670762061   0.00004180586272364453
311.5   0.036668213420508015   0.00004187202417662993
311.75   0.036728601978429774   0.000041933727580730595
312.   0.036791099820907475   0.000041986806077889354
312.25   0.03685489208262374   0.000041995690946803916
312.5   0.036920764050745236   0.000041999616131665147
312.75   0.03698884107470982   0.00004200699311906634
313.   0.03705925190797902   0.00004202641313299303
313.25   0.037132237747728   0.000042098318843590354
313.5   0.03720778312257743   0.00004218763351972051
313.75   0.037285983189369355   0.00004229052676082562
314.   0.03736693614042159   0.00004240308609932726
314.25   0.037450853114318124   0.00004252283816811951
314.5   0.0375376861307582   0.000042643574426155505
314.75   0.03762749819442923   0.000042760486037415736
315.   0.03772035487169095   0.000042868651172927974
315.25   0.037816222621398526   0.000042927614332273
315.5   0.037915314029893045   0.000042981449707577194
315.75   0.03801774504849687   0.0000430394536119122
316.   0.03812363577881419   0.00004311115281130894
316.25   0.038233265782884544   0.00004324700439474513
316.5   0.03834654852840677   0.000043400481544522625
316.75   0.038463553854708135   0.00004356508418267739
317.   0.038584354956248026   0.000043734147121876515
317.25   0.03870908675655491   0.000043899732351586094
317.5   0.03883774884381223   0.0000440563463520924
317.75   0.03897040151893081   0.00004419723103113207
318.   0.03910710853402384   0.00004431543942862877
318.25   0.039247534201332444   0.000044346573671807146
318.5   0.03939230947445761   0.000044362779573745537
318.75   0.03954167652496036   0.000044380185014573044
319.   0.03969588674431859   0.000044415386341221256
319.25   0.03985600427651843   0.00004456440811635954
319.5   0.04002118599862758   0.00004473530719210576
319.75   0.04019138107489574   0.00004491350177934477
320.   0.04036653972493671   0.00004508396535692548
320.25   0.04054528808869177   0.000045163462964099614
320.5   0.04072941703603335   0.00004522996584198733
320.75   0.04091943135602269   0.000045295114100166516
321.   0.04111585559103203   0.00004537092847815167
321.25   0.0413203711068967   0.00004550565872959328
321.5   0.041531970948490815   0.000045662490513720276
321.75   0.0417507731770885   0.000045839801576979644
322.   0.041976904188125976   0.000046035922474421464
322.25   0.04221027935187322   0.00004625268717762473
322.5   0.04245134809544913   0.00004648339940928004
322.75   0.04270035718063264   0.000046724744481065664
323.   0.04295756767114996   0.000046973290692312065
323.25   0.043222947663863955   0.00004719413044980692
323.5   0.043497216612284915   0.00004742697680605619
323.75   0.043780813915744836   0.000047681136501493905
324.   0.04407420300537502   0.00004796629956479275
324.25   0.044377388369334136   0.00004838073803720248
324.5   0.044691557357844074   0.00004881302926244873
324.75   0.04501746038206908   0.00004923711129853524
325.   0.045355888775045206   0.00004962580236556083
325.25   0.04570999063468225   0.00004978410505750691
325.5   0.046077452799670494   0.000049912581957418825
325.75   0.04645823321661742   0.00005005047336602668
326.   0.04685229882871085   0.000050238847731201686
326.25   0.047257017285439386   0.00005068888513169987
326.5   0.04767597750789529   0.000051213668159021796
326.75   0.048110284238844975   0.000051789427186958674
327.   0.04856111176846012   0.000052391232609971974
327.25   0.04903084903165811   0.00005291557727669589
327.5   0.04951925782319841   0.00005344149676823423
327.75   0.05002727486732848   0.00005397286871435081
328.   0.050555907521013896   0.00005451379337368799
328.25   0.05110586800959726   0.00005507514075039396
328.5   0.05167883813582889   0.00005565253626081273
328.75   0.0522762393613605   0.000056248086692874926
329.   0.05289960495004542   0.000056864047135495854
329.25   0.053550854444472676   0.00005748439181031913
329.5   0.05423141808492233   0.000058137066662568954
329.75   0.05494312423657733   0.00005883282141737972
330.   0.055687959366965425   0.000059583169855418896
330.25   0.05646788190780626   0.0000604384171403553
330.5   0.05728552732321872   0.0000613598303077415
330.75   0.05814355745007724   0.00006234527940143001
331.   0.0590448829128795   0.00006339255260982145
331.25   0.05999308680651638   0.00006449940836248453
331.5   0.0609911307902368   0.00006566335220131373
331.75   0.062042693647060936   0.00006688182888362565
332.   0.06315183455090818   0.0000681521449632863
332.25   0.06432262172921166   0.00006945007040395288
332.5   0.06556060482205349   0.00007080172773496826
332.75   0.0668714994717748   0.00007221335090012975
333.   0.06826167008532934   0.00007369185469781046
333.25   0.06973886905458977   0.00007524756649049142
333.5   0.07131017598853136   0.00007688549441701862
333.75   0.07298423788051926   0.00007861406995934778
334.   0.07477080138464723   0.00008044278004939658
334.25   0.0766796540425838   0.00008236100473382937
334.5   0.07872497117603336   0.00008440971385254915
334.75   0.08092155944028823   0.00008661245375682423
335.   0.08328633822765956   0.00008899600825119981
335.25   0.08583967036629404   0.00009163716716732296
335.5   0.08860264935484363   0.0000945091071364643
335.75   0.09160072539834986   0.00009763092504137722
336.   0.09486350204771063   0.00010102490828600832
336.25   0.09842460016863862   0.0001046555339410537
336.5   0.10232600279398248   0.0001086355309401321
336.75   0.10661624601536995   0.0001130307323438854
337.   0.11135302811961138   0.00011791942310957316
337.25   0.11660841387213544   0.00012348569284806676
337.5   0.12246150633512841   0.00012972400651597153
337.75   0.12901154789741234   0.00013672704668927948
338.   0.13637970034089558   0.00014460775242381774
338.25   0.1447107863752372   0.0001534305191624997
338.5   0.15419491491037493   0.0001634617853532933
338.75   0.16506496695131784   0.00017495260789869495
339.   0.1776141817857902   0.00018821939268378712
339.25   0.19221806995150503   0.0002037442810561448
339.5   0.20934721561503553   0.00022194065125894841
339.75   0.22960915602819945   0.00024342411235106203
340.   0.25378469512500906   0.00026898155005611796
340.25   0.28287126559489856   0.00029931504970634335
340.5   0.3181355659827885   0.00033603286553975033
340.75   0.3611266192593642   0.00038082921288208236
341.   0.41361489676111973   0.0004356785767072463
341.25   0.4773130258384759   0.0005032971311674377
341.5   0.5531637690425841   0.0005841641062831848
341.75   0.6398298225845116   0.0006768478967080535
342.   0.731392248392585   0.0007749677937232174
342.25   0.8155551940494289   0.000864683429897023
342.5   0.8757132571555009   0.0009286537231515691
342.75   0.8996676365442541   0.0009538101868062565
343.   0.8889430291413499   0.0009417234766478376
343.25   0.8579320749162811   0.0009076718884827782
343.5   0.8235636044726803   0.0008696511628583964
343.75   0.7962912571578376   0.0008387244200599286
344.   0.778485209419223   0.0008173455877017933
344.25   0.7676738315044545   0.0008018896373852769
344.5   0.7604795974011843   0.0007900870141415111
344.75   0.7547859829838319   0.0007800447584451061
345.   0.7497883505545271   0.00077125847509629
345.25   0.7453735219924696   0.0007650630047582799
345.5   0.7416221817215962   0.0007603069029131944
345.75   0.7385862925951375   0.0007569380283670235
346.   0.7362334045419459   0.0007548217308880671
346.25   0.7344634778432482   0.0007538782108222139
346.5   0.7331817454991003   0.000753744741311553
346.75   0.7322880324695668   0.0007541740095680763
347.   0.7316970015288846   0.0007549328754369312
347.25   0.7313489305740878   0.0007553395803993439
347.5   0.731177873573276   0.0007558373314877759
347.75   0.7311391250412601   0.0007564205281754098
348.   0.7311977362725547   0.0007570939481466758
348.25   0.7313213399299999   0.0007579992831689365
348.5   0.7314951582255572   0.0007589764201302412
348.75   0.7317039151398269   0.0007599974732523192
349.   0.7319357124101644   0.0007610378354980547
349.25   0.7321830756414859   0.0007621450763826871
349.5   0.7324361622310391   0.0007632017518497047
349.75   0.7326884959717227   0.0007641606594459996
350.   0.7329348141158154   0.0007649752770501215
350.25   0.7331655870184274   0.0007651256238117465
350.5   0.7333845461813591   0.000765226624127212
350.75   0.733590869672051   0.0007654253169567974
351.   0.7337842483541133   0.0007658713111427108
351.25   0.7339672347828082   0.0007674985449113357
351.5   0.7341368762982616   0.0007693710293784107
351.75   0.7342929187143837   0.0007713273967749377
352.   0.7344353327776163   0.0007732043096194014
352.25   0.7345760562459032   0.0007742129431009507
352.5   0.7346989719797147   0.0007750556544108912
352.75   0.7347997352273781   0.0007758166570239898
353.   0.734874051282749   0.0007765813897504509
353.25   0.7348984243268076   0.0007778159472232269
353.5   0.73489544726305   0.0007790787740698364
353.75   0.7348687060514639   0.0007803046094604415
354.   0.7348218825183203   0.000781427431846004
354.25   0.734772157506556   0.0007821464924464656
354.5   0.7347046672543561   0.0007827206977883339
354.75   0.7346178868592225   0.0007831767905028205
355.   0.7345102955562464   0.0007835418840066516
355.25   0.7343710159313169   0.0007842333111890274
355.5   0.7342115812503939   0.0007847349029981643
355.75   0.7340342602429992   0.0007849166122049544
356.   0.7338413563201015   0.0007846469624620672
356.25   0.7336438465953672   0.0007826611441615517
356.5   0.733432036545353   0.0007804045498289985
356.75   0.7332048141638972   0.0007782006643443147
357.   0.7329610558722529   0.0007763765542482873
357.25   0.7326971535164056   0.000776625086325198
357.5   0.7324154081194864   0.0007773789311723185
357.75   0.732115658639045   0.0007784232720898644
358.   0.7317977399918977   0.0007795409331787283
358.25   0.731462949189217   0.0007799685586713494
358.5   0.7311090640449467   0.0007802435445758332
358.75   0.7307353099367648   0.0007803622395986081
359.   0.7303409004785973   0.0007803209776435762
359.25   0.7299174420167297   0.0007797714230505701
359.5   0.729474727493058   0.0007791910308668633
359.75   0.7290150102427952   0.0007787156670572863
360.   0.7285405607210294   0.0007784825144253888
360.25   0.7280537700706633   0.000779406198078433
360.5   0.7275567960628601   0.0007805428180818674
360.75   0.7270519152954045   0.0007817191919907414
361.   0.7265414191607849   0.0007827604752602115
361.25   0.7260461750808058   0.0007827645891038638
361.5   0.7255425848019127   0.0007825666229656383
361.75   0.7250254714353562   0.0007822805046856581
362.   0.7244896048179826   0.0007820212139301524
362.25   0.7239134217068168   0.0007828809175692564
362.5   0.7233143229715148   0.0007836134913394666
362.75   0.7226935082023763   0.000783942157104024
363.   0.7220521832754587   0.0007835877401468089
363.25   0.7213860810649354   0.0007805284304632844
363.5   0.7207040715781633   0.0007769108156073579
363.75   0.7200095938106054   0.0007731523553829808
364.   0.7193061107642099   0.0007696740833979071
364.25   0.718609388563021   0.0007685291761314861
364.5   0.7179057861601897   0.0007678709413317063
364.75   0.7171938732995744   0.0007674725782484174
365.   0.7164722024511735   0.0007671053740394088
365.25   0.7157371696237529   0.0007655844278794088
365.5   0.7149902819163612   0.0007640102776006635
365.75   0.714230905888335   0.0007625342059115079
366.   0.7134583985290521   0.000761308682006318
366.25   0.7126636111282981   0.0007611062139212934
366.5   0.7118577505090825   0.0007612170785427902
366.75   0.7110435772472403   0.0007615472448611994
367.   0.7102238685638564   0.000762001926383188
367.25   0.7094115170294447   0.0007623401839655269
367.5   0.7085952239826251   0.0007626688937341662
367.75   0.7077737375423253   0.0007629497821271889
368.   0.7069457919317955   0.0007631442911954498
368.25   0.7061084003319168   0.000763407272862591
368.5   0.7052626551815474   0.0007634290080581187
368.75   0.7044079394364937   0.0007630919322939036
369.   0.7035436278278981   0.000762277665450795
369.25   0.7026651962712733   0.0007599135364577509
369.5   0.7017774395270605   0.0007572117811731658
369.75   0.7008812783833667   0.0007544363961364844
370.   0.6999776365741358   0.0007518532264991109
370.25   0.6990689088281348   0.0007506340675106687
370.5   0.6981539733105749   0.0007497850544373551
370.75   0.6972331701054956   0.0007492126782115668
371.   0.6963068381775542   0.0007488227649493105
371.25   0.6953763926457137   0.000748400732589984
371.5   0.6944406649809354   0.0007480184459676805
371.75   0.6934995564457423   0.0007476280926859444
372.   0.6925529644823848   0.0007471815430421458
372.25   0.6916002361029917   0.0007464156948686107
372.5   0.6906420252273339   0.0007455817724121224
372.75   0.6896784386146759   0.0007447172745573255
373.   0.6887095808070733   0.0007438599388076132
373.25   0.6877357007036347   0.0007431742905486734
373.5   0.6867566937298428   0.0007425216747310054
373.75   0.6857725989178307   0.000741889508832967
374.   0.6847834528662867   0.0007412651276029492
374.25   0.6837904918191726   0.0007406615518832326
374.5   0.6827920676667134   0.0007400299419512228
374.75   0.6817877254812494   0.0007393470063251078
375.   0.6807770052098575   0.0007385893144803255
375.25   0.6797559693087634   0.0007375318409014554
375.5   0.6787290009785562   0.0007364324516374707
375.75   0.6776970244316806   0.0007353484864574053
376.   0.6766609670313335   0.0007343376167366245
376.25   0.6756242658391755   0.0007337734273880272
376.5   0.6745843508890577   0.0007332731373724321
376.75   0.673541148952749   0.0007327682483635115
377.   0.6724945841926885   0.0007321898703203949
377.25   0.6714420277822076   0.0007309615703168544
377.5   0.6703869637139869   0.0007297225858451077
377.75   0.6693303358159043   0.0007286071570528484
378.   0.6682730910042276   0.0007277502561725587
378.25   0.6672240854806663   0.0007280303026117669
378.5   0.6661732205457215   0.0007285454901934943
378.75   0.6651182682551824   0.0007291338281028065
379.   0.6640569868683314   0.000729632446957607
379.25   0.6629871210359866   0.0007298776106205626
379.5   0.6619064019854627   0.000729704727820698
379.75   0.6608125477025039   0.0007289483635887647
380.   0.6597032631102614   0.0007274422505103952
