310   0.000028525062716378683   3.259720832212564e-8
311   0.000028133290625966913   3.212381502176723e-8
312   0.000027752296693202383   3.167152667752995e-8
313   0.000027372728863380815   3.104157673355958e-8
314   0.000026998107468528507   3.063679267694942e-8
315   0.000026629904986164138   3.026451133620817e-8
316   0.000026267575015159078   2.9704025267452265e-8
317   0.00002591239990749899   2.9370886493256e-8
318   0.000025562943302677882   2.896744627800108e-8
319   0.00002521677486048371   2.8214832557387815e-8
320   0.000024878162291655837   2.7785542544487702e-8
321   0.00002453841066129484   2.70778865981803e-8
322   0.000024209569870432308   2.6550549718946963e-8
323   0.000023886480035027707   2.6119415766060965e-8
324   0.00002356719931019414   2.5648367183817e-8
325   0.00002325413218633442   2.5443332701190323e-8
326   0.000022956250802753062   2.4615560333019433e-8
327   0.00002265250486276915   2.443915734718965e-8
328   0.000022354182616381824   2.4104231373566047e-8
329   0.000022059145082970228   2.3712318210151087e-8
330   0.000021769409087937836   2.329211581971066e-8
331   0.000021484224808100906   2.3066179222309654e-8
332   0.000021204842714161   2.2883824751190906e-8
333   0.000020928911328338345   2.2593796645516508e-8
334   0.000020657618125015107   2.2224667923864578e-8
335   0.00002038720282577202   2.1784841421912e-8
336   0.000020122390063463898   2.142934391811002e-8
337   0.00001986214674133538   2.103340093221463e-8
338   0.000019610584586782228   2.0793729226001014e-8
339   0.000019358578095523617   2.051446441791185e-8
340   0.000019111524187921802   2.0255939379914225e-8
341   0.00001886576690547989   1.9872133567319772e-8
342   0.00001862196513475921   1.973144132576143e-8
343   0.000018385431410534843   1.9477055131781846e-8
344   0.00001814676936049196   1.9052618711799958e-8
345   0.000017915559370445932   1.842856986285268e-8
346   0.000017689982480770387   1.813661688418259e-8
347   0.000017466567623230853   1.802123842555987e-8
348   0.000017248136839952802   1.7858999516194403e-8
349   0.000017032088684173092   1.770929288793915e-8
350   0.000016818797220687927   1.7554035933013456e-8
351   0.0000166075516978713   1.733377000426006e-8
352   0.000016400698469106794   1.726644970786212e-8
353   0.00001619917328605468   1.711854770396903e-8
354   0.000015997199576455557   1.70118104525092e-8
355   0.000015799821112533485   1.6854524267910077e-8
356   0.000015604629648682167   1.6684975776757792e-8
357   0.000015414354562719874   1.632739336624673e-8
358   0.000015227034212970424   1.6220460669986233e-8
359   0.000015042034278299101   1.60714193688164e-8
360   0.000014857941175414512   1.5876463204703125e-8
361   0.000014677336007337582   1.5813053744310867e-8
362   0.000014502745655440543   1.565440647783653e-8
363   0.00001432711983071812   1.5548122020818095e-8
364   0.000014151732761703463   1.5142679561395718e-8
365   0.00001398063586824069   1.4968648986415375e-8
366   0.000013811708733471581   1.4738033491249496e-8
367   0.000013643897527303419   1.463859025211746e-8
368   0.000013480350872591383   1.4551968381646753e-8
369   0.000013319260113521433   1.4431193892286437e-8
370   0.000013159648529733473   1.413491473113154e-8
371   0.000013002421717310607   1.3983073047044723e-8
372   0.000012847779913274036   1.3861212806215848e-8
373   0.000012695409238545937   1.371202986352502e-8
374   0.000012545255017773565   1.3580001126834017e-8
375   0.000012397193532069848   1.3449976427316042e-8
376   0.000012250538169112367   1.3294739080805375e-8
377   0.000012106218732196325   1.3180850719025814e-8
378   0.000011964004953964555   1.3028816792568393e-8
379   0.000011824840290366911   1.2992540288796057e-8
380   0.000011686049575093582   1.2885984772006948e-8
