310.   0.00029859316640289357   3.265576800285263e-7
310.25   0.0002989690520124158   3.2691604381597353e-7
310.5   0.00029936327447914696   3.2721387466790846e-7
310.75   0.00029977614656814914   3.2746566583904104e-7
311.   0.00030020799225255473   3.2768618520277754e-7
311.25   0.00030065914717764436   3.2789048638363707e-7
311.5   0.00030112995914828876   3.2809392043263605e-7
311.75   0.00030162078864113753   3.2831214807746377e-7
312.   0.00030213200934302477   3.285611525814255e-7
312.25   0.0003026630473055518   3.288567492846377e-7
312.5   0.0003032156422783519   3.292163090395816e-7
312.75   0.0003037906056177832   3.2965707332237034e-7
313.   0.0003043887728814806   3.3019666891091915e-7
313.25   0.000305017466445596   3.309820338811122e-7
313.5   0.0003056685841455326   3.3185227664082007e-7
313.75   0.00030634038602510744   3.327733210001236e-7
314.   0.0003070311006480597   3.3371034538558636e-7
314.25   0.0003077282066998933   3.3449306802301276e-7
314.5   0.0003084447704746216   3.352723859089795e-7
314.75   0.00030918332628278663   3.3606643955438186e-7
315.   0.00030994647613587684   3.368938012136869e-7
315.25   0.00031074310250299827   3.3780782628599727e-7
315.5   0.00031156731933925774   3.3878028123306147e-7
315.75   0.0003124193934523865   3.39817015678058e-7
316.   0.00031329960897548534   3.409240435215116e-7
316.25   0.00031420783452018657   3.422180532018703e-7
316.5   0.0003151449943304305   3.4355183715020935e-7
316.75   0.0003161116089342133   3.4488635976620863e-7
317.   0.00031710822475783444   3.4618157802360877e-7
317.25   0.0003181328944686443   3.471544325349595e-7
317.5   0.0003191897226772695   3.480988446203987e-7
317.75   0.0003202803838291281   3.490714272027332e-7
318.   0.000321406613330908   3.501303581550803e-7
318.25   0.0003225741466981831   3.515820630978653e-7
318.5   0.00032377938585061774   3.531456698242072e-7
318.75   0.0003250226399851333   3.5478246857549855e-7
319.   0.0003263042454590724   3.564526575057494e-7
319.25   0.00032762100064905145   3.579701877034472e-7
319.5   0.00032897825141213   3.5949427220042116e-7
319.75   0.0003303779050559503   3.61041648471684e-7
320.   0.00033182194942057774   3.6262958488609333e-7
320.25   0.0003333150043518672   3.643097270867162e-7
320.5   0.0003348557004646272   3.660535904305851e-7
320.75   0.0003364452381687963   3.6786617003866044e-7
321.   0.00033808488416389157   3.697526594509153e-7
321.25   0.00033977269804234334   3.717989215290578e-7
321.5   0.00034151463563144636   3.738990385875123e-7
321.75   0.00034331355442774453   3.760253452623617e-7
322.   0.0003451724452677533   3.78149236816931e-7
322.25   0.00034709721702515554   3.801266670959285e-7
322.5   0.00034908730773834727   3.8208552283623196e-7
322.75   0.00035114500290584313   3.840418243269538e-7
323.   0.0003532727161808214   3.8601220172306517e-7
323.25   0.0003554757737593019   3.880205869304165e-7
323.5   0.0003577530301890516   3.900757490972299e-7
323.75   0.00036010617618367844   3.9219362124424843e-7
324.   0.0003625370230891218   3.943908188503642e-7
324.25   0.0003650400835360765   3.966589000243614e-7
324.5   0.0003676277124294786   3.990516682466996e-7
324.75   0.0003703052626208356   4.0159894095416204e-7
325.   0.0003730783849964781   4.043319170900315e-7
325.25   0.0003759586078609397   4.073742289518845e-7
325.5   0.00037894456997653725   4.106344802517155e-7
325.75   0.00038204061677444786   4.1411029808136425e-7
326.   0.0003852513854529452   4.1779935214483874e-7
326.25   0.0003885798924892769   4.2180106888754806e-7
326.5   0.0003920341056046682   4.2597281134478394e-7
326.75   0.00039562051103845294   4.302692891144816e-7
327.   0.000399346039919057   4.3464304952583914e-7
327.25   0.0004032188327962348   4.387534561826532e-7
327.5   0.0004072458305084832   4.429491231798877e-7
327.75   0.0004114352394354685   4.4729878859953536e-7
328.   0.0004157958753719796   4.518751238987801e-7
328.25   0.000420339075479506   4.5702429405931365e-7
328.5   0.0004250724979870213   4.6245738891695205e-7
328.75   0.0004300063607508728   4.6814594513349623e-7
329.   0.0004351517120239111   4.740600463200523e-7
329.25   0.00044051662610678416   4.800654236348149e-7
329.5   0.00044611941586248825   4.862700066297503e-7
329.75   0.0004519758403438809   4.926828636041424e-7
330.   0.00045810300484897296   4.993139280961418e-7
330.25   0.0004645227748480059   5.060988145263321e-7
330.5   0.00047125092628594697   5.131527198045018e-7
330.75   0.0004783081436134891   5.205214923144342e-7
331.   0.00048571706446810586   5.282547937176733e-7
331.25   0.0004934934903310054   5.364311630786714e-7
331.5   0.000501677033176122   5.450756573502011e-7
331.75   0.0005103016723726453   5.542415997243013e-7
332.   0.0005194048280893171   5.639874715957096e-7
332.25   0.0005290415750517962   5.745343810443676e-7
332.5   0.0005392388548766767   5.857394231833135e-7
332.75   0.0005500412900569079   5.976115471569545e-7
333.   0.0005614986195099244   6.101615134695435e-7
333.25   0.0005736601370856135   6.231833610461728e-7
333.5   0.0005865966916012087   6.369894330529321e-7
333.75   0.0006003811313489635   6.516958022992322e-7
334.   0.0006150955432209429   6.674325962554819e-7
334.25   0.0006308324472516908   6.844873876377181e-7
334.5   0.0006476975053782853   7.028349639546005e-7
334.75   0.0006658107183311123   7.225987490792167e-7
335.   0.0006853092415580944   7.43920020008676e-7
335.25   0.0007063507136047318   7.669786269631223e-7
335.5   0.0007291162063478208   7.919383040906769e-7
335.75   0.0007538156028757924   8.190078328132692e-7
336.   0.0007806930318645575   8.484302497736512e-7
336.25   0.0008100338271231285   8.803608794802688e-7
336.5   0.0008421734389230669   9.153053916531943e-7
336.75   0.0008775082317353906   9.53720391520517e-7
337.   0.0009165093777570436   9.961486680775141e-7
337.25   0.0009597424304105504   1.0433433943933148e-6
337.5   0.0010078833506660355   1.0959505421484539e-6
337.75   0.0010617537411104477   1.1548675849536137e-6
338.   0.0011223567617747103   1.2211904536700152e-6
338.25   0.0011909176875914763   1.296231549867663e-6
338.5   0.00126897745202564   1.3817084637729156e-6
338.75   0.0013584516568338042   1.479728060096559e-6
339.   0.0014617523176935457   1.592943959986907e-6
339.25   0.0015819523937732583   1.7249109976294217e-6
339.5   0.0017229418101754876   1.8796953348803357e-6
339.75   0.001889725689943376   2.062712794802307e-6
340.   0.0020887372414912504   2.280913948436344e-6
340.25   0.0023282089367790393   2.5425865916833504e-6
340.5   0.0026185646872328642   2.8596417060428484e-6
340.75   0.0029725663145339786   3.2461061866207404e-6
341.   0.003404802778894999   3.71806648129745e-6
341.25   0.0039294304164273035   4.292092740853406e-6
341.5   0.004554190535545241   4.976095205795061e-6
341.75   0.005268072711295251   5.758106088671437e-6
342.   0.0060223239698670794   6.584813384689809e-6
342.25   0.006715447294807461   7.344752475583023e-6
342.5   0.007210895399581795   7.888588553738494e-6
342.75   0.007408260583458711   8.106153754290226e-6
343.   0.007320142546261459   8.010925560571636e-6
343.25   0.007065367332779691   7.731860918419043e-6
343.5   0.006782972638890642   7.422362328855111e-6
343.75   0.006558997823654096   7.176863343500765e-6
344.   0.006412933223954357   7.016930211504473e-6
344.25   0.006324258333295437   6.9217970685326765e-6
344.5   0.006265300437571077   6.859370672618691e-6
344.75   0.006218631249406195   6.810263020359617e-6
345.   0.006177627368096245   6.766906406352146e-6
345.25   0.006141300141162411   6.726277669297922e-6
345.5   0.006110404667231281   6.691167387396294e-6
345.75   0.0060853974914386755   6.662399084824035e-6
346.   0.006066039468870216   6.640031932891554e-6
346.25   0.006051661964091476   6.625710761006082e-6
346.5   0.0060413346931662455   6.6158700153931925e-6
346.75   0.006034209960634008   6.609085394186851e-6
347.   0.006029562081169815   6.604060881179996e-6
347.25   0.006026783475246882   6.596435080762985e-6
347.5   0.006025436796146315   6.5896615560147355e-6
347.75   0.006025167656517333   6.5841215924166925e-6
348.   0.006025702214221799   6.580294965657185e-6
348.25   0.006026797491908525   6.582066266600411e-6
348.5   0.006028333094028592   6.5854204027266905e-6
348.75   0.006030194024765096   6.5896790076451625e-6
349.   0.006032293273209048   6.594186683632893e-6
349.25   0.006034630231720717   6.596885991404616e-6
349.5   0.006037065694611314   6.5991241541264995e-6
349.75   0.006039537516583139   6.600854692935332e-6
350.   0.006041993416960326   6.6020422730761576e-6
350.25   0.0060443598179630974   6.6018967840176425e-6
350.5   0.006046638761601228   6.601463659376974e-6
350.75   0.006048808457654822   6.6010399597589235e-6
351.   0.006050851130945329   6.60093159461651e-6
351.25   0.006052774439513552   6.602829846837501e-6
351.5   0.006054535539126785   6.605134890391307e-6
351.75   0.006056115655093926   6.607614192644355e-6
352.   0.00605749765721954   6.610034061987358e-6
352.25   0.006058584160425057   6.611393266476264e-6
352.5   0.006059474252651315   6.612523462472886e-6
352.75   0.006060187272962482   6.613497365473472e-6
353.   0.006060743691556851   6.614389589584961e-6
353.25   0.006061239779164095   6.615770355577295e-6
353.5   0.0060615935004998175   6.617028656183793e-6
353.75   0.006061797553705891   6.6180432339649895e-6
354.   0.006061844953981598   6.618691776116569e-6
354.25   0.0060617401684331905   6.618357950088499e-6
354.5   0.0060614610359618695   6.61760490830335e-6
354.75   0.006060996625291363   6.61650709119763e-6
355.   0.006060336065873644   6.615140079873408e-6
355.25   0.006059415725901402   6.613736634271861e-6
355.5   0.006058298429023517   6.612156660091106e-6
355.75   0.0060569947414295415   6.6104155185943325e-6
356.   0.006055515430127834   6.6085288243117664e-6
356.25   0.006053888086814164   6.606529199942416e-6
356.5   0.006052100595657638   6.604409288410402e-6
356.75   0.006050157465656878   6.602178535315651e-6
357.   0.006048063268543414   6.5998464922080935e-6
357.25   0.006045825605638795   6.5973220707458025e-6
357.5   0.006043444989020453   6.594755595796969e-6
357.75   0.006040924914776604   6.592197705762327e-6
358.   0.006038268895312887   6.5896995256673125e-6
358.25   0.006035493461223033   6.587585279351708e-6
358.5   0.0060325839842025435   6.5855264672350096e-6
358.75   0.006029538724103965   6.583465129685164e-6
359.   0.006026355886287374   6.581342646232492e-6
359.25   0.0060230359180622525   6.579281688291626e-6
359.5   0.006019573700320002   6.576968336710417e-6
359.75   0.006015966332013573   6.574268354900182e-6
360.   0.0060122108419344445   6.571046176091322e-6
360.25   0.006008257566542627   6.56648818637944e-6
360.5   0.006004168484449554   6.56140107321157e-6
360.75   0.005999959282364443   6.555919342722151e-6
361.   0.005995645748684589   6.550178772858246e-6
361.25   0.005991295503878302   6.5444049232887355e-6
361.5   0.005986852294525987   6.538612425702308e-6
361.75   0.005982311264893777   6.53290491473878e-6
362.   0.0059776674645601316   6.5273868900139736e-6
362.25   0.005972895457198076   6.522619769189989e-6
362.5   0.005968018582270365   6.518072856640953e-6
362.75   0.0059630398583133465   6.513668697868254e-6
363.   0.005957962283547555   6.509329065212761e-6
363.25   0.005952766766588056   6.505199870668117e-6
363.5   0.005947487086068151   6.50088728620398e-6
363.75   0.005942135101251793   6.496219912081419e-6
364.   0.005936722724670157   6.49102487233566e-6
364.25   0.005931355870666836   6.48503941244473e-6
364.5   0.005925915335750758   6.478211280046169e-6
364.75   0.005920375215952692   6.470399049748247e-6
365.   0.005914709352997056   6.4614601984815905e-6
365.25   0.00590876611411313   6.449060704819603e-6
365.5   0.005902693758217007   6.436115494358519e-6
365.75   0.005896515979321431   6.423363803572173e-6
366.   0.005890256623447168   6.411550675881346e-6
366.25   0.005884007351974948   6.404375784630199e-6
366.5   0.005877697784212671   6.398476134512188e-6
366.75   0.005871324878755258   6.393422643151764e-6
367.   0.0058648855322492015   6.388782771991421e-6
367.25   0.005858390154823972   6.384251313943359e-6
367.5   0.005851816558308048   6.3792063438710045e-6
367.75   0.005845155978382894   6.373152492504418e-6
368.   0.0058383995528033415   6.365590763167681e-6
368.25   0.005831461957133413   6.35234372998797e-6
368.5   0.005824440828929109   6.338039477827242e-6
368.75   0.005817357844789251   6.323651749650983e-6
369.   0.005810234805465191   6.310161281991299e-6
369.25   0.005803180871001378   6.302254587759455e-6
369.5   0.005796096197552569   6.295757995523462e-6
369.75   0.005788967745454303   6.290180020458154e-6
370.   0.00578178235256856   6.2850256087474275e-6
370.25   0.005774474888808069   6.2798087102889814e-6
370.5   0.005767104398051999   6.274009800904186e-6
370.75   0.005759678277579412   6.2671183878377185e-6
371.   0.005752203947400419   6.25862058493538e-6
371.25   0.0057447184099822   6.244564026706552e-6
371.5   0.00573718782374283   6.229228327536839e-6
371.75   0.005729607753274987   6.213475136880778e-6
372.   0.005721973708414342   6.198171773214959e-6
372.25   0.005714257542565461   6.186693035194691e-6
372.5   0.00570648764168109   6.1764210793546304e-6
372.75   0.005698668873035162   6.167230951288563e-6
373.   0.005690806111529264   6.1589967743185794e-6
373.25   0.005682923935354964   6.152064324991337e-6
373.5   0.0056749997093129894   6.145645508525835e-6
373.75   0.005667030391054079   6.139421263215526e-6
374.   0.005659012897629684   6.1330705072803514e-6
374.25   0.005650921608968091   6.125492569614353e-6
374.5   0.005642784804465321   6.117449175892901e-6
374.75   0.0056346083499518385   6.108926748198917e-6
375.   0.005626398126227821   6.09991163935692e-6
375.25   0.005618193549657602   6.089832873859699e-6
375.5   0.005609953679938327   6.079455526764814e-6
375.75   0.005601670934790827   6.068990292381644e-6
376.   0.005593337669160738   6.058649080403801e-6
376.25   0.005584905658277863   6.049422202963321e-6
376.5   0.005576423766858021   6.040437636069913e-6
376.75   0.0055679004898837375   6.031597731124239e-6
377.   0.0055593443536341765   6.022804252025637e-6
377.25   0.005550774822461632   6.0138072550263254e-6
377.5   0.005542185238159404   6.004718597726661e-6
377.75   0.00553357982528458   5.9954992013040564e-6
378.   0.0055249628143945115   5.986109759672077e-6
378.25   0.005516376773109131   5.9758668450274275e-6
378.5   0.005507772362930446   5.965630773676435e-6
378.75   0.005499138395877088   5.955620878020129e-6
379.   0.005490463608619373   5.9460576380292205e-6
379.25   0.005481736663513511   5.93716266584221e-6
379.5   0.005472946149618695   5.929158690610585e-6
379.75   0.005464080583697368   5.922269543585674e-6
380.   0.005455128411199058   5.916720143442042e-6
