310.   -0.0032901402821524225   6.538046643640884e-6
310.25   -0.0032928946169748837   6.535654059721494e-6
310.5   -0.003295830832025214   6.537067328358997e-6
310.75   -0.003298952534367559   6.541715433927365e-6
311.   -0.003302263452516249   6.54901689938034e-6
311.25   -0.003305767441459867   6.5583793627372796e-6
311.5   -0.0033094684879377352   6.569199132960702e-6
311.75   -0.0033133707159837436   6.580860724018631e-6
312.   -0.0033174783927534123   6.592736365842713e-6
312.25   -0.0033217772185044304   6.603287132591684e-6
312.5   -0.0033262978109970857   6.61310928790512e-6
312.75   -0.0033310525851117136   6.6219036706935904e-6
313.   -0.003336054291640951   6.629364601438867e-6
313.25   -0.0033413954859104014   6.631648714099466e-6
313.5   -0.0033469790984059647   6.633348637199354e-6
313.75   -0.0033527863353903704   6.63558805583704e-6
314.   -0.003358798061370419   6.639515866575621e-6
314.25   -0.003364876821948623   6.652151224093949e-6
314.5   -0.003371166810536405   6.6665693396174655e-6
314.75   -0.0033776963004341827   6.681597677385729e-6
315.   -0.0033844943157265417   6.69603645620485e-6
315.25   -0.003391666516954153   6.706329984153331e-6
315.5   -0.003399138082607028   6.714455897465549e-6
315.75   -0.0034069092610986263   6.720083585904992e-6
316.   -0.003414980420599142   6.722873748263903e-6
316.25   -0.003423330261762943   6.7157108335367255e-6
316.5   -0.003431989699429589   6.707641745568804e-6
316.75   -0.003440968491460279   6.70109054657405e-6
317.   -0.003450276780581175   6.698544665870898e-6
317.25   -0.0034599314533480694   6.712967193907101e-6
317.5   -0.0034699346766669677   6.732521486268685e-6
317.75   -0.0034802952524002452   6.755603217229199e-6
318.   -0.003491022381400884   6.7805652046001045e-6
318.25   -0.0035021057332977382   6.800828698576267e-6
318.5   -0.0035135830784085564   6.821439304665884e-6
318.75   -0.003525473210344967   6.842630282730981e-6
319.   -0.0035377956613245657   6.864641959721251e-6
319.25   -0.003550639001105708   6.887818039676224e-6
319.5   -0.003563929628889535   6.912281047781331e-6
319.75   -0.0035776612363997316   6.938255166140806e-6
320.   -0.0035918275490659977   6.965972121253241e-6
320.25   -0.003606312898179628   6.997056894101355e-6
320.5   -0.00362126288713565   7.0298360003569e-6
320.75   -0.0036367168562658372   7.0639906265856455e-6
321.   -0.0036527157101140894   7.099192239985648e-6
321.25   -0.003669339367669315   7.133310744378852e-6
321.5   -0.0036865803695678863   7.1684797136459825e-6
321.75   -0.0037044693499477636   7.205084267315625e-6
322.   -0.0037230383825594916   7.243523730272365e-6
322.25   -0.003742388731106057   7.286674982815459e-6
322.5   -0.0037624619004430434   7.331556969511028e-6
322.75   -0.0037832666020828584   7.377588424218353e-6
323.   -0.003804812332528145   7.424167257689133e-6
323.25   -0.0038271068770222173   7.46785046729084e-6
323.5   -0.0038501650026543767   7.511892263318645e-6
323.75   -0.0038739999774285833   7.55680054497066e-6
324.   -0.003898626146280749   7.60310423503619e-6
324.25   -0.003923943042039093   7.652589138001857e-6
324.5   -0.003950127821191876   7.704123425572488e-6
324.75   -0.003977247326292554   7.757789596270428e-6
325.   -0.00400537197870754   7.81367523447371e-6
325.25   -0.004034681169447894   7.872621175266001e-6
325.5   -0.004065108058676878   7.933693005465701e-6
325.75   -0.004096691183741371   7.996680442724588e-6
326.   -0.004129471814231245   8.061365105989712e-6
326.25   -0.004163505084976131   8.12507173279524e-6
326.5   -0.004198823364204431   8.19094321755729e-6
326.75   -0.004235472927962507   8.259770441178626e-6
327.   -0.004273503584735885   8.332386674187963e-6
327.25   -0.004312802209645223   8.41165997353691e-6
327.5   -0.004353656565423454   8.495777974511978e-6
327.75   -0.004396200081641795   8.584877697176597e-6
328.   -0.0044405751657559415   8.67910813079321e-6
328.25   -0.00448715220278087   8.781337296471323e-6
328.5   -0.004535793829910389   8.888016414823833e-6
328.75   -0.004586581362712619   8.998178526411205e-6
329.   -0.004639603295350919   9.110802276068032e-6
329.25   -0.004694872503517483   9.215615922583315e-6
329.5   -0.004752608868709595   9.32410257457736e-6
329.75   -0.004812963121245017   9.439004495077518e-6
330.   -0.004876099094214158   9.563254009207966e-6
330.25   -0.00494208546307164   9.714607591604693e-6
330.5   -0.005011267160661373   9.876401712626278e-6
330.75   -0.005083904320587201   0.000010045926450696535
331.   -0.005160280764163525   0.0000102202801674047
331.25   -0.005240798445264991   0.000010382821920510596
331.5   -0.005325672049913148   0.000010548695192830323
331.75   -0.005415234852918084   0.000010720199486123926
332.   -0.005509854346281869   0.000010899834827395144
332.25   -0.005610061961505429   0.000011095386634364777
332.5   -0.00571613680762963   0.000011302941307102317
332.75   -0.005828523093912037   0.000011523535273108718
333.   -0.005947716360634008   0.000011758322246275408
333.25   -0.006074087799218272   0.000012013312764595891
333.5   -0.006208507536627041   0.000012283532395434287
333.75   -0.006351756710773986   0.000012568477736521279
334.   -0.006504715101291329   0.000012867611393934189
334.25   -0.006668459345660946   0.000013166096103546129
334.5   -0.006844005483058223   0.00001348257779007448
334.75   -0.007032599184216295   0.000013822880721954819
335.   -0.007235664258793402   0.000014193610330760004
335.25   -0.00745477732872441   0.000014618035980187003
335.5   -0.007691898560915515   0.000015083665425693967
335.75   -0.00794923474414557   0.00001559312472066249
336.   -0.008229352498964556   0.000016149491967081057
336.25   -0.008535440036600814   0.000016750653269710236
336.5   -0.008870772556743331   0.000017408497607878968
336.75   -0.009239425939732489   0.00001813081215122388
337.   -0.009646244856719565   0.00001892685088424004
337.25   -0.010096599336465964   0.000019802808166572832
337.5   -0.010598020573343947   0.00002077839652648094
337.75   -0.011159171552915731   0.00002187216756160627
338.   -0.011790630477198754   0.000023106808069397395
338.25   -0.012505737532139972   0.00002452417927263013
338.5   -0.013320209243086363   0.000026141136498004888
338.75   -0.014254040827535047   0.00002799399776557322
339.   -0.015332406452570644   0.000030128296130399784
339.25   -0.01658747601356569   0.0000325784299833894
339.5   -0.01805970974205986   0.00003544606271312196
339.75   -0.019801263971117262   0.00003883673754122274
340.   -0.021879152066865987   0.00004288669410081565
340.25   -0.024379206126841243   0.00004779211770924079
340.5   -0.027409750496750224   0.00005375194587922569
340.75   -0.03110338069773903   0.000061030627179062886
341.   -0.03561141189477894   0.00006993105821135859
341.25   -0.04107755846550767   0.00008082484099214326
341.5   -0.04758335906302994   0.00009378895028450769
341.75   -0.05501274885499684   0.00010854915316201486
342.   -0.06285647416148368   0.00012402251424437609
342.25   -0.07006059031327785   0.00013763873581163874
342.5   -0.07519935865636086   0.00014695669072338607
342.75   -0.07722871445207727   0.0001500862450036808
343.   -0.07628331837765603   0.00014748701709713043
343.25   -0.0736055842792441   0.0001420602418339915
343.5   -0.07064224402841825   0.0001362296411456113
343.75   -0.06828838047626944   0.00013167879423974608
344.   -0.06674541645312533   0.00012875838909564717
344.25   -0.06579374919056787   0.0001269683079989002
344.5   -0.06515040337903985   0.00012579931102326937
344.75   -0.06463471038677644   0.00012489280996980088
345.   -0.06417855856881036   0.00012410743818545
345.25   -0.0637748377893175   0.00012341567987165746
345.5   -0.06342884415312913   0.00012282376815380767
345.75   -0.06314515895648173   0.00012233255827407352
346.   -0.06292114597502929   0.00012192887536509869
346.25   -0.06275087628336616   0.00012155534845660902
346.5   -0.06262296127755983   0.00012123416824652923
346.75   -0.06252803046651949   0.00012095373258428493
347.   -0.06245798446653998   0.00012070491360209815
347.25   -0.06240318355512651   0.00012046939113476859
347.5   -0.06236237851218588   0.00012026018851424397
347.75   -0.0623324381235285   0.00012008057980398721
348.   -0.06231107676744699   0.00011993561751663124
348.25   -0.06229900669226372   0.00011987767025339364
348.5   -0.06229183313278656   0.00011985031143989011
348.75   -0.062287862141378825   0.00011984335364689157
349.   -0.06228568378642015   0.00011984706472463426
349.25   -0.062282424778517184   0.00011981634966890728
349.5   -0.06227940111317956   0.00011979177343880415
349.75   -0.06227639779468985   0.00011977881192298568
350.   -0.06227330844787318   0.00011978323233054978
350.25   -0.06227085076449019   0.00011987231070590188
350.5   -0.06226804585786142   0.00011996685238360974
350.75   -0.062264699489698226   0.00012004834634628394
351.   -0.06226065936704004   0.00012009811161054946
351.25   -0.06225679129595547   0.00012001809812882671
351.5   -0.06225163187460604   0.00011989968254459941
351.75   -0.06224471242375816   0.00011975582100431483
352.   -0.06223557750622776   0.00011959968792777939
352.25   -0.062221984935493246   0.0001194627557108597
352.5   -0.06220600304305244   0.00011933338197022761
352.75   -0.06218792994986044   0.00011921799512923789
353.   -0.062168076758091856   0.00011912312052869006
353.25   -0.06214779323683265   0.00011908430176041471
353.5   -0.06212597927454951   0.00011906789548957152
353.75   -0.06210255947141768   0.00011906894186909844
354.   -0.06207746165175742   0.00011908242184345406
354.25   -0.0620499971354854   0.00011912431990743505
354.5   -0.062020961970159424   0.00011916011149558893
354.75   -0.06199054140456191   0.0001191760463354123
355.   -0.06195892471877113   0.00011915821595031685
355.25   -0.06192747598765037   0.00011901633622514251
355.5   -0.06189475726712755   0.00011884254302745216
355.75   -0.06186049253009105   0.00011865339873815391
356.   -0.06182440322229533   0.00011846566142885155
356.25   -0.06178524024194145   0.0001183460986392121
356.5   -0.06174407037314511   0.0001182423258353864
356.75   -0.06170099940564992   0.0001181514598306766
357.   -0.06165613444593055   0.00011807058206061627
357.25   -0.061610226272220896   0.00011797885082689475
357.5   -0.061562487568996474   0.00011789824501549573
357.75   -0.06151276828888259   0.0001178329941167745
358.   -0.06146091662178362   0.00011778736876306807
358.25   -0.061405449294456495   0.00011780451353028286
358.5   -0.06134806697776526   0.00011783457161384161
358.75   -0.06128915120336051   0.00011786619781012494
359.   -0.06122908702100916   0.0001178879289325189
359.25   -0.06116918801026678   0.00011785548920326456
359.5   -0.061108554491713554   0.00011780283123296571
359.75   -0.06104720687270897   0.00011773139122940108
360.   -0.060985165154280346   0.00011764262164561852
360.25   -0.06092145083306174   0.00011753399832880091
360.5   -0.0608574765715167   0.00011741257958326668
360.75   -0.06079366509859834   0.00011728148085838191
361.   -0.0607304424133239   0.00011714384748792425
361.25   -0.060672815566888604   0.00011700982943050543
361.5   -0.060614824732707344   0.00011687289044041348
361.75   -0.06055505304273362   0.00011673344001477589
362.   -0.060492070214248496   0.00011659189043491746
362.25   -0.06041756917145443   0.00011644590969673375
362.5   -0.06033967816382156   0.00011629975153966936
362.75   -0.060259703964596456   0.00011615494727044714
363.   -0.06017896454711073   0.00011601304025772497
363.25   -0.06010317612373656   0.00011587781558421597
363.5   -0.06002755138340832   0.00011574772593889441
363.75   -0.0599516670267944   0.00011562344811228338
364.   -0.05987509555335862   0.00011550566269652129
364.25   -0.05979540533392667   0.00011540190597132299
364.5   -0.059714954047263624   0.0001153032958358836
364.75   -0.05963411027814765   0.00011520775468420099
365.   -0.05955324512622837   0.0001151131863338923
365.25   -0.05947479531174584   0.00011503735789226936
365.5   -0.05939625501868476   0.00011495036619694263
365.75   -0.05931716911176692   0.00011484202876922987
366.   -0.05923707836868922   0.00011470208366027748
366.25   -0.05915435936765722   0.00011443598458217111
366.5   -0.05907016556963245   0.0001141509429965055
366.75   -0.058984494441264586   0.00011387047492067514
367.   -0.058897343115714186   0.00011361827605299666
367.25   -0.05880785206197616   0.00011352819194164799
367.5   -0.058717214071945745   0.00011347063563651552
367.75   -0.058625771053912784   0.00011342542345220152
368.   -0.05853386710488643   0.00011337221901109516
368.25   -0.0584432840882055   0.00011321728310138656
368.5   -0.058352364674641034   0.00011304232258570418
368.75   -0.0582608798683016   0.00011285612405366788
369.   -0.058168598666619   0.0001126675379538045
369.25   -0.05807427073426953   0.00011250504996554866
369.5   -0.057979082595039255   0.00011235028892838199
369.75   -0.057883207931090155   0.00011220439329350667
370.   -0.05778682132888393   0.00011206850788780581
370.25   -0.05769125336874681   0.00011197559732704866
370.5   -0.057595066400650756   0.00011188236643965225
370.75   -0.057497971664221666   0.0001117771447082463
371.   -0.05739967817859372   0.00011164818298430157
371.25   -0.0572982094770873   0.00011141536665895243
371.5   -0.05719562241856794   0.00011116221601645588
371.75   -0.057092298445360096   0.00011090429401485332
372.   -0.05698862125355376   0.00011065726578097783
372.25   -0.0568857276079599   0.00011051519302677147
372.5   -0.05678295634870495   0.0001103845267374841
372.75   -0.05668039499062004   0.00011024965999983142
373.   -0.0565781312940661   0.0001100948860788295
373.25   -0.05647704973775496   0.00010982174270876346
373.5   -0.056376125475097516   0.0001095298425648789
373.75   -0.05627512591166451   0.00010923650845222791
374.   -0.05617381674809235   0.00010895917010252003
374.25   -0.056071257203091494   0.00010878547317411935
374.5   -0.05596819466313701   0.00010863507109452859
374.75   -0.05586467391439934   0.00010849744889920531
375.   -0.05576073980050871   0.00010836202685110382
375.25   -0.05565635824062349   0.00010818249480429633
375.5   -0.055551684580705765   0.00010799799575764439
375.75   -0.055446795658772405   0.00010781213261000936
376.   -0.05534176854989509   0.00010762852901686395
376.25   -0.05523730909896697   0.00010750305843710709
376.5   -0.055132616328692444   0.00010736638315007844
376.75   -0.05502751479561061   0.00010720114626322655
377.   -0.05492182787679112   0.00010698989378179346
377.25   -0.05481450163656319   0.00010660993858288094
377.5   -0.05470658180959247   0.00010619059568103823
377.75   -0.054598241229393114   0.00010575647509788678
378.   -0.05448965351942521   0.00010533232357602015
378.25   -0.05438109147372486   0.00010501399121948592
378.5   -0.05427259272902057   0.00010472728986053823
378.75   -0.054164293593589236   0.00010446878589747355
379.   -0.054056330916459214   0.00010423502500829189
379.25   -0.05394884208036461   0.00010402253242972665
379.5   -0.0538419649948073   0.0001038278132317289
379.75   -0.053735838089223525   0.00010364735258750255
380.   -0.05363060030625335   0.00010347761603918845
