310.   0.00017519303154024457   0.000020328447913851157
310.25   0.00017537221988547173   0.000020317306686721577
310.5   0.00017581392901387517   0.000020307342048229056
310.75   0.00017643292003146661   0.000020298151073241585
311.   0.00017714306235036136   0.000020289326662740516
311.25   0.0001778573061824976   0.00002028045741549445
311.5   0.0001784876540427946   0.000020271127495128874
311.75   0.0001789451312170263   0.00002026091649238426
312.   0.00017913975514730068   0.000020249399282344054
312.25   0.00017836914307805312   0.000020232241072176455
312.5   0.0001773943047079458   0.00002021445569508487
312.75   0.00017637005225657536   0.00002019718704932115
313.   0.00017545298132832292   0.00002018159237696276
313.25   0.00017531122895334748   0.000020172422199672093
313.5   0.00017539398100381923   0.000020165867511222083
313.75   0.00017565664916987416   0.000020161675311932845
314.   0.0001760541324323394   0.00002015958993554794
314.25   0.00017650329241227167   0.00002016005236579652
314.5   0.00017701027564578974   0.00002016182564127797
314.75   0.00017754357186633183   0.000020164361496843428
315.   0.00017807128084743528   0.00002016710499525418
315.25   0.00017842642164651534   0.000020166999403409808
315.5   0.00017876412587015752   0.000020166955707987738
315.75   0.00017910597487653056   0.000020167411493341848
316.   0.00017947383376647877   0.00002016881023546813
316.25   0.00018000598732187075   0.000020173008773634415
316.5   0.0001805629483913132   0.00002017850041896601
316.75   0.00018112026894677682   0.000020185175300767277
317.   0.00018165316951410085   0.000020192922355463754
317.25   0.00018200969997673273   0.000020201557831510573
317.5   0.00018234122546342642   0.000020211067786802654
317.75   0.00018267351340430573   0.000020221366403947058
318.   0.00018303269988347056   0.000020232366919939187
318.25   0.00018360092930991997   0.00002024406560018651
318.5   0.00018418815694744948   0.000020256256574826503
318.75   0.0001847583256467107   0.00002026881582544724
319.   0.0001852748407156306   0.000020281617726332953
319.25   0.00018554471529446978   0.00002029375294046097
319.5   0.00018574742398538407   0.000020306182489644173
319.75   0.00018590815339082756   0.000020319094339078473
320.   0.00018605247723634774   0.00002033267967739151
320.25   0.0001862501306257697   0.000020346867100015912
320.5   0.0001864665285844207   0.00002036222524969213
320.75   0.0001867106483770295   0.000020379064299794184
321.   0.00018699162181309083   0.0000203977000271275
321.25   0.0001873967292924087   0.000020419298113864366
321.5   0.00018782677741778026   0.000020443010289336773
321.75   0.00018825955287833616   0.000020468825898660237
322.   0.00018867246467133692   0.000020496734845594346
322.25   0.00018889396369752923   0.000020528037896829887
322.5   0.0001891075854443821   0.000020560901124663457
322.75   0.00018935023991714352   0.00002059478065204869
323.   0.00018965951366756026   0.000020629123382676036
323.25   0.00019014744354753225   0.000020660290644065193
323.5   0.00019075037359162698   0.00002069199291619869
323.75   0.00019147792616272576   0.000020724905840330896
324.   0.0001923399420941378   0.0000207597186581887
324.25   0.00019353589419145365   0.000020800051115694106
324.5   0.00019481242821669799   0.000020842561940936998
324.75   0.00019610249221931636   0.00002088679014246953
325.   0.00019733769778866315   0.000020932266479961123
325.25   0.0001982098434281061   0.000020977214625522262
325.5   0.00019897945056654868   0.000021022954621514748
325.75   0.00019967154757812448   0.000021069522878053536
326.   0.00020031168039947136   0.000021116957508330252
326.25   0.00020092596931448772   0.00002116486327254594
326.5   0.00020154103282503657   0.000021213887359000706
326.75   0.00020218412065811086   0.000021264252456867726
327.   0.00020288311507023308   0.000021316187559033446
327.25   0.00020379385653853998   0.000021370711112735852
327.5   0.00020476858906575427   0.00002142697729101961
327.75   0.000205784908704437   0.000021484914026619094
328.   0.00020681990059469212   0.000021544449190930168
328.25   0.0002078068982666775   0.0000216039618322065
328.5   0.0002087819414714878   0.000021665532505631485
328.75   0.00020973822556371194   0.00002172972776400315
329.   0.0002106687795604072   0.000021797131073718578
329.25   0.00021149799069142706   0.00002187082723688957
329.5   0.00021231364158730517   0.0000219479867580187
329.75   0.00021313649410051056   0.000022028224256302503
330.   0.00021398790088189305   0.000022111146965572713
330.25   0.00021494775331797522   0.000022193900466616127
330.5   0.00021595829586738653   0.00002227948307448883
330.75   0.00021701890621345841   0.000022368493717452904
331.   0.00021812899324145284   0.000022461553093292947
331.25   0.0002192283781776102   0.000022559306486125272
331.5   0.00022039927017062781   0.000022662421153544372
331.75   0.00022166595108998995   0.000022771592440371422
332.   0.0002230535634290593   0.00002288754455007087
332.25   0.00022475565605905903   0.000023015694555899535
332.5   0.0002265670740107897   0.000023150367666753573
332.75   0.00022844618733135097   0.00002329044715914366
333.   0.00023035002410407802   0.00002343478601049318
333.25   0.00023203425823027966   0.000023577712730921263
333.5   0.00023372985728461484   0.000023724236003576116
333.75   0.00023547273439254214   0.000023874982006458374
334.   0.0002373002627339007   0.000024030610401490846
334.25   0.00023932658382199665   0.00002419501299160337
334.5   0.0002414883376800539   0.000024364503927162713
334.75   0.00024379653519299678   0.00002453852245256856
335.   0.00024626287998832534   0.0000247164983222169
335.25   0.0002490361270378462   0.000024889734060169774
335.5   0.00025194121472725946   0.000025068858809570477
335.75   0.00025493491145169657   0.000025256694848881338
336.   0.0002579722613744136   0.00002545621788236629
336.25   0.00026088243427220114   0.00002568005852677823
336.5   0.000263787625463591   0.000025918460488690516
336.75   0.00026668923051489213   0.000026170943995764812
337.   0.0002695889656586562   0.000026437046194582608
337.25   0.0002723003604632624   0.000026711608893064958
337.5   0.00027508565917908133   0.00002700071066567483
337.75   0.00027802842587332216   0.000027305978886828434
338.   0.0002812177622553579   0.000027629201320460478
338.25   0.00028510469201232104   0.000027974271919810138
338.5   0.0002893030054710851   0.000028340732300099225
338.75   0.0002937700512903581   0.000028730181716978647
339.   0.00029846159512780324   0.000029144444609512453
339.25   0.0003030393430557042   0.000029585391155597142
339.5   0.00030785577220874454   0.00003005572092693543
339.75   0.00031298829001810073   0.000030558299113266275
340.   0.00031852269225655954   0.00003109643987144499
340.25   0.000324756522405022   0.00003167328618833133
340.5   0.00033152226058208293   0.00003229430926558426
340.75   0.00033885251776711564   0.00003296511760746716
341.   0.0003467880515455113   0.00003369232070668598
341.25   0.00035525900572617265   0.000034483330153628417
341.5   0.0003644924322947042   0.00003534810752922658
341.75   0.0003746223640067202   0.00003629814358206512
342.   0.0003858101499136707   0.000037347374353456295
342.25   0.0003983267637503277   0.000038513658432007046
342.5   0.0004123119543485404   0.000039816896433800704
342.75   0.00042802757587418676   0.00004128276690515909
343.   0.0004458016361206654   0.000042943336316053984
343.25   0.00046605937108646457   0.00004483907843176894
343.5   0.0004892955260794132   0.00004701947544534657
343.75   0.0005161330616647896   0.0000495456257620291
344.   0.0005473091313137503   0.00005248990370932345
344.25   0.0005833466827748922   0.00005593072069777482
344.5   0.0006253824902388783   0.00005994672262208399
344.75   0.0006740847712085602   0.00006459228597322197
345.   0.0007296550033211094   0.00006987385639864365
345.25   0.000792357587618167   0.00007573556276971492
345.5   0.0008603403755812217   0.00008205942315123326
345.75   0.0009319716090571329   0.00008869923473230923
346.   0.001005577129885198   0.00009551089337035962
346.25   0.0010788148959040922   0.00010236990819081926
346.5   0.0011515116384139949   0.00010918904494611804
346.75   0.0012230960583780215   0.0001159062684435433
347.   0.001293264735262605   0.00012248192982696707
347.25   0.0013629650498843155   0.000128898115353017
347.5   0.0014308739761216768   0.00013513620294277394
347.75   0.0014966300320193749   0.00014118967546971
348.   0.001559874620673386   0.0001470567965351209
348.25   0.0016181095985973732   0.00015273198432007177
348.5   0.00167378452252985   0.00015822741041541478
348.75   0.00172749582740396   0.00016355035821588032
349.   0.0017799299750548758   0.0001687089473674162
349.25   0.0018343765836239194   0.00017372481558765348
349.5   0.001888272807748319   0.0001785891545039371
349.75   0.0019413628406297061   0.00018330480730610182
350.   0.0019933398396665748   0.00018787399013165206
350.25   0.0020426942348538047   0.00019227163969091018
350.5   0.002090591742966337   0.00019653483949386814
350.75   0.0021371058772970465   0.00020067584780459312
351.   0.002182311006792396   0.00020470728974859186
351.25   0.002226406219767396   0.00020868100850270974
351.5   0.002269297895442316   0.00021255720029229522
351.75   0.002311007402139066   0.0002163322318746552
352.   0.0023515527333117293   0.00022000152389766749
352.25   0.0023922429825637514   0.00022351809400407319
352.5   0.0024313160478429767   0.00022693248433300708
352.75   0.0024682149204500294   0.00023025568601612337
353.   0.002502343965758709   0.00023349906248557856
353.25   0.0025280025873822224   0.00023668647211972938
353.5   0.0025514868317510413   0.00023981332294648942
353.75   0.0025742862218010257   0.0002428867934781509
354.   0.002597980952619932   0.0002459141046945517
354.25   0.0026311586915270324   0.00024895271973055796
354.5   0.002666041486633681   0.0002519408277492723
354.75   0.0027014951427224683   0.0002548642707367464
355.   0.0027363138770785393   0.000257707854367695
355.25   0.002764763014693657   0.00026040824501000605
355.5   0.002791653268984481   0.0002630133213400302
355.75   0.0028174776608294997   0.00026552507717703984
356.   0.0028427539500416816   0.0002679455323563369
356.25   0.0028700612774726474   0.00027024146556979084
356.5   0.0028971500279805834   0.0002724636738444584
356.75   0.002923745172789183   0.00027462919311860073
357.   0.0029495574435798554   0.0002767557151949597
357.25   0.0029728897376523175   0.0002789221869208546
357.5   0.002995353706208476   0.0002810637209784203
357.75   0.0030172072361261803   0.0002831743367981008
358.   0.003038718229172636   0.000285247660705042
358.25   0.0030612233272970034   0.00028725509394114863
358.5   0.003083543512107034   0.0002892197573572642
358.75   0.003105530890471285   0.00029114333559960236
359.   0.003127030784090046   0.00029302749275616753
359.25   0.003147131238835317   0.0002948814598364574
359.5   0.0031667047806742347   0.00029669635296311706
359.75   0.003185891296170672   0.0002984706127201748
360.   0.003204834962370317   0.000300202560237331
360.25   0.0032235874916436823   0.000301891237099206
360.5   0.0032424353809778206   0.00030353357730302736
360.75   0.0032615753743724264   0.0003051272172520005
361.   0.003281209370551521   0.0003066696772574491
361.25   0.00330337569045145   0.00030813634761908335
361.5   0.003325744926695037   0.0003095550781174592
361.75   0.0033477727138584747   0.0003109322098532825
362.   0.0033688974938689436   0.0003122742437690421
362.25   0.0033864383169674374   0.0003136019004616644
362.5   0.0034027197363661137   0.000314902465441463
362.75   0.0034180025916880235   0.0003161770703869891
363.   0.0034325556012116593   0.0003174268369554513
363.25   0.0034469148925479675   0.00031865356434388446
363.5   0.0034610036648915167   0.00031985740173554825
363.75   0.003475005835366236   0.0003210391601499869
364.   0.003489109811927689   0.0003221996356226714
364.25   0.0035036968227032243   0.00032335462542467037
364.5   0.0035187021218125686   0.00032448402912668695
364.75   0.0035342492634423636   0.0003255824023590646
365.   0.003550464074876985   0.00032664413913912764
365.25   0.0035690837163940003   0.0003276301522288283
365.5   0.00358800121313935   0.0003285808539375707
365.75   0.003606685814974228   0.00032950390740644586
366.   0.003624593799015455   0.000330407139949858
366.25   0.0036392852780048972   0.00033132888186416365
366.5   0.003652810990109849   0.0003322350780304333
366.75   0.0036653647910248137   0.0003331215455667533
367.   0.003677145269774027   0.0003339839846805979
367.25   0.0036882184025371295   0.0003347953030577474
367.5   0.0036989829471122094   0.00033558252713427944
367.75   0.0037097075567095556   0.0003363503382937229
368.   0.0037206664295973287   0.00033710350126196607
368.25   0.0037324454859051885   0.00033788199691809517
368.5   0.0037449034435075627   0.00033864185354188185
368.75   0.003758204864395599   0.00033937366080307374
369.   0.003772517013187051   0.00034006780466090653
369.25   0.0037902499358579726   0.00034064958270593694
369.5   0.003808457533460658   0.0003411993202521634
369.75   0.0038263968179755997   0.00034173340797609826
370.   0.0038433102168952027   0.0003422685428370876
370.25   0.0038548589506571308   0.0003428840271641167
370.5   0.003865224023182532   0.0003435103941468326
370.75   0.003875065831598738   0.0003441397222709131
371.   0.0038850571726609636   0.0003447639218789387
371.25   0.003899157209783709   0.0003453552560098699
371.5   0.003913502429265077   0.00034593244343362095
371.75   0.003927462568312162   0.0003464948749279931
372.   0.003940396135379111   0.0003470419202467786
372.25   0.0039491993681425724   0.00034756856652710976
372.5   0.003956623855831795   0.0003480802197114937
372.75   0.003962997030968961   0.00034857797109464456
373.   0.003968652170461709   0.00034906292161804926
373.25   0.003972660866616662   0.0003495486189781418
373.5   0.0039771339190948106   0.00035001885236500996
373.75   0.003982938963309342   0.0003504696739863741
374.   0.003990957220100251   0.00035089706573536753
374.25   0.0040079030347093935   0.00035126713230297716
374.5   0.004026573036938363   0.0003516172625475804
374.75   0.004045514183286372   0.00035195539231308717
375.   0.00406325046227193   0.00035228957456754414
375.25   0.004073116115442127   0.00035265928379922155
375.5   0.00408079309274555   0.0003530291620350442
375.75   0.004086844540552112   0.0003533948437301913
376.   0.00409184249727092   0.0003537518889009967
376.25   0.00409765212080902   0.0003540941894478103
376.5   0.0041030721694583815   0.0003544193834994291
376.75   0.004108177467882663   0.00035472346416452635
377.   0.004113043920345386   0.0003550023636562014
377.25   0.004117620651210076   0.00035522760546922663
377.5   0.00412216394455986   0.0003554289551501895
377.75   0.004126804882865024   0.00035561207774535025
378.   0.004131676265732807   0.00035578271407790387
378.25   0.004137790980697973   0.00035595609252743536
378.5   0.004144060158063916   0.00035612497485809717
378.75   0.004150264316730918   0.00035629149415113153
379.   0.004156180968823936   0.00035645780547127905
379.25   0.004161584662834683   0.00035662608557575
379.5   0.004166247025870469   0.0003567985326285887
379.75   0.004169936805036169   0.00035697736592026313
380.   0.004172419907975258   0.0003571648255923568
