310.   0.027648308181010887   0.000015803561918666743
310.25   0.027641047002527386   0.00001583573507716066
310.5   0.027634372693137302   0.00001585996222989215
310.75   0.02762832027226894   0.00001587729717864247
311.   0.027622925277253994   0.000015888804307187954
311.25   0.027618223779799052   0.000015895558909115115
311.5   0.02761425240308738   0.00001589864752739904
311.75   0.027611048339540513   0.000015899168306275534
312.   0.02760864936927062   0.000015898231355965767
312.25   0.027607109514457415   0.000015895898603227303
312.5   0.02760644597121939   0.000015894785119474236
312.75   0.027606692058058296   0.00001589646946809031
313.   0.027607881687748345   0.000015902548853079523
313.25   0.02761022429842089   0.000015922683887896774
313.5   0.027613511010358232   0.00001594728739050175
313.75   0.027617706645773524   0.00001597475104708672
314.   0.02762277583462677   0.000016003447646978743
314.25   0.027628542159935786   0.000016028684239122023
314.5   0.027635166341387248   0.00001605304350800002
314.75   0.027642669605051233   0.000016076074904371727
315.   0.027651073694443865   0.00001609732215310753
315.25   0.027660411776283287   0.0000161136969847283
315.5   0.027670691501609498   0.000016128394007461584
315.75   0.027681931859260378   0.000016142005815067776
316.   0.02769415237777712   0.000016155132686844704
316.25   0.027707360719264777   0.000016169264214632914
316.5   0.027721594885025302   0.000016183787723892995
316.75   0.027736881204182766   0.000016198969788632825
317.   0.027753246704560437   0.00001621508082817113
317.25   0.02777072255928863   0.00001623549070465224
317.5   0.02778933250954454   0.00001625616175020788
317.75   0.027809104457606666   0.000016276117027294425
318.   0.027830067102135855   0.000016294365711970585
318.25   0.027852333534313177   0.0000163055997080498
318.5   0.02787581764752483   0.0000163147975348869
318.75   0.027900516696806297   0.000016322676022085578
319.   0.027926428355492892   0.000016329962590402795
319.25   0.027953376443270127   0.00001633551024659267
319.5   0.027981602464399544   0.000016342696789817624
319.75   0.028011176515173368   0.00001635305247076592
320.   0.028042170329229465   0.00001636813213752766
320.25   0.02807483065857286   0.000016396421794638957
320.5   0.028108991208029174   0.000016429905271399345
320.75   0.028144658347686025   0.000016467399898721908
321.   0.028181839203619215   0.000016507704682993727
321.25   0.02822047148328594   0.000016546995996570945
321.5   0.028260661759129002   0.00001658766125105959
321.75   0.028302448330735478   0.00001662950308533964
322.   0.028345870920744858   0.00001667232128180223
322.25   0.0283910012209281   0.0000167160298221148
322.5   0.028437839559018203   0.00001676025921529428
322.75   0.028486417896117694   0.00001680475205160192
323.   0.028536769686220542   0.00001684924667582066
323.25   0.028588870610573115   0.00001688731227026996
323.5   0.028642839977266632   0.000016927262467576
323.75   0.02869874048541069   0.00001697134477267315
324.   0.028756637137916444   0.000017021850881331446
324.25   0.028816617492813525   0.00001709660786612516
324.5   0.0288787235049602   0.000017176440030850027
324.75   0.02894301959237656   0.0000172574373909737
325.   0.0290095728367588   0.000017335612267353116
325.25   0.029078498712837186   0.00001739064879209069
325.5   0.02914980664711882   0.000017441001793482912
325.75   0.02922355393111247   0.00001748909371844613
326.   0.029299800762968467   0.000017537398501493443
326.25   0.029378596210908905   0.000017600437852363545
326.5   0.029460026579131722   0.000017664112053952165
326.75   0.02954416770541407   0.00001772613712505986
327.   0.029631099235460045   0.000017784177813172496
327.25   0.029720858638175116   0.00001782255752288221
327.5   0.029813598172464456   0.000017857307040272532
327.75   0.029909429420938036   0.000017891389679682133
328.   0.03000846930131017   0.00001792784050507985
328.25   0.030110806983006996   0.000017979595206852753
328.5   0.030216617578204784   0.000018036188786415884
328.75   0.030326049975641842   0.00001809684536211406
329.   0.030439260317735643   0.000018160771939041943
329.25   0.030556698900026005   0.000018226545508792473
329.5   0.030678140010190487   0.000018294186010995237
329.75   0.030803646336937357   0.000018363095899729222
330.   0.03093328672163911   0.000018432663349359108
330.25   0.031066604015486166   0.000018496079695792707
330.5   0.03120442036215898   0.000018561284933131736
330.75   0.03134704671840887   0.000018630179400137008
331.   0.03149480910996063   0.000018704723250036964
331.25   0.0316485059363868   0.00001879476833384873
331.5   0.03180786394731814   0.000018891545590453057
331.75   0.031973072240959216   0.000018993969905636026
332.   0.032144334022588116   0.000019100927665208884
332.25   0.03232171977243466   0.000019207509978946863
332.5   0.03250566993625323   0.000019317760384387184
332.75   0.03269649950238794   0.00001943203582268959
333.   0.032894545455057406   0.000019550712141786084
333.25   0.033100150489081964   0.00001967427565472784
333.5   0.033313727148155   0.000019803020555174225
333.75   0.0335356989999247   0.000019937352407297634
334.   0.033766521405264704   0.000020077701950773692
334.25   0.03400672528525289   0.000020225405821614293
334.5   0.034256783171729845   0.000020379737121668573
334.75   0.03451724919820197   0.000020540849103881793
335.   0.03478872367283081   0.000020708915800041537
335.25   0.03507184349015669   0.000020883021246284584
335.5   0.03536733715976743   0.00002106492705562296
335.75   0.03567598249654591   0.000021255354684145365
336.   0.03599862830949118   0.000021455080638410568
336.25   0.03633613984817709   0.000021666578734524356
336.5   0.036689621610025605   0.000021888497938505323
336.75   0.03706021829497646   0.000022121128056009726
337.   0.037449189507010865   0.000022364808197040485
337.25   0.03785804989167764   0.000022617357288124956
337.5   0.03828816519550045   0.000022882784208612255
337.75   0.038741188645373244   0.0000231627236204312
338.   0.039218963524936916   0.000023458963397319302
338.25   0.03972338388651215   0.00002378573285180188
338.5   0.04025699476410981   0.00002412834145815671
338.75   0.040822475886236255   0.000024483899263070736
339.   0.04142285368786677   0.000024849408735492784
339.25   0.042061759967374636   0.00002518972339382059
339.5   0.042742832377823774   0.000025545469961041908
339.75   0.043470460762565506   0.000025927225025391893
340.   0.04424970189689579   0.00002634658683555042
340.25   0.04508626366621185   0.00002684982081150737
340.5   0.04598716956366253   0.000027405542332706592
340.75   0.04696047871465319   0.000028014898771551266
341.   0.048015691732143956   0.00002867958873752055
341.25   0.04916414097440802   0.00002939006209279267
341.5   0.050419238053738505   0.000030165747390742248
341.75   0.05179720751276714   0.00003101639973725064
342.   0.05331775570347154   0.000031953879535907597
342.25   0.0550049496529088   0.000032993133940260915
342.5   0.056888633367684696   0.000034151552525688314
342.75   0.05900580971592618   0.000035451248723758843
343.   0.061402680693605265   0.00003691986526445755
343.25   0.0641373123096971   0.00003859599160308012
343.5   0.06728133173408707   0.000040517516858945934
343.75   0.07092292570392791   0.00004273541222981424
344.   0.07516662749646945   0.00004530993506457613
344.25   0.08012744993688749   0.00004827907715159962
344.5   0.08591744565093132   0.000051741143600020985
344.75   0.09261539461629974   0.00005575206141400157
345.   0.10023136793226546   0.00006032950747133385
345.25   0.10868361047584456   0.00006549962051191211
345.5   0.11780606478311204   0.00007110820552847083
345.75   0.12739008332013504   0.00007702204461747033
346.   0.13722986828293898   0.00008310484512522403
346.25   0.14715227679588638   0.00008916784660223596
346.5   0.15702706359498836   0.00009519639606648792
346.75   0.16676364074502825   0.00010114494129910045
347.   0.1763031405420981   0.00010698999460138067
347.25   0.18560976722058076   0.00011278628851572065
347.5   0.19466441173960303   0.00011845891980498067
347.75   0.2034587477137691   0.00012399199221733707
348.   0.2119916528562985   0.00012937167463569288
348.25   0.2202665829900555   0.00013453719406395645
348.5   0.22828994184616194   0.00013953871937325745
348.75   0.2360697889268817   0.0001443847306682507
349.   0.2436150943349763   0.00014908521465430643
349.25   0.25093554923381023   0.00015368995286662042
349.5   0.2580401531107133   0.00015815876339599517
349.75   0.26493804647847563   0.00016248648197075716
350.   0.27163807933816503   0.0001666667645303483
350.25   0.2781488081693518   0.00017066251884786832
350.5   0.2844782120874822   0.00017450527425804752
350.75   0.2906339142576482   0.00017819859244484556
351.   0.29662311261391233   0.00018174607188301022
351.25   0.3024519671912693   0.0001851560494374775
351.5   0.30812770929876776   0.00018842573232865606
351.75   0.3136566149578443   0.0001915566919144384
352.   0.3190446193318174   0.00019455036511333219
352.25   0.32429826033729325   0.0001973382556196363
352.5   0.32942158745111655   0.00020001722680521397
352.75   0.334419231536704   0.00020261888226514024
353.   0.3392955366417196   0.0002051766610799726
353.25   0.34405393495556147   0.00020781607369727627
353.5   0.3486991377965481   0.00021044993560068715
353.75   0.35323501671061586   0.00021307774476067554
354.   0.3576652411758981   0.0002156983878128212
354.25   0.3619933308798843   0.00021832961062907857
354.5   0.366222538702091   0.00022094238561293428
354.75   0.3703559904027802   0.0002235255899138819
355.   0.3743966582794522   0.000226067168668466
355.25   0.37834716615731606   0.00022851981003531514
355.5   0.3822104920526029   0.000230917098789838
355.75   0.38598929302498486   0.000233259018746623
356.   0.3896861128193222   0.00023554542170921633
356.25   0.3933036965490374   0.0002377546112826283
356.5   0.3968439578520673   0.00023991578791332112
356.75   0.4003090117606951   0.00024203751295681517
357.   0.40370088044347496   0.00024412861859581818
357.25   0.40702078928784546   0.0002462852041340276
357.5   0.41027157192392427   0.00024839629142749315
357.75   0.4134553020917496   0.0002504348339219885
358.   0.416573991823063   0.0002523726203632622
358.25   0.41963153894768923   0.00025400727604074207
358.5   0.42262715197277306   0.0002555479202299572
358.75   0.42556186380124855   0.0002570356356974817
359.   0.42843663011398836   0.00025851304732259813
359.25   0.43125017867228216   0.00026017923159549715
359.5   0.43400630630746734   0.00026186506826909964
359.75   0.43670665807771847   0.00026355280225778577
360.   0.43935284452562023   0.0002652239320558702
360.25   0.44194785934403263   0.00026680489092630586
360.5   0.4444912868614299   0.0002683510952809183
360.75   0.44698405574219446   0.00026986456304033455
361.   0.4494270492933078   0.0002713473364731237
361.25   0.45182034567590734   0.00027276268519327
361.5   0.45416580033035736   0.00027416653566748325
361.75   0.4564644884421549   0.00027557712542091334
362.   0.4587174561890633   0.000277013180232284
362.25   0.46092581914931563   0.0002786478845021081
362.5   0.46309043470269395   0.0002802871169129986
362.75   0.4652122295662011   0.00028188717224156046
363.   0.4672921053160031   0.0002834030675078955
363.25   0.4693311417980529   0.0002846094480909083
363.5   0.47132991247183637   0.000285707686412269
363.75   0.4732891661149567   0.0002867232271134069
364.   0.475209628255477   0.0002876822307236575
364.25   0.4770922696832921   0.00028865809878863327
364.5   0.4789374002396959   0.0002896136980688173
364.75   0.4807455705527309   0.0002905580341899533
365.   0.482517308746096   0.0002915003095469823
365.25   0.48425215308222463   0.0002924884457994702
365.5   0.48595193511518514   0.00029347846245449805
365.75   0.48761751909749684   0.0002944642524153125
366.   0.4892497588266699   0.00029543952975754815
366.25   0.4908500657079793   0.00029641365860918334
366.5   0.49241848460751514   0.00029735799569602584
366.75   0.49395560719660425   0.00029825922896625355
367.   0.4954620114292333   0.00029910374123861525
367.25   0.49693987269735096   0.0002997606108520696
367.5   0.498387501955218   0.0003003784226776614
367.75   0.4998047770427501   0.00030099075355777646
368.   0.5011915503197562   0.00030163188391616526
368.25   0.5025434729756275   0.00030247639043040744
368.5   0.5038661608720386   0.0003033656228301193
368.75   0.5051611074393456   0.00030427861150270405
369.   0.5064298165685074   0.00030519392199586083
369.25   0.5076779606438648   0.0003060272173089042
369.5   0.5089012756229577   0.0003068430942253576
369.75   0.5100995923987858   0.00030764436664533235
370.   0.5112727203926409   0.0003084338931529474
370.25   0.512418623153875   0.00030930921703553046
370.5   0.5135396098740344   0.0003101414940728575
370.75   0.5146361755756553   0.0003108949684779824
371.   0.5157088090133632   0.0003115332364851326
371.25   0.5167600939213504   0.00031183005204177917
371.5   0.5177875806812487   0.00031201128544123467
371.75   0.5187908812243494   0.00031211603188428425
372.   0.5197695873616707   0.00031218409958195647
372.25   0.5207181871084263   0.0003122269079608003
372.5   0.5216433162983058   0.00031232618339558423
372.75   0.5225465860762489   0.0003125356887708237
373.   0.5234296229879771   0.0003129100485214719
373.25   0.5242985230529319   0.0003138415742292028
373.5   0.5251487362824949   0.0003149172008402573
373.75   0.525980116085923   0.0003160565532227843
374.   0.5267925020912069   0.0003171779100985953
374.25   0.5275856671664205   0.00031797578877834154
374.5   0.528359498440042   0.00031867585452016674
374.75   0.5291138175711664   0.00031928320127181157
375.   0.529848433838414   0.0003198030249462849
375.25   0.53055871026735   0.0003201659527043224
375.5   0.5312506131314402   0.0003204814662539247
375.75   0.5319257232072501   0.000320785490724407
376.   0.5325856359850748   0.0003211144875747948
376.25   0.5332401648008456   0.0003217074801128386
376.5   0.5338794969665446   0.0003223203025237734
376.75   0.5345019300421879   0.0003229086937741825
377.   0.5351057290477864   0.0003234277511307233
377.25   0.5356805309050815   0.00032364646252719447
377.5   0.5362365236455536   0.00032377730320010497
377.75   0.5367753763894123   0.0003238489917310143
378.   0.5372987747155669   0.0003238906557504563
378.25   0.5378136592980168   0.00032401926421779835
378.5   0.538314441807041   0.0003241428018092114
378.75   0.5388007250778739   0.0003242560227163692
379.   0.5392720999941599   0.00032435360640538754
379.25   0.5397281456873126   0.00032443015870182236
379.5   0.5401684297310354   0.000324480212852878
379.75   0.5405925083311328   0.00032449823056749386
380.   0.5409999265107972   0.0003244786030349881
