310.   0.12450196380499919   0.00019160603230766819
310.25   0.12441291450843264   0.00019130831983029376
310.5   0.1243270686138441   0.00019118336444647632
310.75   0.12424460754298784   0.00019119398164407604
311.   0.12416571530527305   0.00019130262053607006
311.25   0.12409057857904288   0.0001914713409555953
311.5   0.12401938679592522   0.00019166179378935402
311.75   0.12395233222839538   0.00019183520471534012
312.   0.12388961008070185   0.00019195236142081673
312.25   0.12383268756032145   0.00019180779527356947
312.5   0.12377999522278135   0.00019159277953032357
312.75   0.12373122291188707   0.00019133400297780494
313.   0.12368605777898538   0.000191058455284851
313.25   0.12364278617524449   0.00019085153492482342
313.5   0.12360304023822875   0.0001906597949057991
313.75   0.12356706592847466   0.0001904875896989763
314.   0.12353511307459271   0.00019033931991798672
314.25   0.12350840364445272   0.00019022735456338324
314.5   0.12348584497425945   0.0001901451792224154
314.75   0.12346730615246368   0.00019009416825935125
315.   0.12345265570823709   0.00019007570967253116
315.25   0.12344068616706805   0.00019010283515713105
315.5   0.12343276498685217   0.00019016074076853533
315.75   0.12342919593931201   0.00019024615362939293
316.   0.12343028796302438   0.0001903557673882562
316.25   0.12343772516057891   0.0001905231211806498
316.5   0.12344991696595112   0.00019069342246673382
316.75   0.1234666319791885   0.00019084824898349154
317.   0.12348763707633852   0.00019096891379242464
317.25   0.12351086204808309   0.00019091515896359757
317.5   0.12353862934557813   0.00019083689603669303
317.75   0.12357144715619006   0.000190763981980864
318.   0.1236098324932847   0.00019072669534455987
318.25   0.12365598154121381   0.00019089899996702024
318.5   0.12370810172999137   0.0001911123726593932
318.75   0.12376605857795683   0.00019134013153060953
319.   0.12382971761774428   0.00019155519499936325
319.25   0.12389810086244843   0.00019163415274898183
319.5   0.12397224973889284   0.00019168279120366206
319.75   0.1240523737144504   0.00019171185995798574
320.   0.12413868777553613   0.0001917322703316728
320.25   0.12423131103174935   0.00019176031284353457
320.5   0.12433061186503391   0.00019179997005545072
320.75   0.12443686474684591   0.00019186055221317023
321.   0.12455035137995972   0.0001919515263759748
321.25   0.1246732183962326   0.00019211872128913838
321.5   0.12480317508498505   0.0001923215027953251
321.75   0.1249397684716754   0.00019255506963606616
322.   0.12508254100398658   0.00019281454820950733
322.25   0.12522836000566182   0.00019312570236233736
322.5   0.12538047796909405   0.00019344072390605767
322.75   0.1255395140478178   0.00019374194899927726
323.   0.12570610211903252   0.00019401139846851029
323.25   0.12588217133043397   0.0001940995923870734
323.5   0.12606660482390503   0.00019417058064789242
323.75   0.12625956126241952   0.00019425902936806198
324.   0.12646120693364615   0.00019440024972094635
324.25   0.12667236867877485   0.0001947824766326832
324.5   0.1268923208597746   0.0001952304707831942
324.75   0.12712098785931267   0.00019571934479311324
325.   0.12735829802354318   0.00019622373037752244
325.25   0.12760241484462392   0.00019664044277136923
325.5   0.12785573746109657   0.00019705067162041135
325.75   0.12811893347636594   0.00019745917978252956
326.   0.12839269130032757   0.00019787083741112403
326.25   0.12867922570439433   0.00019830586604272234
326.5   0.12897717723400023   0.00019874818077700787
326.75   0.12928668583950023   0.00019919674680149327
327.   0.1296079031794548   0.00019965050974351912
327.25   0.12994003020082295   0.00020007827889229336
327.5   0.13028458374575022   0.00020052083775838985
327.75   0.1306421516644413   0.0002009894715479002
328.   0.1310133465482352   0.00020149575119976328
328.25   0.131399376774274   0.00020210587878752016
328.5   0.1318001175681605   0.00020275652528820788
328.75   0.13221603080995173   0.0002034378278885835
329.   0.1326476040063584   0.0002041396993261236
329.25   0.13309573661934396   0.00020482476498765852
329.5   0.13356043851370625   0.0002055200365983348
329.75   0.13404212638645033   0.00020622584782407628
330.   0.13454124612045812   0.0002069425616840781
330.25   0.1350569188329835   0.00020762290572361286
330.5   0.13559153864098777   0.00020833350295000987
330.75   0.13614621426654502   0.00020909454722792164
331.   0.13672211042848767   0.00020992686090181501
331.25   0.13732128783496278   0.00021096602537357448
331.5   0.13794387645288683   0.00021207594577394467
331.75   0.13859088911409534   0.0002132322673325029
332.   0.13926340290746694   0.0002144099233184516
332.25   0.1399649926319304   0.00021545592819297547
332.5   0.14069351329541296   0.00021651998410900938
332.75   0.14144925828571542   0.00021762752212118436
333.   0.1422325746032777   0.00021880490097037487
333.25   0.14303855669627874   0.00022019861681638205
333.5   0.14387503445069055   0.00022167205337063475
333.75   0.14474476822373084   0.00022320507506750002
334.   0.14565068232993744   0.00022477690105332239
334.25   0.14659952505038942   0.00022624757225945264
334.5   0.14758955156559303   0.000227758864823742
334.75   0.14862274930681962   0.00022933742892998986
335.   0.14970127832893193   0.00023101113886117474
335.25   0.15082669732444626   0.00023293836773304212
335.5   0.15200266527975215   0.00023497123596136698
335.75   0.15323231535656306   0.00023708762489032633
336.   0.15451905953563444   0.00023926463387186121
336.25   0.15586597103483327   0.00024142144991823227
336.5   0.1572780196625495   0.00024361218153035066
336.75   0.15875994483377387   0.0002458353302380487
337.   0.16031694181450795   0.00024808956906013024
337.25   0.16195774836820148   0.0002502387002905948
337.5   0.16368448587530277   0.00025246800549760736
337.75   0.16550281992893567   0.0002548344601167187
338.   0.1674190959723531   0.0002573987814814514
338.25   0.1694374183786816   0.00026039201124634313
338.5   0.17156996716341244   0.00026365561631970454
338.75   0.17382710942844398   0.00026719350008729746
339.   0.1762205132318077   0.0002710109401036992
339.25   0.17876210918456242   0.0002751718514029942
339.5   0.18146858254642792   0.000279606920842141
339.75   0.18435754148513273   0.0002843024491833211
340.   0.18744912500111577   0.00028924543902847025
340.25   0.1907699170699448   0.000294211528328637
340.5   0.19434201384863117   0.0002994797355310046
340.75   0.1981950490370644   0.000305134578423651
341.   0.2023638224067154   0.0003112719065353692
341.25   0.2068893035136235   0.000318183933144224
341.5   0.2118206654915991   0.0003257494704624979
341.75   0.21721666526322958   0.0003340338479249692
342.   0.2231482696380757   0.000343118285721731
342.25   0.22969715948121056   0.00035296706003222
342.5   0.2369756361646052   0.0003638912900924155
342.75   0.24511687174535685   0.0003761140493636143
343.   0.25428637470882864   0.0003899105763478427
343.25   0.26469502933434097   0.00040573562934725644
343.5   0.2765956189423131   0.00042386539301568146
343.75   0.2903071521543732   0.00044477314882239866
344.   0.3062189701396727   0.00046903657178708983
344.25   0.3247895032839554   0.0004971404738028408
344.5   0.34651060718903637   0.0005300581261330768
344.75   0.3718370425968412   0.0005685488279277975
345.   0.4010528928980267   0.0006131333430842805
345.25   0.4341145890787389   0.0006643124965466787
345.5   0.47059324101525973   0.0007210187612468558
345.75   0.5097279069547211   0.0007820308539427611
346.   0.550616917631352   0.0008458718302475575
346.25   0.5924127722761221   0.0009107327765853243
346.5   0.6344061911438892   0.0009758092694829402
346.75   0.6760772503234548   0.0010402714938008595
347.   0.7170693328231179   0.001103541491787434
347.25   0.7571451667801758   0.001165144032760683
347.5   0.7961784928638089   0.0012249691896630533
347.75   0.8341002044619322   0.001282931587896237
348.   0.8708844089956624   0.0013390221174840165
348.25   0.9065342972014057   0.001393397464593448
348.5   0.9410692924752012   0.0014459871077952336
348.75   0.9745206334353715   0.001496842040898864
349.   1.00692603916869   0.001546024188414289
349.25   1.0383365260387398   0.0015934356328071943
349.5   1.0687813407125666   0.0016393715121606459
349.75   1.0982985651367725   0.0016839812356078487
350.   1.1269251098121225   0.0017274216936532085
350.25   1.1546881137401672   0.0017703301471714322
350.5   1.1816319494515772   0.0018122316508673018
350.75   1.2077915996132222   0.0018530849384810477
351.   1.2332002834821034   0.0018928345574541435
351.25   1.2578827792086198   0.0019307964299001771
351.5   1.2818779596548002   0.001967727759930599
351.75   1.3052169055689096   0.0020038077094413874
352.   1.3279293568152006   0.0020392239453967454
352.25   1.3500652803760824   0.002075509713760871
352.5   1.3716225374554336   0.0021110371075372886
352.75   1.3926179022085672   0.0021454311923767237
353.   1.4130665125564668   0.0021782861215301785
353.25   1.43296851423316   0.0022070105228701067
353.5   1.4523545459282294   0.002234102708319355
353.75   1.4712412404536785   0.002260006570594852
354.   1.4896442927552438   0.0022851935437128907
354.25   1.5075582354458232   0.00231147055715475
354.5   1.525025002723549   0.002337559004871986
354.75   1.5420665538145024   0.002363445026568244
355.   1.558704588876152   0.002389109715021436
355.25   1.574991700605649   0.002414678184555254
355.5   1.5909062459284933   0.0024399173365825155
355.75   1.6064560566155888   0.002464731416053962
356.   1.621648195049251   0.002489017362516199
356.25   1.6364790762277577   0.0025122218394097516
356.5   1.6509680457432125   0.0025348401606094307
356.75   1.665124300220975   0.0025569370416732157
357.   1.6789565957767199   0.002578578959843881
357.25   1.6924598744712342   0.0025996435849244587
357.5   1.7056606147964986   0.002620464205554444
357.75   1.7185720482436158   0.00264119272072265
358.   1.7312072790709636   0.002661985828010459
358.25   1.7436223451266377   0.002683895857520761
358.5   1.7557705458578747   0.002705855652865026
358.75   1.7676466027135525   0.002727661663058729
359.   1.7792445026823918   0.002749101179679139
359.25   1.7904973029571907   0.0027698832590110985
359.5   1.8014810345017014   0.002789873897258081
359.75   1.8122128257968368   0.0028088631349465344
360.   1.8227100123950672   0.0028266335527315284
360.25   1.8330368905255627   0.0028417350589004836
360.5   1.8431463843009703   0.0028556355510111616
360.75   1.8530369544725378   0.0028686082560201174
361.   1.86270665899264   0.0028809357700892175
361.25   1.8721031214528827   0.002893910084176451
361.5   1.8812930705151674   0.0029064436328493414
361.75   1.8902942437286743   0.0029184298251065995
362.   1.899124633914573   0.0029297585598695485
362.25   1.9078973174301754   0.0029394136082427935
362.5   1.9164991376261042   0.0029485318850115605
362.75   1.9249095056411116   0.002957367520585177
363.   1.933107000224223   0.002966181350932095
363.25   1.9409669908676634   0.002975234771144202
363.5   1.9486086845599797   0.0029848099489685376
363.75   1.9560506597035263   0.002995189871056775
364.   1.9633118324291106   0.003006664066186453
364.25   1.970452467140602   0.0030217933793698516
364.5   1.9774351412376898   0.003037733600887839
364.75   1.984262812498541   0.0030538581004635316
365.   1.9909383438420025   0.0030695231077672597
365.25   1.9974573901839336   0.0030822231939349526
365.5   2.0038325289018664   0.0030938459397224357
365.75   2.0100692925573567   0.0031044593888668926
366.   2.0161731993086427   0.0031141336859447917
366.25   2.022169290976203   0.0031224005363443353
366.5   2.0280358905392935   0.0031300860779410523
366.75   2.033770440632063   0.0031374889985313465
367.   2.0393701997543747   0.0031449146042407017
367.25   2.0448165614354217   0.0031537123321787393
367.5   2.0501282517078248   0.0031627567444081506
367.75   2.0553084497945138   0.0031719460439079247
368.   2.060360301519202   0.0031811758513703033
368.25   2.0652771096381035   0.0031906712077312527
368.5   2.0700756114068724   0.0031998608315913254
368.75   2.0747628876055173   0.0032084966008650412
369.   2.079346070359733   0.0032163252268923486
369.25   2.0838682067559997   0.0032222849083521797
369.5   2.08828660505558   0.0032272310977887117
369.75   2.0925938480204063   0.003231225370119215
370.   2.0967822921087325   0.0032343308187658157
370.25   2.1008080882965126   0.00323585739700186
370.5   2.104713259735111   0.003236921989632314
370.75   2.108504244887749   0.003237900842723662
371.   2.112187537975908   0.0032391769739571474
371.25   2.115776987115266   0.0032424704430534584
371.5   2.119269030995188   0.003246324798537168
371.75   2.122667342612436   0.0032505986062516287
372.   2.1259755973798926   0.0032551473041268616
372.25   2.1292185007003295   0.0032594644544223414
372.5   2.1323704405765005   0.0032638994754526983
372.75   2.1354265088927047   0.0032684461581675268
373.   2.138381659705289   0.003273098047266049
373.25   2.1411973859385838   0.0032776611571790864
373.5   2.1439148099229697   0.003282389406828518
373.75   2.1465420937751665   0.003287351973529727
374.   2.149087486571507   0.003292618963898577
374.25   2.151581003949853   0.003299056508271931
374.5   2.154000849807881   0.003305628435001827
374.75   2.156346682959123   0.003312083205094156
375.   2.1586181106451923   0.0033181652187399438
375.25   2.160818433417695   0.0033228798219548192
375.5   2.1629419398294156   0.0033269881698580793
375.75   2.1649865624106246   0.003330522526310573
376.   2.1669501638268507   0.003333515706454015
376.25   2.168812037768753   0.0033357068385465875
376.5   2.170595703335218   0.0033375402281032984
376.75   2.1723063568554535   0.0033391702733983333
377.   2.173949235456975   0.0033407535175789234
377.25   2.1755367828018106   0.003342823748841222
377.5   2.177064323958001   0.003345018696518745
377.75   2.1785342987860967   0.0033473486516007412
378.   2.1799491467524854   0.0033498239154058124
378.25   2.1813246282490697   0.0033531046613644515
378.5   2.182644604952576   0.003356295196042157
378.75   2.1839060970078625   0.0033591416435240266
379.   2.185106054033461   0.003361386645107541
379.25   2.1862413562588383   0.0033627694012317902
379.5   2.1873088156348848   0.0033630257313162727
379.75   2.1883051769183224   0.0033618881522273544
380.   2.189227118731054   0.0033590859763119184
