310.   0.039901690806108336   0.00019826636712429486
310.25   0.03994778852353803   0.00019839078995466557
310.5   0.039996158353158395   0.00019867729048580787
310.75   0.04004679986431798   0.00019910083201486105
311.   0.04009971326025827   0.00019963592358823224
311.25   0.04015489940514872   0.00020025659877777636
311.5   0.040212359852531486   0.000200936394086833
311.75   0.04027209687526001   0.0002016483269892684
312.   0.04033411349702074   0.00020236487358335598
312.25   0.04039813275685237   0.00020296778297959224
312.5   0.04046455000325871   0.00020355385063786647
312.75   0.04053348593427593   0.00020413079098277124
313.   0.04060506463732236   0.00020470648267321528
313.25   0.04067977320562384   0.00020533077372887108
313.5   0.040757242865494994   0.000205953745950732
313.75   0.04083746111086928   0.0002065666409022243
314.   0.0409204161162141   0.0002071605034890114
314.25   0.041004745190774204   0.0002077092605570351
314.5   0.04109231771294165   0.00020822706457692634
314.75   0.04118368012791106   0.0002087112816152913
315.   0.041279392975511295   0.0002091592111970192
315.25   0.041383118899938565   0.00020951213513606065
315.5   0.04149115630391296   0.00020984499523656416
315.75   0.04160284024708464   0.00021017791550497834
316.   0.04171749082336178   0.0002105315146111478
316.25   0.04183073862519763   0.00021098157159059745
316.5   0.04194697743428636   0.0002114738268773107
316.75   0.042066993744948246   0.0002120079970870867
317.   0.04219159606160875   0.0002125838063465244
317.25   0.04232439752103385   0.00021321535716919913
317.5   0.04246238992143105   0.0002138824269763693
317.75   0.04260530524108642   0.00021457882455364733
318.   0.04275287023279845   0.0002152982008009489
318.25   0.04290357658013813   0.00021602166191462475
318.5   0.04305884717311757   0.00021675970644626844
318.75   0.04321890049168805   0.00021751058509490224
319.   0.043383963674529895   0.0002182725060779988
319.25   0.04355479399955442   0.00021900331238368923
319.5   0.043730914304656546   0.0002197570841079468
319.75   0.04391236462278829   0.00022054861225088694
320.   0.04409918901756759   0.0002213931582725887
320.25   0.04428917930670477   0.0002223728316239938
320.5   0.04448551859472127   0.000223411878059858
320.75   0.04468920271223602   0.00022449956218038354
321.   0.044901263897805695   0.00022562482232995663
321.25   0.04512760616177186   0.00022673217743591044
321.5   0.04536264086209092   0.00022787095706835913
321.75   0.04560550925979903   0.00022904736308577617
322.   0.045855327337892424   0.00023026783461248433
322.25   0.046106765413602126   0.00023161177845646563
322.5   0.0463650060385403   0.00023298541194583831
322.75   0.04663092573940617   0.00023436560093874635
323.   0.04690543880573332   0.00023572836387980486
323.25   0.04719079760072872   0.0002368707236683761
323.5   0.04748620321307792   0.00023801339853713542
323.75   0.047792155582615674   0.00023920414370663822
324.   0.04810918184479151   0.00024049264534352788
324.25   0.048438442344725025   0.0002421016144654125
324.5   0.04877968913354416   0.00024384854830932862
324.75   0.0491332894499468   0.0002457179308009449
325.   0.04949963555783779   0.0002476936591316951
325.25   0.04987947431745487   0.00024971593293240545
325.5   0.05027280123509551   0.0002518268596596405
325.75   0.0506799576820049   0.00025402646926565197
326.   0.051101312371031125   0.00025631485835979134
326.25   0.05153707034330697   0.0002586779862788856
326.5   0.05198792873706513   0.0002611357289542984
326.75   0.0524544345983852   0.0002636944595820499
327.   0.0529371769587749   0.0002663609577355728
327.25   0.05343276647000396   0.000269214209007975
327.5   0.053947435442149805   0.00027216297170648
327.75   0.054483636517696735   0.0002751849090316037
328.   0.055043978012324433   0.0002782565391594023
328.25   0.05563734338485185   0.0002811590343411335
328.5   0.05625829305786016   0.00028413350285102823
328.75   0.05690738134956411   0.0002872354764068282
329.   0.057585225564727005   0.0002905239702492841
329.25   0.05828999633959499   0.0002942698934801307
329.5   0.059025914354571135   0.00029825440299740093
329.75   0.059794911728552724   0.00030245956383720694
330.   0.06059908801098837   0.00030686648863213176
330.25   0.061439346820362166   0.0003113791175259835
330.5   0.062320074420929454   0.0003160807133387107
330.75   0.06324459226619261   0.00032098191040577065
331.   0.06421652387459703   0.0003260943924893472
331.25   0.06524269475050988   0.0003314055610645881
331.5   0.06632352724622577   0.0003369644103158234
331.75   0.06746253207773042   0.0003427977487748011
332.   0.0686635925670907   0.00034893500418558925
332.25   0.06992852412497162   0.00035541744848077174
332.5   0.07126550167717809   0.00036226871358929465
332.75   0.07268095059800463   0.0003695244259741124
333.   0.07418202051929752   0.0003772241836531349
333.25   0.0757783495568291   0.00038541637314053016
333.5   0.07747661068903702   0.00039414458615996987
333.75   0.0792860808308454   0.000403462281965998
334.   0.08121721796447193   0.0004134296533662098
334.25   0.0832789260074353   0.0004241231023477392
334.5   0.08548857927112707   0.0004356083936317969
334.75   0.08786279986884062   0.00044796946129470685
335.   0.09042057462118282   0.0004613022581784575
335.25   0.09318977208352065   0.0004758133170877132
335.5   0.09618730347283519   0.0004915001350790706
335.75   0.09943936497091492   0.000508464718306017
336.   0.10297643967687425   0.0005268260196709734
336.25   0.10683000879167133   0.0005464078316010424
336.5   0.11104750044472811   0.0005677936854833727
336.75   0.11568040794587645   0.0005913281598027392
337.   0.12078993238296067   0.0006174209082936919
337.25   0.126436652668864   0.0006471733069844905
337.5   0.13272524525717813   0.0006803745286804571
337.75   0.13976876952238224   0.0007174402775933522
338.   0.14770537658703423   0.0007588752343147163
338.25   0.15674147444932401   0.0008043657489622186
338.5   0.16704146991343488   0.0008558655432942694
338.75   0.17885067318402692   0.0009147918745724487
339.   0.19247752662008968   0.00098293793409365
339.25   0.20827317053210578   0.0010635647208481066
339.5   0.2267843906684003   0.001158402153736873
339.75   0.2486697166378113   0.001270723966099411
340.   0.274775885818391   0.0014047213766024862
340.25   0.3062068863131335   0.0015650937278580048
340.5   0.34431281987114043   0.0017593035434083065
340.75   0.39076542166874123   0.0019958563905746
341.   0.44747433196162145   0.002284470267548547
341.25   0.5162947669041887   0.0026338576474896993
341.5   0.5982250823745144   0.0030499585844681273
341.75   0.6918008946600169   0.0035258850908742316
342.   0.7906008847214051   0.004029872699567893
342.25   0.8812212755657168   0.004499140213015448
342.5   0.9458254264690144   0.004838695085251296
342.75   0.9713033806104135   0.004979775627899551
343.   0.9593796131478872   0.004928897803097762
343.25   0.9257587314131949   0.004761840749970852
343.5   0.8885838580489555   0.004574701136849639
343.75   0.8591148893487142   0.004425626583560776
344.   0.8398909826346778   0.004327927663589004
344.25   0.8282251787959306   0.004267101726534915
344.5   0.8204679379660461   0.004225570097810948
344.75   0.814325240196264   0.0041918746439172355
345.   0.8089186146171942   0.004161845041321915
345.25   0.8040718245670543   0.004135787079032792
345.5   0.7999231786685534   0.004113547655387211
345.75   0.796535679537571   0.004095455360135363
346.   0.7938811715573431   0.004081371132697144
346.25   0.791883830430756   0.004070568396110798
346.5   0.7904131203547669   0.004062865028113964
346.75   0.7893579165721588   0.004057837463077754
347.   0.7886231078096123   0.0040551470614058225
347.25   0.7881256084430155   0.004055772920055007
347.5   0.7878129442249934   0.0040578521269464376
347.75   0.7876400858899896   0.0040608030054215495
348.   0.7875725794285995   0.004064093502731613
348.25   0.7875843309863974   0.004065302760815845
348.5   0.7876550457450391   0.004066647930432761
348.75   0.7877693998971996   0.004068463024903224
349.   0.7879157324125001   0.004071106585725102
349.25   0.7880924092278233   0.004077456143356046
349.5   0.7882827193899705   0.004084423608807531
349.75   0.7884787705681052   0.004091402779029998
350.   0.7886739653087778   0.004097786034670521
350.25   0.7888454689929812   0.00410072700867394
350.5   0.7890125605555086   0.00410272921421518
350.75   0.78917811754734   0.0041040834808397045
351.   0.789345619910635   0.004105087696701765
351.25   0.7895709498237057   0.0041066691839095485
351.5   0.7897861248446517   0.004108269772038505
351.75   0.7899747875387291   0.004109952327122383
352.   0.7901206078008054   0.004111781788201603
352.25   0.7901401686687213   0.004114265251851272
352.5   0.7901106452934358   0.004116857035066081
352.75   0.7900428614979169   0.004119448125779735
353.   0.789947900625241   0.00412192865989
353.25   0.7898711350186475   0.004124120902882848
353.5   0.7897766101229853   0.004126006469449763
353.75   0.7896622423560752   0.004127499767955725
354.   0.7895259751175957   0.004128514483731767
354.25   0.7893639443234218   0.0041282092530991014
354.5   0.7891766717325087   0.004127548624406291
354.75   0.7889628788907466   0.0041267502639338914
355.   0.7887212972434481   0.00412603458902268
355.25   0.7884316219643912   0.004126456824975806
355.5   0.7881191630413977   0.004127081566201982
355.75   0.7877903870087886   0.004127799402196723
356.   0.7874518433618487   0.004128499664816453
356.25   0.78714929444566   0.004129629473404502
356.5   0.7868348325501315   0.0041302955172176125
356.75   0.7864993631770812   0.0041301566875600534
357.   0.7861336922083306   0.00412886824868528
357.25   0.7856888458273241   0.004123679956129669
357.5   0.7852108155485706   0.004117592511101161
357.75   0.7847061980933215   0.004111224339233297
358.   0.7841816592911321   0.00410520045802364
358.25   0.7836581441147225   0.004102518936367229
358.5   0.783122612688821   0.00410051411245678
358.75   0.7825761687431494   0.004098871255861008
359.   0.7820199209957284   0.004097272298953137
359.25   0.781453242594464   0.004094072885622797
359.5   0.7808796799299113   0.004090795432441927
359.75   0.7803010585226601   0.0040876479583714384
360.   0.779719213886748   0.004084840459428041
360.25   0.7791575150320939   0.0040836168107981
360.5   0.7785877648047479   0.004082750082682552
360.75   0.7780031135479171   0.0040820383049440965
361.   0.7773966399635693   0.00408127751936953
361.25   0.776722944056747   0.0040783952902309385
361.5   0.7760285946571921   0.004075790059590878
361.75   0.775322002552619   0.0040740073026702215
362.   0.774611648966351   0.004073597338743864
362.25   0.773963942311722   0.004079941478836607
362.5   0.7733067046904964   0.0040868602946003176
362.75   0.7726252202292809   0.004092966126708658
363.   0.7719046382695536   0.004096858914578009
363.25   0.7710542515414888   0.004090564317371183
363.5   0.7701647009145813   0.004081823349798756
363.75   0.7692513592915357   0.004071853885490752
364.   0.7683297263688261   0.004061884170668934
364.25   0.7674719930059687   0.004057124223649421
364.5   0.7666148999732929   0.004053275234204721
364.75   0.7657514535419798   0.00404999066653211
365.   0.7648745959560759   0.004046921033259247
365.25   0.763953012417286   0.004042767941829772
365.5   0.7630133145445366   0.004038497499217275
365.75   0.7620580331371238   0.004034133801975061
366.   0.7610897144386537   0.004029701119485284
366.25   0.7601115587265014   0.004025126490642985
366.5   0.7591252499561976   0.0040205706040181725
366.75   0.758133121174506   0.004016097561411507
367.   0.7571375179562073   0.0040117719075207095
367.25   0.7561525018535152   0.004007846337392696
367.5   0.7551640927592637   0.004004124017793847
367.75   0.7541699472865194   0.004000595009178925
368.   0.7531676995972315   0.00399724925023544
368.25   0.7521481864609924   0.003993275941089459
368.5   0.7511184639752547   0.003989783334812961
368.75   0.7500788357300218   0.0039870841648218915
369.   0.7490296033969115   0.003985493322042032
369.25   0.7479701090790466   0.003988274515210793
369.5   0.7469019887737934   0.003991629878265095
369.75   0.7458259250257768   0.003994691514680153
370.   0.7447426012121018   0.003996585393786851
370.25   0.7436414435873722   0.003993075029529059
370.5   0.7425388677003965   0.0039879644352278166
370.75   0.7414401009480939   0.003981716011863675
371.   0.7403504014767682   0.00397479536496248
371.25   0.7393127483554387   0.003968873848409601
371.5   0.7382797923431605   0.003962742784797494
371.75   0.7372416802316506   0.003956392096467644
372.   0.7361884905200514   0.003949811648091483
372.25   0.7350790698132855   0.003941787959835601
372.5   0.733946913757071   0.003933992423337983
372.75   0.7327944677990026   0.003926899846505193
373.   0.7316241910842743   0.003920987921801811
373.25   0.7304267607775008   0.003920767683702265
373.5   0.7292211472286151   0.003921090022722759
373.75   0.7280146044809199   0.003920816516610151
374.   0.7268144282236274   0.003918801646870051
374.25   0.7256782635296246   0.003907520726432355
374.5   0.7245431773168923   0.0038947207012661987
374.75   0.7233963110975152   0.003881803874166744
375.   0.7222247267882059   0.0038701807515941046
375.25   0.7209405680988594   0.0038677035272530022
375.5   0.7196353412992392   0.003866806978201018
375.75   0.7183260322402045   0.0038663337935979595
376.   0.7170297235628376   0.003865119819203214
376.25   0.7158347599634189   0.0038567697442395024
376.5   0.7146589426094261   0.0038474084667719215
376.75   0.7134909663718804   0.003837956657863665
377.   0.7123194586163791   0.003829340138699113
377.25   0.7110945355533916   0.003826843370012186
377.5   0.7098584295039799   0.0038253170433066785
377.75   0.7086150556165616   0.003823948712076444
378.   0.7073683487629527   0.0038219213861437388
378.25   0.7061355358543357   0.003815280323903648
378.5   0.7049020374359944   0.003807579584696544
378.75   0.703666501021316   0.0037992508259574154
379.   0.7024275647237849   0.0037907280356597314
379.25   0.7011838573861406   0.003782447491200491
379.5   0.6999339987073947   0.003774847725183426
379.75   0.6986765993677343   0.003768369498439932
380.   0.6974102611513736   0.003763455780618468
