310.   0.03628073501445132   0.00006748876106281748
310.25   0.03632889825694335   0.00006747054497231901
310.5   0.03637830325025792   0.00006750640830905913
310.75   0.03642913556822988   0.00006758903762148066
311.   0.036481584859236874   0.00006771098703379583
311.25   0.03653584501247077   0.00006786467272275218
311.5   0.03659211433239687   0.00006804236715025704
311.75   0.03665059572188226   0.00006823619304077864
312.   0.03671149687450646   0.00006843811709057008
312.25   0.03677561201741988   0.00006861942027869432
312.5   0.03684234976144928   0.00006880029777532064
312.75   0.03691169478710089   0.00006898062899076814
313.   0.03698363227129127   0.00006916029117232137
313.25   0.03705788749854038   0.00006933166488655103
313.5   0.037134808999309044   0.00006950504931613579
313.75   0.03721449057800455   0.00006968339429197777
314.   0.037297029068639284   0.00006986971716384054
314.25   0.03738259659020341   0.00007007323240272264
314.5   0.03747119616142224   0.00007028858116466217
314.75   0.03756290490035756   0.00007051648189961757
315.   0.03765780284947627   0.00007075767354802021
315.25   0.037756352556767306   0.00007104116222659121
315.5   0.0378581128029812   0.0000713284606500295
315.75   0.037963016958524484   0.00007160873915899583
316.   0.03807099800263341   0.00007187090074220482
316.25   0.03818118030501266   0.00007205006609772634
316.5   0.03829461924896509   0.00007220892124546943
316.75   0.038411580008555185   0.00007235756071872992
317.   0.03853233613026809   0.00007250633887752774
317.25   0.03865780280473205   0.00007269388574121176
317.5   0.03878739246891507   0.00007289221356113786
317.75   0.038921144920858325   0.00007310096666925937
318.   0.03905910289811846   0.00007331978382099348
318.25   0.03920102237088445   0.00007354373188735546
318.5   0.0393473549666535   0.00007377878046988589
318.75   0.039498273267741066   0.00007402644118940519
319.   0.039653957060279445   0.00007428827416704484
319.25   0.039814878353339966   0.00007457637243804651
319.5   0.039980837556871075   0.00007487785283883546
319.75   0.04015192054140673   0.00007519008959951058
320.   0.04032821847247366   0.00007551038128153259
320.25   0.040509294783888206   0.00007581541775706899
320.5   0.04069599205250853   0.00007613081100531162
320.75   0.04088864105453265   0.00007646214182465284
321.   0.04108758666600821   0.00007681518114326947
321.25   0.04129367572857917   0.0000772277115201671
321.5   0.041506608825333774   0.00007766181883805377
321.75   0.04172657564629798   0.00007811066015051311
322.   0.04195377664740341   0.00007856716286557413
322.25   0.04218811938098243   0.00007902796489462107
322.5   0.04243024969601469   0.00007948001075355831
322.75   0.04268053198196933   0.00007991379419394067
323.   0.04293934939998056   0.00008031945063176671
323.25   0.043207490368520306   0.00008059225833521318
323.5   0.043484846275684164   0.00008085235411288104
323.75   0.04377170330925194   0.00008112824033364487
324.   0.04406836567000579   0.00008144956686390397
324.25   0.044374764968088475   0.00008195218019536495
324.5   0.044691787597180295   0.00008252308203500262
324.75   0.04501996493454284   0.00008315174689744311
325.   0.045359859590925505   0.00008382723181726934
325.25   0.045712697687489895   0.000084518914836025
325.5   0.046078241263096675   0.000085241494756383
325.75   0.04645689607438698   0.00008599069186009005
326.   0.04684909752302349   0.00008676204957668925
326.25   0.047254495650935105   0.00008752083535538494
326.5   0.04767472109721584   0.00008830372766035845
326.75   0.04811066026804863   0.00008911839748242807
327.   0.04856325836042621   0.00008997292814952052
327.25   0.04903374692357977   0.00009091163205628961
327.5   0.049522897974491685   0.000091894207570932
327.75   0.05003177131190998   0.00009291497618502382
328.   0.05056150421946495   0.00009396798245660418
328.25   0.05111334466801414   0.0000949870455108227
328.5   0.051688571716856736   0.00009604806896721558
328.75   0.052288590826372335   0.00009716977263879689
329.   0.05291491860162726   0.00009837206671076748
329.25   0.05357024681528868   0.00009978874479125895
329.5   0.05425490236610223   0.00010128776487117789
329.75   0.05497035409783115   0.00010284485229242135
330.   0.055718204692258605   0.00010443418219121461
330.25   0.05649796797343405   0.00010589177086181673
330.5   0.057314628112621994   0.0001073752862785295
330.75   0.05817125656152315   0.00010891241560815087
331.   0.059071203574485344   0.00011053297240782357
331.25   0.060019938042472895   0.00011235906225723607
331.5   0.06101900031146111   0.00011430255879129532
331.75   0.062072003457764514   0.0001163619349584116
332.   0.06318293596525199   0.00011853569180023013
332.25   0.06435588914205449   0.00012079183667126457
332.5   0.06559619425580747   0.00012317055617155047
332.75   0.06690943274700568   0.00012568397041733213
333.   0.06830182209976525   0.00012834554738704227
333.25   0.06977955098208016   0.00013115259900076042
333.5   0.0713514255659198   0.00013414595047146755
333.75   0.07302652501853266   0.00013735237521197505
334.   0.07481507632922256   0.00014080189970304416
334.25   0.07672991941100937   0.00014458172267845158
334.5   0.07878243133792268   0.0001486578965434219
334.75   0.08098694968554321   0.0001530494310123775
335.   0.08335986569563966   0.0001577782273566802
335.25   0.08591902819799992   0.00016285311964658986
335.5   0.0886874192357178   0.00016832551370103517
335.75   0.09169059680199819   0.00017423713312433796
336.   0.09495828791492135   0.00018063655170741204
336.25   0.09852350166750383   0.000187546008810745
336.5   0.10242939165063501   0.00019507825085360265
336.75   0.10672505185803058   0.00020332868372160393
337.   0.11146884507325304   0.00021241066887808978
337.25   0.11673724636181905   0.00022247787272137824
337.5   0.12260558473157458   0.00023366974275005153
337.75   0.12917249751963644   0.0002461752071180051
338.   0.13655839281655047   0.00026022488374370873
338.25   0.14490366551740533   0.00027618025130216235
338.5   0.1544016754972178   0.00029429235449739664
338.75   0.16528551654493406   0.00031495935463358467
339.   0.17784869149883056   0.00033867993114495843
339.25   0.19246457194246813   0.00036567749891278594
339.5   0.20960725442530556   0.0003972548596480709
339.75   0.22988620394546447   0.00043465017448846184
340.   0.25408491466032646   0.0004794721495745277
340.25   0.2832144040013918   0.0005346201384490533
340.5   0.3185351436646739   0.0006018218525257543
340.75   0.36159795971390624   0.0006839737770746039
341.   0.41417491195029493   0.0007843473058507482
341.25   0.4779717832061048   0.0009052857923234474
341.5   0.553937259382977   0.0010490995316598162
341.75   0.6407305347706997   0.001213222788300788
342.   0.7324218430790681   0.0013864192809523886
342.25   0.816675009391092   0.0015457917445717091
342.5   0.8768842237935179   0.001659478080481901
342.75   0.9008454513936037   0.0017042840187339386
343.   0.8900972359429944   0.0016830685274690103
343.25   0.8590994467588073   0.0016222518493611941
343.5   0.8247502358983907   0.0015551227899264458
343.75   0.7975093651455537   0.0015016800726322039
344.   0.7797448019185907   0.0014665671080172475
344.25   0.7689555835362281   0.0014464738200993205
344.5   0.7617817049505726   0.0014335735286339327
344.75   0.7561044600659216   0.0014236462714720059
345.   0.7511189369638699   0.0014149475423104498
345.25   0.7467127207335006   0.0014061734443971115
345.5   0.7429677169124448   0.001398465930402436
345.75   0.7399369762940359   0.0013920401149184758
346.   0.7375889662261956   0.0013869508321374853
346.25   0.7358181057246361   0.0013836802980582265
346.5   0.7345392489267684   0.0013813922102079328
346.75   0.7336555383995205   0.0013797939843906435
347.   0.7330850209340091   0.001378620121072634
347.25   0.7327958759433305   0.0013771749576161803
347.5   0.7326915992723537   0.0013758926083526524
347.75   0.7327211928534   0.0013747733728084863
348.   0.7328433480638699   0.0013738370532889136
348.25   0.7329958716618585   0.0013733184360771246
348.5   0.7331900801458472   0.0013729865511510916
348.75   0.7334135997589674   0.0013728171336708232
349.   0.7336574799330118   0.0013727923841775594
349.25   0.7339218080621202   0.0013729628378483755
349.5   0.73419341238109   0.0013732311665294674
349.75   0.7344670439579779   0.0013735656035822434
350.   0.7347386869429146   0.0013739363779249679
350.25   0.7350085566408598   0.0013740900080791453
350.5   0.7352698454169998   0.0013743134133380776
350.75   0.7355195832868079   0.0013746719705662904
351.   0.7357552838851975   0.0013752329211878067
351.25   0.7359744013049537   0.001376525654117236
351.5   0.7361757810091332   0.0013779785071275157
351.75   0.7363580813959641   0.0013794760256015395
352.   0.7365201728982269   0.001380901579552151
352.25   0.7366599688918901   0.0013815919892440722
352.5   0.736778235193996   0.0013821887399545884
352.75   0.7368747382471247   0.0013827931784179725
353.   0.7369493483631824   0.0013835081667805836
353.25   0.7370044933962376   0.0013853615940830613
353.5   0.7370367572755024   0.0013871708521644233
353.75   0.7370452278987883   0.0013886677965873626
354.   0.7370290327509548   0.0013895810764013056
354.25   0.7369778593066678   0.0013874983584926126
354.5   0.7369041064109183   0.0013851247040644464
354.75   0.7368108238740168   0.0013830475104814068
355.   0.7367011209265438   0.0013818611907523324
355.25   0.7365905726378942   0.0013850315467996133
355.5   0.7364650753957737   0.0013891696869343347
355.75   0.7363228538335235   0.0013937279080295684
356.   0.7361621202441422   0.0013981520683744228
356.25   0.7359778113636419   0.0014001805076897939
356.5   0.7357726612626198   0.0014016206430558257
356.75   0.7355461585586179   0.0014025897234146573
357.   0.735297788246094   0.0014032063997237267
357.25   0.7350241254538349   0.0014037942499152093
357.5   0.7347286997392075   0.00140419053289233
357.75   0.7344121572108568   0.0014044354295906036
358.   0.73407514914109   0.0014045695731453975
358.25   0.7337058570741517   0.0014047544662073013
358.5   0.7333223529043599   0.0014048635246995539
358.75   0.7329303534482863   0.0014048898887106267
359.   0.7325356282938182   0.001404826627787343
359.25   0.7321686117137416   0.0014049432460365558
359.5   0.7318008139119127   0.0014048466567939547
359.75   0.7314281873367539   0.0014044177488916362
360.   0.7310466371962595   0.0014035362792786104
360.25   0.7306509080727757   0.001401042967554615
360.5   0.730238367767779   0.0013982645140221146
360.75   0.7298052342539507   0.0013954975253749743
361.   0.7293476848221754   0.0013930414035563951
361.25   0.7288426105115831   0.0013923912383924854
361.5   0.7283129827337249   0.0013921861542721195
361.75   0.7277626473755461   0.0013922510014357694
362.   0.7271954809315113   0.001392408967225826
362.25   0.7266276755827668   0.0013924760093662692
362.5   0.7260460108195828   0.0013922799003211212
362.75   0.7254494824162688   0.0013916412795444062
363.   0.7248370719183893   0.0013903792552725325
363.25   0.724204057748443   0.001386942914220189
363.5   0.7235545456288182   0.0013830596458618701
363.75   0.7228889669989738   0.0013790973770961
364.   0.7222077521375284   0.0013754271472998215
364.25   0.7215045109030318   0.0013738515578066034
364.5   0.7207891956261266   0.001372752527030605
364.75   0.7200649890216271   0.0013719328585189386
365.   0.7193350946251543   0.0013711936874808645
365.25   0.7186141588167044   0.0013695713566762241
365.5   0.7178894708544873   0.0013679297283130077
365.75   0.7171596798956391   0.001366373397274131
366.   0.7164234189016632   0.0013650077656318853
366.25   0.7156791326997676   0.0013645820556025656
366.5   0.714925663133462   0.0013643049899490056
366.75   0.7141616655983013   0.0013640246267600396
367.   0.71338578078827   0.0013635878477577968
367.25   0.7125912357797926   0.0013620922581586885
367.5   0.7117841852077005   0.001360427596283454
367.75   0.7109654069170158   0.001358739370168037
368.   0.7101356807169732   0.0013571741558228488
368.25   0.7092980126234292   0.0013569498847083505
368.5   0.708450078733941   0.0013567198842576048
368.75   0.7075917667808058   0.0013562018534969843
369.   0.7067229600466168   0.0013551114789145788
369.25   0.7058371309887267   0.0013515007733682363
369.5   0.7049431052633318   0.0013474032196537553
369.75   0.7040433383359979   0.001343199164103726
370.   0.70314029907127   0.001339271606729533
370.25   0.7022459883943492   0.0013374247209307541
370.5   0.70134960083748   0.001336064561552497
370.75   0.7004498042780363   0.0013350096123177888
371.   0.6995452538981131   0.001334077092460798
371.25   0.69863016565868   0.0013326492685587412
371.5   0.6977093556623195   0.0013311469444603598
371.75   0.6967832274742994   0.0013295585715984372
372.   0.6958521841385352   0.0013278725235302885
372.25   0.6949203780782028   0.0013257672809221302
372.5   0.6939829710753542   0.0013236640172457348
372.75   0.6930388526863223   0.0013216757945794175
373.   0.6920869025959793   0.0013199163759882446
373.25   0.6911192225046251   0.0013193763137451105
373.5   0.6901441315474146   0.0013189463991494402
373.75   0.6891632090602609   0.0013183892908448188
374.   0.6881780415477102   0.0013174661767258776
374.25   0.6871960485191431   0.0013145351432228554
374.5   0.6862106882681446   0.0013113135094174147
374.75   0.6852212202126965   0.0013081231086535853
375.   0.6842268967819835   0.0013052876761533328
375.25   0.6832241869870713   0.0013046257624448184
375.5   0.6822162102193111   0.0013043782220896747
375.75   0.6812033173272922   0.001304272842038229
376.   0.6801858589497992   0.0013040358014166403
376.25   0.6791671745444853   0.0013024084001082214
376.5   0.6781434365307232   0.001300488049984867
376.75   0.6771137907980257   0.0012983923730618778
377.   0.6760773763700122   0.001296239664586523
377.25   0.6750282954097196   0.0012944650677631543
377.5   0.6739727044780547   0.0012927462341261603
377.75   0.6729117486084307   0.0012910760766445474
378.   0.6718465772861902   0.0012894474626536975
378.25   0.6707795847110767   0.0012878513511866332
378.5   0.6697101953277244   0.0012862831252547862
378.75   0.6686390721500034   0.001284736269570895
379.   0.6675668797935859   0.001283204229948716
379.25   0.666494284457027   0.0012816804141854063
379.5   0.6654219539030896   0.0012801581930168698
379.75   0.6643505574402986   0.0012786309011484946
380.   0.6632807659047266   0.0012770918383638637
