310.   0.03452335114240886   0.00003999839887722391
310.25   0.03456733723102763   0.000040141331379189315
310.5   0.03461373300505746   0.00004021450543104398
310.75   0.034662480362080056   0.00004023218550730822
311.   0.034713520703057395   0.00004020890302738689
311.25   0.03476679491341464   0.00004015946716768486
311.5   0.03482224334328533   0.00004009897620056196
311.75   0.03487980578687142   0.000040042829390994164
312.   0.03493942146086658   0.0000400067394839034
312.25   0.035000521434208356   0.000040079810058888024
312.5   0.03506375001052832   0.00004017674356699586
312.75   0.03512925281009742   0.00004028429214084311
313.   0.035197179288378885   0.00004038892882166532
313.25   0.03526797002347015   0.000040420937049115164
313.5   0.035341383210731145   0.0000404439612939496
313.75   0.035417462892078276   0.00004046652826439901
314.   0.03549625499321079   0.000040497354946180495
314.25   0.035577939088183796   0.00004058013497717145
314.5   0.035662382002967175   0.00004067562387119467
314.75   0.035749581686918615   0.000040778855441772826
315.   0.035839537059617954   0.00004088474943595843
315.25   0.03593172383709027   0.00004096614941746666
315.5   0.03602687185413011   0.00004104825735154071
315.75   0.036125199204324165   0.00004113466314941374
316.   0.03622693058631659   0.00004122904667677534
316.25   0.03633306793005701   0.00004134639783901722
316.5   0.03644277957953956   0.00004147500227497225
316.75   0.03655599425013163   0.00004161420939044275
317.   0.0366726402673238   0.00004176335511605454
317.25   0.036791966090652446   0.00004192365615041587
317.5   0.03691484314816284   0.00004209178696149532
317.75   0.037041479312312546   0.00004226625574758732
318.   0.03717208985339462   0.00004244553240536149
318.25   0.03730723169633979   0.000042625650488050305
318.5   0.037446672516419366   0.00004280832431409539
318.75   0.037590514030478896   0.00004299288833905398
319.   0.03773886301003631   0.000043178659229166446
319.25   0.037891595250644235   0.00004336655275534767
319.5   0.03804915650545527   0.000043553601541573526
319.75   0.03821176854315949   0.00004373839164933287
320.   0.03837966253254577   0.00004391946600840253
320.25   0.03855358303661956   0.00004407162563369183
320.5   0.03873308334987039   0.00004422619092572753
320.75   0.038918217012798295   0.00004439141146018454
321.   0.03910904244491614   0.00004457581122387709
321.25   0.03930473758170036   0.00004483144624080159
321.5   0.03950659941748259   0.00004510749245668717
321.75   0.03971507205648376   0.000045395381370066896
322.   0.03993061898893411   0.00004568625251844729
322.25   0.04015479043248371   0.0000459373096127388
322.5   0.04038661549163232   0.00004618563723163295
322.75   0.04062617825727268   0.00004643543221673869
323.   0.04087357090843101   0.00004669105002085481
323.25   0.041128054285391055   0.00004697132812852663
323.5   0.04139090138860668   0.0000472611573199415
323.75   0.041662584288727565   0.000047559438135907115
324.   0.04194360006552565   0.00004786503350072528
324.25   0.042235003066441526   0.00004816526736503647
324.5   0.04253661222109693   0.00004847482489663972
324.75   0.042848788081504476   0.00004879727446560387
325.   0.0431719146664985   0.00004913634702293851
325.25   0.043506092793544865   0.00004950870360372409
325.5   0.043852185302400565   0.000049900811659699
325.75   0.044210788352537465   0.00005031158503169827
326.   0.04458253606867032   0.00005073990140838316
326.25   0.044968026534912234   0.00005120196829780688
326.5   0.0453680858594902   0.00005167260561787042
326.75   0.04578351462100376   0.0000521432017765829
327.   0.046215167446671895   0.000052604715994286646
327.25   0.046664358249038716   0.00005295847998800918
327.5   0.0471315121859692   0.00005331740526691857
327.75   0.0476175057546615   0.000053708902699092804
328.   0.0481232819936444   0.000054161917536391095
328.25   0.04864980520294966   0.00005485109288955192
328.5   0.04919824176624821   0.0000556106196275164
328.75   0.04976979663578792   0.00005641328100449099
329.   0.050365772162199014   0.00005723026031744254
329.25   0.05098721980918352   0.00005791958539757056
329.5   0.051636159417888045   0.00005860182269710026
329.75   0.05231440365366428   0.0000592903320132073
330.   0.0530239202011505   0.00005999937815212669
330.25   0.053766753913479556   0.00006078314730178609
330.5   0.05454536530543848   0.0000616046525507893
330.75   0.055362338828584275   0.00006246461614717945
331.   0.05622049944149383   0.00006336386299151832
331.25   0.05712331650485126   0.00006428398157871369
331.5   0.05807367213231942   0.00006525251199221188
331.75   0.05907513643663863   0.00006627915011627448
332.   0.060131647534446435   0.00006737448054770948
332.25   0.06124749871364284   0.00006856326792498435
332.5   0.062427597676422086   0.00006984027794045259
332.75   0.06367733165986425   0.00007121370365538378
333.   0.06500270070204774   0.0000726926547846946
333.25   0.06641056725417128   0.00007430853117526074
333.5   0.06790821626167523   0.00007604383999492982
333.75   0.06950400516869766   0.00007790178989712497
334.   0.07120735257883096   0.00007988612356563862
334.25   0.07302819230112124   0.00008197319195261289
334.5   0.07497957398954085   0.00008420591437067257
334.75   0.07707558268526789   0.0000866029645745892
335.   0.07933231444216936   0.00008918564563105142
335.25   0.0817692922846272   0.00009200568489039095
335.5   0.08440638452648257   0.00009505449689586781
335.75   0.08726773700684702   0.00009835183713385091
336.   0.09038143744133936   0.0001019207451478526
336.25   0.0937797336899415   0.00010576138069081566
336.5   0.09750199818277987   0.00010994112700625043
336.75   0.10159411668367456   0.00011451026872619799
337.   0.10611063494547272   0.00011952852456147482
337.25   0.11111745485729485   0.00012504494257746727
337.5   0.11669226348180613   0.00013117472329761656
337.75   0.12292995878619656   0.0001380330012812708
338.   0.12994640387999232   0.00014576052118465342
338.25   0.1378813107221269   0.00015458152499345628
338.5   0.1469149469104778   0.00016464605480572643
338.75   0.15726945171458534   0.00017619764538127946
339.   0.16922455534757375   0.0001895426785292884
339.25   0.18313904528064037   0.0002050291361028598
339.5   0.1994612128318786   0.0002232022777046217
339.75   0.21877045897244987   0.00024471850406895774
340.   0.2418114858869091   0.00027042298890246266
340.25   0.2695365545832268   0.00030144997521707405
340.5   0.30315305936270137   0.0003391165630888459
340.75   0.34413850176158406   0.00038508562302994026
341.   0.3941819020062807   0.0004412594846500369
341.25   0.4549209985326071   0.0005094040736448612
341.5   0.5272532084885183   0.0005906302354747683
341.75   0.6099042942542113   0.0006835741304998165
342.   0.6972305950323426   0.0007819914066955881
342.25   0.7774819272080136   0.0008733603080821559
342.5   0.8348503656267641   0.0009392560847892068
342.75   0.8577113206329733   0.0009662405197022778
343.   0.8475230990457757   0.0009555688295934731
343.25   0.8180486273168593   0.0009214962398704734
343.5   0.7853763369668056   0.0008834316182365834
343.75   0.7594664618234142   0.0008527940703850372
344.   0.7425747346596856   0.0008322628392807067
344.25   0.7323168312254211   0.0008196789884059118
344.5   0.7254974127756744   0.0008110383598436697
344.75   0.7200996547309858   0.0008040795377328372
345.   0.7153577955538024   0.0007979480981380092
345.25   0.7111634608423245   0.0007924443769299308
345.5   0.7075983319278457   0.0007877779860570077
345.75   0.7047144967692957   0.0007840431447379484
346.   0.702483483674768   0.0007812450356789604
346.25   0.7008238659526733   0.0007797126418589222
346.5   0.6996315956852573   0.0007788362379527382
346.75   0.698808974828047   0.0007783942998142122
347.   0.6982724325990678   0.000778180124413526
347.25   0.6979527224412633   0.0007775662535129234
347.5   0.6977987696029192   0.0007769866210390353
347.75   0.6977697506970205   0.0007764539553509387
348.   0.6978341724939333   0.0007759920722656723
348.25   0.6979683660563357   0.0007757537686461963
348.5   0.698152691226537   0.0007756111043928525
348.75   0.698372331858325   0.0007755604137751853
349.   0.6986156912934265   0.0007756018204448385
349.25   0.6988694808311673   0.0007759619028193256
349.5   0.6991322978743628   0.0007763344039937387
349.75   0.699400112963901   0.0007766355966991754
350.   0.6996700840766719   0.0007767819618007332
350.25   0.6999525826260751   0.0007763768774512681
350.5   0.700229345471365   0.0007757730062233282
350.75   0.7004948333140784   0.0007750134629183119
351.   0.7007439295065175   0.0007741425526337365
351.25   0.7009586918528188   0.00077336052913099
351.5   0.7011529524663184   0.0007724978186364941
351.75   0.7013277524375486   0.0007715387563614047
352.   0.7014843664263354   0.0007704677289408986
352.25   0.7016313511875308   0.0007690207126385356
352.5   0.7017604638910472   0.0007675285882178172
352.75   0.701870606555483   0.0007660766951026762
353.   0.7019607682788181   0.0007647515822041386
353.25   0.7020293848276857   0.0007640088743662887
353.5   0.7020764457070343   0.0007634242185313306
353.75   0.7021013701827213   0.0007629381048403179
354.   0.7021036187416503   0.0007624902985215355
354.25   0.7020827591193975   0.0007618224346918083
354.5   0.7020382099791685   0.0007611482623720253
354.75   0.7019694847114495   0.0007604855630325653
355.   0.701876113753375   0.0007598523473657984
355.25   0.701745465474122   0.0007587686181298115
355.5   0.7015940825160463   0.0007579480313968402
355.75   0.7014264668796185   0.000757611434351013
356.   0.7012471805600388   0.0007579821280107209
356.25   0.7010806063400765   0.0007610733155546844
356.5   0.7009038363742245   0.0007646185386293577
356.75   0.7007135798689846   0.0007681231828520599
357.   0.7005065099724463   0.0007710871439929834
357.25   0.7002696970070745   0.0007710851267691705
357.5   0.7000130927775162   0.0007702858346921195
357.75   0.6997371382410658   0.0007689515166066057
358.   0.6994422773119529   0.000767347325385857
358.25   0.6991281770424687   0.0007663048660115295
358.5   0.6987963729110135   0.0007653082240397553
358.75   0.6984476296718701   0.0007644026002759059
359.   0.6980827159431467   0.0007636336340034072
359.25   0.6977059599241737   0.0007633296790110502
359.5   0.6973131721515031   0.0007631431476949248
359.75   0.6969036902221748   0.0007630066281273959
360.   0.6964768403727241   0.0007628520245612236
360.25   0.6960288294883203   0.0007623127869987111
360.5   0.6955633003100485   0.0007617352457987486
360.75   0.6950808029910092   0.0007611698626276792
361.   0.6945818879155917   0.0007606675691868615
361.25   0.6940614489885365   0.0007606039916416514
361.5   0.6935279350414227   0.0007605782434098076
361.75   0.6929841851010666   0.0007605114275644958
362.   0.6924330582472642   0.0007603239219661437
362.25   0.6918924066680278   0.000759820480096146
362.5   0.6913442184952391   0.0007590805342886771
362.75   0.6907853544265933   0.0007580688351152099
363.   0.6902126417822964   0.0007567498530328378
363.25   0.6896086121369837   0.0007545789580138994
363.5   0.6889899467922495   0.0007522306882295676
363.75   0.6883591423691514   0.0007498744170233972
364.   0.6877187117631884   0.0007476809558564592
364.25   0.6870787976353633   0.0007464284430280069
364.5   0.6864313103905741   0.000745444220176294
364.75   0.6857757328881945   0.0007446583943120202
365.   0.6851115385422659   0.0007440004626289848
365.25   0.6844378355887429   0.0007432784778466325
365.5   0.6837545760343259   0.0007425895434361979
365.75   0.6830613495394396   0.0007419102078508594
366.   0.6823577379671883   0.0007412168251941652
366.25   0.681640668332424   0.0007402659102727378
366.5   0.6809134051057698   0.0007393402667494662
366.75   0.6801765765727377   0.000738504394698596
367.   0.6794308116685075   0.0007378232750318942
367.25   0.6786781763143128   0.0007377932612621152
367.5   0.677917294104028   0.000737878301921582
367.75   0.6771482159133345   0.0007379707996616045
368.   0.6763709890199575   0.0007379623492788433
368.25   0.6755858071660034   0.0007373449872987238
368.5   0.6747925010221767   0.0007365658444844426
368.75   0.6739910468536905   0.00073567511952473
369.   0.6731814171208922   0.0007347233806673315
369.25   0.6723591439295775   0.0007339307091235378
369.5   0.6715303911255494   0.0007331120609075356
369.75   0.6706969103631343   0.0007322508247610093
370.   0.669860461897755   0.0007313302729950241
370.25   0.6690354112196399   0.000730844234265904
370.5   0.6682059341739808   0.000730062201411279
370.75   0.6673687344040171   0.000728761097670509
371.   0.6665204901510486   0.0007267163780478573
371.25   0.6656415502808547   0.0007218617055955606
371.5   0.6647513264886898   0.0007165412970938368
371.75   0.6638529987378964   0.0007112685576865215
372.   0.6629497651535512   0.0007065602591835773
372.25   0.6620555452605332   0.0007049191455666084
372.5   0.661158615201637   0.0007040979293736485
372.75   0.6602579102767985   0.0007038237644234424
373.   0.6593523561100718   0.0007038220118882709
373.25   0.6584381644345798   0.0007032370662033438
373.5   0.6575180213372527   0.0007026002221846868
373.75   0.6565919144371138   0.0007018651016634438
374.   0.6556598288170123   0.0007009850440739538
374.25   0.6547207800937703   0.0006996121805820651
374.5   0.6537760998218157   0.0006981198738021842
374.75   0.652826155426742   0.0006965819227697657
375.   0.6518713142393281   0.0006950725713092852
375.25   0.6509110971254735   0.0006940208966442846
375.5   0.6499470541816474   0.0006930066914717518
375.75   0.6489798935226759   0.0006919626963894934
376.   0.6480103251325108   0.0006908212578904672
376.25   0.6470418938650397   0.0006891506100368774
376.5   0.6460713535988051   0.0006873907118202633
376.75   0.6450982784786247   0.0006856192897181477
377.   0.6441222380977364   0.0006839145104301927
377.25   0.6431401320501137   0.0006827405451004553
377.5   0.642155246831048   0.0006816374792061707
377.75   0.6411682123879665   0.0006805294635922336
378.   0.6401796601683053   0.0006793402273323479
378.25   0.6391991208296942   0.0006773444998387935
378.5   0.6382147911414414   0.0006753718017582502
378.75   0.6372237237724176   0.0006736058197949423
379.   0.6362229539920436   0.0006722312138658687
379.25   0.6352094999066418   0.0006714336040220641
379.5   0.6341803626919331   0.0006713995575800606
379.75   0.6331325268217532   0.0006723165764590021
380.   0.6320629602930752   0.0006743730847189984
