310   0.0000827980409968085   9.87591435820835e-8
311   0.00008166759163788037   9.703987379155895e-8
312   0.00008055436954758233   9.576425029194686e-8
313   0.0000794654460442901   9.397233953939267e-8
314   0.0000784137686842639   9.28556201710535e-8
315   0.00007737431490974076   9.113158308133256e-8
316   0.00007634724340718966   8.969082530595e-8
317   0.00007532860154448467   8.850565171144218e-8
318   0.00007432541691912488   8.699474782739624e-8
319   0.0000733383127440146   8.588683889298001e-8
320   0.00007236697125491316   8.5517192799397e-8
321   0.00007140094459080035   8.421345547171222e-8
322   0.00007046074321824923   8.308382773670532e-8
323   0.00006953666745489392   8.2191975271969e-8
324   0.00006862666845531   8.098850177234688e-8
325   0.00006772999240801848   7.968134389020284e-8
326   0.00006684653476197466   7.852584754872018e-8
327   0.00006597801279499552   7.750568221774515e-8
328   0.00006513134187822415   7.557544913424289e-8
329   0.00006427573306560943   7.430276627939106e-8
330   0.00006344952106495752   7.309166144998778e-8
331   0.00006263247689114113   7.194555699517129e-8
332   0.00006181499344067928   7.04640413296025e-8
333   0.000061021373958883104   6.955218924066473e-8
334   0.000060239866296066935   6.85223647679235e-8
335   0.00005946992847835485   6.764082073146619e-8
336   0.00005870930096688059   6.674087538017122e-8
337   0.000057961354032029126   6.617451580830092e-8
338   0.00005722171859588191   6.599380798546046e-8
339   0.00005648923099481287   6.531110346983814e-8
340   0.00005578076695111117   6.41035097504465e-8
341   0.000055079379320027156   6.311592752646917e-8
342   0.000054389325860015685   6.237141979688392e-8
343   0.000053708551801312815   6.142021790387194e-8
344   0.000053036347160500974   6.066116019100241e-8
345   0.00005237886084000444   5.959679051865657e-8
346   0.00005172524784111879   5.892405758588206e-8
347   0.000051081217185475395   5.821358520566628e-8
348   0.00005045128046510907   5.754797917214515e-8
349   0.000049828809575236233   5.6973816606513864e-8
350   0.00004922017414114152   5.568223157988095e-8
351   0.000048621773585686056   5.523290496669045e-8
352   0.00004802725882038165   5.415802140147919e-8
353   0.00004744150018166275   5.331959982652533e-8
354   0.000046863799955541345   5.2470227426303075e-8
355   0.00004629653525079229   5.175907231478534e-8
356   0.00004573471793194367   5.101907353639729e-8
357   0.00004518467107835008   5.0180683594182514e-8
358   0.00004463691172565026   4.9504639693478467e-8
359   0.000044095331190890085   4.8843431153557714e-8
360   0.00004356967520376047   4.91699448806559e-8
361   0.00004304786573337825   4.855920351223089e-8
362   0.000042531119715083377   4.75799205207924e-8
363   0.000042025518447321896   4.68812479496569e-8
364   0.0000415257598891362   4.6232196356461285e-8
365   0.0000410318850326935   4.559990702033248e-8
366   0.000040544570588185854   4.548323097769069e-8
367   0.000040064633086981996   4.4937682875372333e-8
368   0.000039592693897062933   4.4276641679253423e-8
369   0.00003912608614143986   4.370689660842087e-8
370   0.000038664633078055326   4.277989389801658e-8
371   0.00003820796138708723   4.210048559555197e-8
372   0.00003776062750930254   4.15061048456154e-8
373   0.00003731969999145443   4.1086010758949625e-8
374   0.000036885005873413447   4.0574635994611673e-8
375   0.00003645661764400556   4.011761924021258e-8
376   0.0000360323586953849   3.939985844138925e-8
377   0.000035614553969518656   3.888793426915823e-8
378   0.000035202072073376157   3.839438018531339e-8
379   0.00003480074032413035   3.7992218278823206e-8
380   0.00003439392912412057   3.7552295587097993e-8
