310.   0.09742294436419717   0.00008945505143445562
310.25   0.09736082349126592   0.00008922562262085979
310.5   0.09730071791740869   0.0000890579830128162
310.75   0.09724279427859285   0.00008894016741164282
311.   0.0971872214727205   0.00008886009374610429
311.25   0.09713417073101635   0.00008880555608575488
311.5   0.09708381569211212   0.0000887642187123135
311.75   0.09703633247895285   0.00008872361132042901
312.   0.09699189977865633   0.00008867112540161846
312.25   0.09695072681580147   0.00008852523101684087
312.5   0.09691295873923453   0.00008836903306641642
312.75   0.09687877112501046   0.00008821738329077884
313.   0.09684834233176776   0.00008808529294445246
313.25   0.0968227781968515   0.00008806493638039114
313.5   0.09680097288687774   0.00008806425826286357
313.75   0.09678273837989947   0.00008806757220840003
314.   0.09676788522202324   0.00008805899716080394
314.25   0.09675580756700666   0.00008795468542879683
314.5   0.09674689178824036   0.00008783293039246908
314.75   0.09674111238269853   0.0000877047869327642
315.   0.09673844438618412   0.0000875814369139461
315.25   0.09673869757135509   0.00008750328659942853
315.5   0.09674207941915454   0.00008744119158095969
315.75   0.09674863411609916   0.00008739493264345825
316.   0.09675840738585018   0.00008736429117198573
316.25   0.09677123854654579   0.00008736692970142658
316.5   0.09678746665920887   0.00008737769545181457
316.75   0.09680722701813996   0.00008738910086159163
317.   0.09683065788906492   0.00008739355655726696
317.25   0.0968581801138231   0.00008734082808461871
317.5   0.09688954853821233   0.00008728244943242209
317.75   0.09692479730750975   0.00008722781887624857
318.   0.096963962375464   0.00008718646039766134
318.25   0.09700691749532772   0.00008717977012593718
318.5   0.09705393122602166   0.00008720118170972913
318.75   0.09710511225338495   0.0000872558757419197
319.   0.09716057242143462   0.00008734912495209904
319.25   0.09722081475649827   0.00008755518481531588
319.5   0.09728541717035266   0.00008778356375203607
319.75   0.0973543436979407   0.00008801171811848504
320.   0.09742755958817227   0.00008821671172149349
320.25   0.09750392511772037   0.00008827992832422129
320.5   0.09758494976235134   0.00008831043755492701
320.75   0.09767105414697196   0.00008832304972386661
321.   0.09776266794278635   0.00008833280984420226
321.25   0.09786146704393806   0.00008839045382902156
321.5   0.09796617730071062   0.00008846212025072463
321.75   0.09807675288548522   0.00008854914449139503
322.   0.0981931498388356   0.00008865289009188842
322.25   0.09831460401073772   0.00008879854912878305
322.5   0.09844208138874039   0.0000889543984598808
322.75   0.09857583951290513   0.00008911216132262805
323.   0.09871614372652086   0.00008926341050118471
323.25   0.09886428205706152   0.00008936820801959114
323.5   0.09901912393988582   0.00008946146786178481
323.75   0.09918054530746259   0.00008954711123824327
324.   0.09934842346557626   0.0000896291350766765
324.25   0.09952146080328314   0.00008971380133709951
324.5   0.09970117535049225   0.00008980223541067295
324.75   0.0998879312890424   0.00008989778699144338
325.   0.10008210460947539   0.0000900038722775071
325.25   0.10028444959879554   0.00009013137087798495
325.5   0.10049485866603572   0.00009027355261989746
325.75   0.10071359706316454   0.00009043103187699924
326.   0.10094094136350315   0.00009060444407723381
326.25   0.10117708192694858   0.00009083790255318724
326.5   0.10142245657643548   0.00009107164560275182
326.75   0.10167742032387672   0.00009128852157215651
327.   0.10194234335801897   0.00009147099106734789
327.25   0.10221903262496868   0.00009149356639750695
327.5   0.10250591597972084   0.00009148751333915601
327.75   0.10280283016623509   0.00009147828750863771
328.   0.10310961678862432   0.00009149191621519328
328.25   0.10342325330529473   0.00009164624859118835
328.5   0.10374758069486724   0.00009184175539477122
328.75   0.10408364115699503   0.00009206886134001061
329.   0.1044325149168842   0.00009231777125303167
329.25   0.10479766319670195   0.00009254927189274035
329.5   0.1051769983400457   0.00009279364068095415
329.75   0.10557076310164303   0.0000930523920791587
330.   0.1059792220739065   0.00009332709090026153
330.25   0.10640241050621896   0.00009364008999138874
330.5   0.10684099296572855   0.00009396428285926753
330.75   0.10729541504190436   0.00009429283763110688
331.   0.10776615510191721   0.000094618737426266
331.25   0.10825236136392849   0.00009487685161514985
331.5   0.10875648072292417   0.00009514016116950976
331.75   0.10927967388336855   0.00009542505066815536
332.   0.10982316524706665   0.00009574842268733342
332.25   0.11038943226313362   0.00009619924065759237
332.5   0.1109782011708551   0.00009669644338561407
332.75   0.11159042786087439   0.00009722904036224497
333.   0.11222713871387319   0.00009778570662665801
333.25   0.1128891636287592   0.00009830979465175164
333.5   0.11357806889759343   0.00009885151701075859
333.75   0.11429524850728437   0.00009941716877102289
334.   0.1150422021074981   0.00010001332425317973
334.25   0.11582100486716503   0.00010066939357741402
334.5   0.11663276465751601   0.00010136140474785773
334.75   0.11747917337550054   0.00010208748144594541
335.   0.11836207059255188   0.00010284574069461288
335.25   0.11928254027085472   0.00010360639873252879
335.5   0.12024403863767813   0.00010440612474133844
335.75   0.12124934183029   0.00010525478844215358
336.   0.12230147135846257   0.00010616282566880552
336.25   0.12340454218032422   0.00010715856188386922
336.5   0.12456102824917259   0.00010822994816394758
336.75   0.12577453297733987   0.00010938222057599762
337.   0.12704903236819665   0.00011062109929018596
337.25   0.1283881732061713   0.00011200461065195274
337.5   0.1297978695069544   0.00011346839712898411
337.75   0.1312838694908311   0.00011499790331900865
338.   0.13285256952614444   0.00011657796390351326
338.25   0.1345108546711122   0.00011813814098484276
338.5   0.13626707952763922   0.00011973690424526687
338.75   0.1381303548032436   0.00012138045726407024
339.   0.14011096217474342   0.00012307580974586988
339.25   0.14222208809640635   0.00012478693591191412
339.5   0.14447489931778135   0.00012658322417276484
339.75   0.14688390552193356   0.00012849431770762894
340.   0.1494658357755817   0.00013055304998684924
340.25   0.15223891909579895   0.0001328448280640202
340.5   0.15522734063961452   0.0001353442381601339
340.75   0.15845811933504989   0.00013807630091438772
341.   0.16196310437388786   0.0001410704554287299
341.25   0.16578096758164176   0.00014439915941860212
341.5   0.1699557351171942   0.00014805316467603844
341.75   0.1745414757452251   0.0001520655883308458
342.   0.17960388252147183   0.00015647797118504777
342.25   0.185221993386563   0.00016126283360918124
342.5   0.19149696880937753   0.0001665929600956257
342.75   0.19855280233989198   0.00017258890487079791
343.   0.20654428151646248   0.00017939990100790677
343.25   0.21566586645371377   0.00018730824714098608
343.5   0.22615745908218832   0.00019641683060392175
343.75   0.23831430033128792   0.000206960814018472
344.   0.2524862193212809   0.00021921758804709158
344.25   0.2690605934083695   0.00023333627558464473
344.5   0.2884083134691966   0.00024979134913456557
344.75   0.3107903695327062   0.0002688334379578879
345.   0.3362366916695485   0.00029052419560118625
345.25   0.3644650422106611   0.00031487375014582677
345.5   0.39491931953395   0.00034121944200282787
345.75   0.426898316219359   0.00036893677557379333
346.   0.459711522772429   0.0003973998238948782
346.25   0.49277994958634197   0.00042592038639074437
346.5   0.5256669434147204   0.0004542553666042626
346.75   0.5580701261785562   0.00048215580358971924
347.   0.5897937441314951   0.0005094689308356672
347.25   0.620724329395497   0.0005361638676268231
347.5   0.6507933763871796   0.0005621434295896197
347.75   0.6799724542177876   0.0005873867055313651
348.   0.7082569408656127   0.000611893017735416
348.25   0.7356439968902315   0.0006359402957019443
348.5   0.7621712791508168   0.0006591933731517101
348.75   0.7878703440573926   0.0006815487977166121
349.   0.8127762791412245   0.0007028895990067978
349.25   0.8369493825176197   0.000722123291726311
349.5   0.8603955495283726   0.0007404044164677299
349.75   0.8831413827976441   0.000758019893156123
350.   0.9052118751795352   0.0007752866283540814
350.25   0.9266131514127764   0.0007939818592765641
350.5   0.9473896094749682   0.0008125304043913933
350.75   0.9675682240472823   0.0008306834008176314
351.   0.9871746848849281   0.0008481619726509076
351.25   1.006234128977832   0.0008634137740042072
351.5   1.0247688073730699   0.0008778049941561206
351.75   1.042800467567754   0.0008915273580439837
352.   1.0603497431696896   0.000904787502928497
352.25   1.0774379373964018   0.0009184641108109928
352.5   1.0940813077235416   0.0009318898362049674
352.75   1.1102968001796658   0.0009450249333505457
353.   1.1261004634910878   0.0009578242276790639
353.25   1.1415100128627658   0.0009699836212085046
353.5   1.1565364447704485   0.0009817966179740012
353.75   1.171192388016629   0.0009933128624463466
354.   1.1854897366462902   0.0010045835471774853
354.25   1.199438792898308   0.00101586120731569
354.5   1.2130513715344238   0.0010269248340449072
354.75   1.2263378293303537   0.0010377445359716394
355.   1.2393079824006838   0.0010482875703825324
355.25   1.2519670370919642   0.0010584547785170068
355.5   1.2643294923650292   0.0010682959286030516
355.75   1.2764054898663608   0.001077797456998969
356.   1.2882048357994007   0.0010869445597758295
356.25   1.299747391601428   0.0010954719166525447
356.5   1.3110280375011238   0.0011037069524458714
356.75   1.322051315370452   0.0011117370878049194
357.   1.3328213297583416   0.0011196531002058017
357.25   1.3433317368973123   0.0011279038630051797
357.5   1.3535997084676958   0.0011360958282443927
357.75   1.3636323909451913   0.0011441797699691064
358.   1.3734367361793058   0.0011521037056445092
358.25   1.3830126303166388   0.0011588728753615016
358.5   1.3923762016183436   0.001165732395869826
358.75   1.4015367758056558   0.0011730170873603194
359.   1.4105036306388419   0.0011810732908678068
359.25   1.4193065464829837   0.001192651328117614
359.5   1.4279262563560726   0.0012048075971443516
359.75   1.436363342811801   0.0012169217990262314
360.   1.444618079770038   0.0012283495071979914
360.25   1.4526803945838067   0.0012362970356972888
360.5   1.4605639143917932   0.0012430220540486318
360.75   1.4682722426626162   0.0012487011792269907
361.   1.475808846135075   0.0012535181754318645
361.25   1.4831730059140562   0.001257622975621876
361.5   1.4903735607087278   0.0012612692644437381
361.75   1.4974152882991536   0.0012646771935791129
362.   1.5043029011394378   0.0012680732466658416
362.25   1.511044313058651   0.0012724397466888598
362.5   1.5176395867604473   0.0012769745001377914
362.75   1.5240919080216284   0.0012816120953219367
363.   1.5304043746238671   0.0012862848258249006
363.25   1.5365831633553495   0.001290788358393264
363.5   1.5426268128938232   0.0012952376048735693
363.75   1.5485368703152025   0.0012996140479720555
364.   1.5543147752587403   0.0013038983945984238
364.25   1.5599579184356642   0.0013075496664080126
364.5   1.5654730185473307   0.0013112710453861787
364.75   1.570862843261535   0.0013152560156525414
365.   1.5761301057627437   0.0013197025902285922
365.25   1.5812781874953397   0.0013261865607914567
365.5   1.5863086975985792   0.0013330068187510954
365.75   1.5912239019610854   0.0013398090049018658
366.   1.5960260135942377   0.0013462295135499337
366.25   1.6007145349180953   0.001350660525105695
366.5   1.6052952782765142   0.0013544386033843803
366.75   1.6097714038555537   0.0013576830873107295
367.   1.6141460499013913   0.0013605163168162533
367.25   1.6184303341058532   0.001363177959860249
367.5   1.6226162232362742   0.0013656368157675236
367.75   1.6267035094256102   0.0013679766500962441
368.   1.6306918997832038   0.0013702829346903568
368.25   1.63457427459596   0.001373328348127121
368.5   1.6383595635227037   0.0013762474900360366
368.75   1.6420499986894002   0.001378849585625072
369.   1.6456477895223074   0.0013809400632706931
369.25   1.6491572132092434   0.0013811865344331977
369.5   1.6525775274591579   0.0013809667483155208
369.75   1.6559100225194077   0.0013805399720293605
370.   1.659155953378334   0.0013801701977543771
370.25   1.6623108834813025   0.0013809650483339545
370.5   1.6653838783444015   0.0013820291371514411
370.75   1.6683784092252731   0.0013832972914080515
371.   1.6712979572609106   0.0013847030128563847
371.25   1.674155692759522   0.00138591101402384
371.5   1.6769416354738076   0.0013872248370445713
371.75   1.6796553388260946   0.0013886833643363891
372.   1.6822962993088089   0.0013903260041049233
372.25   1.684859627310526   0.0013925729641201324
372.5   1.6873507421544718   0.0013949350296065047
372.75   1.6897707461196216   0.0013972979806245675
373.   1.692120718172021   0.0013995455626181162
373.25   1.6944006482574774   0.0014010980213339742
373.5   1.69661305645123   0.0014024782655917627
373.75   1.6987593907243146   0.0014037525986494515
374.   1.7008410849183444   0.0014049883708299776
374.25   1.7028655665510224   0.0014067878004386022
374.5   1.704825869867237   0.0014084762569706877
374.75   1.7067209385626891   0.0014099064243468366
375.   1.7085496669569644   0.0014109287222969851
375.25   1.710299637137311   0.0014104628952100397
375.5   1.7119853488711745   0.0014096496614541913
375.75   1.7136101446443783   0.0014087113650078252
376.   1.7151773876224246   0.001407873504926999
376.25   1.7166980721553164   0.001408158577961262
376.5   1.7181649914642505   0.0014086913470650224
376.75   1.7195784701248786   0.0014093835648356472
377.   1.720938809541456   0.0014101456525793777
377.25   1.72223822650952   0.0014105770239622637
377.5   1.7234882191850884   0.0014110173300078146
377.75   1.724692303481567   0.0014114990625123459
378.   1.7258540180233006   0.0014120551063421102
378.25   1.7270063233239845   0.0014129360495312238
378.5   1.7281118017194463   0.0014138725657600753
378.75   1.7291621005044535   0.0014148103852341806
379.   1.7301487339193142   0.0014156944551682248
379.25   1.7310630851427726   0.001416468951123361
379.5   1.7318964082415143   0.0014170773039348108
379.75   1.7326398300775208   0.0014174622428847216
380.   1.733284352174663   0.0014175658558557827
