310.   0.08062851386723889   0.00019642656446869583
310.25   0.08055770444167852   0.00019624828175932594
310.5   0.08048858414260017   0.0001961601564126359
310.75   0.08042130803699386   0.00019613562092450927
311.   0.0803560332174808   0.0001961478333966149
311.25   0.08029291886566572   0.0001961696691157713
311.5   0.08023212631785813   0.00019617371183231375
311.75   0.08017381913326138   0.00019613224472394186
312.   0.08011816316475616   0.00019601724103086277
312.25   0.08006634790226257   0.00019564819372840992
312.5   0.08001711886808213   0.00019520876074950264
312.75   0.07997023499632182   0.00019473164591014895
313.   0.07992545298376576   0.00019424992352475416
313.25   0.07988114659456175   0.0001938656665830217
313.5   0.07983899419483417   0.00019351698784089155
313.75   0.07979930566651548   0.0001932102985359053
314.   0.07976239517620795   0.00019295209206819856
314.25   0.0797295694266575   0.00019277586606488063
314.5   0.07969977309803485   0.0001926507317252231
314.75   0.07967293283888008   0.00019257251399853607
315.   0.0796489751092368   0.00019253699297645514
315.25   0.07962789849215157   0.0001925244738559025
315.5   0.07960952819239939   0.0001925521633324837
315.75   0.07959376070327653   0.00019262196687573502
316.   0.07958049193046215   0.00019273582150790758
316.25   0.07956881455413443   0.00019291654660428176
316.5   0.07955974263947527   0.0001931370674824983
316.75   0.07955349658773067   0.00019339094493624401
317.   0.07955030064561035   0.00019367165916557577
317.25   0.07955069438215855   0.00019401553087799718
317.5   0.07955447604053366   0.00019435601622523393
317.75   0.07956175560786266   0.00019466887015339286
318.   0.07957264570583254   0.00019492950322863966
318.25   0.07958864706181747   0.00019495762081650343
318.5   0.07960794644757323   0.00019494448797702124
318.75   0.07963010090097067   0.0001949276631056056
319.   0.07965466204557284   0.00019494525897127823
319.25   0.0796778868451491   0.0001952102117062949
319.5   0.07970390010198822   0.00019551892296788628
319.75   0.07973357640823484   0.0001958402859083091
320.   0.07976780524996056   0.0001961427182142145
320.25   0.07981089755090974   0.00019627230884530363
320.5   0.0798590278520682   0.00019636625742178618
320.75   0.07991174474321958   0.00019644113591419607
321.   0.07996859129629995   0.00019651378284721633
321.25   0.08002679698090895   0.00019666150201201783
321.5   0.08008910874617002   0.0001968178389031368
321.75   0.08015599409308309   0.00019697592535194395
322.   0.08022793048671588   0.00019712877960554253
322.25   0.08030729770080795   0.00019721032912207033
322.5   0.0803919591475973   0.00019729549624218255
322.75   0.08048165170308347   0.00019740103122793868
323.   0.0805761099872461   0.00019754399091605215
323.25   0.08067402416379406   0.00019778789877321275
323.5   0.08077657536903908   0.0001980862034005028
323.75   0.08088391740939352   0.00019843808430384927
324.   0.08099620974998759   0.00019884272248662493
324.25   0.0811129529988029   0.00019931502201381767
324.5   0.08123524436754007   0.00019983228065204996
324.75   0.08136353447827266   0.0002003872448460917
325.   0.0814982864488886   0.00020097253236646344
325.25   0.08164173094257168   0.00020157273725463737
325.5   0.08179191638643996   0.0002021911810639696
325.75   0.08194862776029932   0.00020282329428660917
326.   0.08211164987043683   0.00020346442229163288
326.25   0.08227909454806381   0.0002041095642755834
326.5   0.0824530737599532   0.00020475424034610535
326.75   0.08263405935417363   0.00020539362051188043
327.   0.08282253898106078   0.00020602277412391237
327.25   0.08301988498409776   0.00020661157763240804
327.5   0.08322541233550072   0.00020718977188929094
327.75   0.08343930470398749   0.0002077624146748389
328.   0.08366175694651495   0.00020833469172573947
328.25   0.08389260771068074   0.0002089061329533136
328.5   0.08413258823112535   0.00020949025246233544
328.75   0.08438208332870603   0.0002100950528217221
329.   0.08464149627413706   0.0002107287590941675
329.25   0.08491249087706043   0.0002114609433584182
329.5   0.08519378709263754   0.00021221540879382382
329.75   0.08548533890610768   0.00021297589200935634
330.   0.08578711012150646   0.00021372571007572752
330.25   0.08609642445813155   0.00021435174099065183
330.5   0.0864169488599471   0.00021496968505982345
330.75   0.0867497792364904   0.00021560117708413406
331.   0.0870960580208495   0.00021626850636676353
331.25   0.08745927662609995   0.0002170851455207138
331.5   0.08783749049605241   0.0002179492566839211
331.75   0.08823104916540356   0.0002188478185565635
332.   0.08864033347692091   0.00021976745048917973
332.25   0.08906474709166115   0.00022063095251929036
332.5   0.08950614414993055   0.0002215121205751241
332.75   0.0899654377189348   0.000222422746106225
333.   0.0904435996305908   0.00022337507756055213
333.25   0.09094240845683176   0.00022439199400359994
333.5   0.09146194059879703   0.00022547272430361573
333.75   0.0920030676173241   0.00022662688736342773
334.   0.09256673255610426   0.00022786456637366234
334.25   0.09315378262213807   0.00022920764223513125
334.5   0.0937655671753899   0.0002306516240538442
334.75   0.09440336264420358   0.0002322035197778826
335.   0.09506855387807259   0.00023387079754570703
335.25   0.09576274813402531   0.0002357127386228672
335.5   0.09648744187919683   0.00023766694297102525
335.75   0.09724437809041094   0.0002397209519506444
336.   0.09803546280443858   0.0002418619805642426
336.25   0.09886021125675261   0.00024400593316434882
336.5   0.09972446841269138   0.0002462372646515631
336.75   0.10063184651592195   0.00024857211689014325
337.   0.10158627404820947   0.0002510277749794542
337.25   0.10259508343807149   0.00025369997795205026
337.5   0.10365876310728268   0.0002565023865790061
337.75   0.10478115908247694   0.0002594237290356974
338.   0.10596656103595385   0.00026245261532148223
338.25   0.1072199051239114   0.00026545135486684315
338.5   0.10854638660980295   0.00026858186569785026
338.75   0.10995200847831627   0.00027188676438265124
339.   0.11144355687720954   0.00027541236806371855
339.25   0.11302705152948235   0.00027932910350128164
339.5   0.11471356916909899   0.0002835282421266899
339.75   0.11651387853390792   0.0002880190041855364
340.   0.1184403082319222   0.00029281316152119497
340.25   0.12050839623032238   0.00029777450474009445
340.5   0.12273271879129972   0.0003031278382161639
340.75   0.12513179333218688   0.00030896295601927343
341.   0.12772735454590156   0.0003153818383570041
341.25   0.13054315466518915   0.0003227365055712273
341.5   0.13361234998957403   0.00033084278310021784
341.75   0.1369724060177282   0.00033975230061825124
342.   0.140668485301373   0.0003495315816485709
342.25   0.1447580031546908   0.00036011085878529973
342.5   0.14930476950278468   0.0003718082055714767
342.75   0.15439058254862326   0.0003848357025180091
343.   0.16011718496231173   0.00039945643574421005
343.25   0.1666099461505741   0.0004160945857725466
343.5   0.17403017959525074   0.00043503266790841533
343.75   0.18257638030830822   0.0004567330598106958
344.   0.19249091535862248   0.00048175981743585035
344.25   0.2040586018427002   0.0005106009532610528
344.5   0.21758797137133887   0.0005441777305776579
344.75   0.2333653402823181   0.0005832021364092131
345.   0.2515730539760282   0.0006281258721499849
345.25   0.27219535796379396   0.0006787527991382762
345.5   0.2949674697875097   0.0007346276835271089
345.75   0.31941817248884896   0.0007946873437972845
346.   0.34498434765100366   0.0008576879768995694
346.25   0.3711273612097382   0.0009230469287524965
346.5   0.39740594892566555   0.0009892202146824603
346.75   0.42349219761943707   0.0010553929632900285
347.   0.44916104509858173   0.0011209811658829932
347.25   0.4742760685028776   0.0011856540203605043
347.5   0.49874150154235225   0.0012490231126148516
347.75   0.522508701482953   0.0013108405533674887
348.   0.5455558847425651   0.0013708988463647096
348.25   0.5678640509539548   0.001428876168466145
348.5   0.5894594376548391   0.0014847656039229619
348.75   0.6103624395765664   0.0015384420692672058
349.   0.6305980496497833   0.0015897775412706187
349.25   0.6502013997879931   0.0016372619131629494
349.5   0.6691912616240343   0.0016826041165060787
349.75   0.6875934908421916   0.0017262892306926015
350.   0.7054334797900068   0.0017688564489972696
350.25   0.7227391526545163   0.0018126387785597827
350.5   0.739529625368301   0.0018559058423049009
350.75   0.7558259393493856   0.001898547720571369
351.   0.7716478906766349   0.001940427948499248
351.25   0.7870128126091969   0.001981702765327349
351.5   0.8019397281952468   0.0020217521893190976
351.75   0.8164453745335177   0.0020602256198117516
352.   0.8305454246926937   0.002096739849903605
352.25   0.8442380722716973   0.0021276842727202144
352.5   0.8575595958844903   0.0021569921510613487
352.75   0.870530046165653   0.0021855921483798996
353.   0.883169111511393   0.0022144770438806286
353.25   0.8955279436833602   0.0022494925373446875
353.5   0.9075819472200383   0.0022851714964146103
353.75   0.9193361461055274   0.0023206074482244325
354.   0.9307945339746181   0.0023548286701395634
354.25   0.9419437792176425   0.002382911293118401
354.5   0.9528084889487425   0.0024091142471161283
354.75   0.9633969145570704   0.002433955276548303
355.   0.9737168451007832   0.0024579825964378
355.25   0.9837694803464646   0.002483827744910833
355.5   0.9935702619992971   0.0025092645270278274
355.75   1.0031283877546102   0.002534050689960197
356.   1.0124528225744018   0.002557929565396753
356.25   1.0215564746341896   0.002579115912822337
356.5   1.030442153240079   0.002599417460049557
356.75   1.0391164643790942   0.002619179172077773
357.   1.047585769458218   0.002638760862872505
357.25   1.0558568214446105   0.0026600220298789996
357.5   1.0639346782583248   0.002681297194058301
357.75   1.071824792205344   0.0027023618386921916
358.   1.0795324150002703   0.0027229801238214074
358.25   1.0870678552964503   0.0027422639131621314
358.5   1.094428735831738   0.002760843409738647
358.75   1.1016175694166994   0.0027787200659826583
359.   1.1086366298581518   0.002795895018376781
359.25   1.1154799554448036   0.002812033848835023
359.5   1.1221604669068346   0.0028276015814396745
359.75   1.128683132733484   0.002842738760805462
360.   1.1350528340262234   0.0028575903887600755
360.25   1.1412826004570074   0.0028721058997034344
360.5   1.1473657430404738   0.00288671608443897
360.75   1.1533034800865558   0.002901662070074181
361.   1.159096855027277   0.0029171916531115214
361.25   1.1647319167912324   0.0029353790432863694
361.5   1.170229949368433   0.0029539599605450857
361.75   1.1755976757058513   0.0029724445660765145
362.   1.180841848992766   0.0029903269862100105
362.25   1.1859831713831237   0.0030058261033830878
362.5   1.1910091392750963   0.003020153710219556
362.75   1.1959208308909204   0.0030332804875338602
363.   1.200719200624937   0.0030451768374060483
363.25   1.2053949420930767   0.0030534086038766653
363.5   1.209962860718695   0.0030612851569807014
363.75   1.214427761397227   0.003069771133527018
364.   1.2187944495039402   0.003079856605441054
364.25   1.2230832676518477   0.003097550299987297
364.5   1.2272774370128234   0.0031169520656286697
364.75   1.2313753546757584   0.003137062542980705
365.   1.2353752662539568   0.0031568555175785964
365.25   1.2392725210990359   0.0031732229382995867
365.5   1.2430688955283924   0.003187944190301115
365.75   1.2467633379370933   0.00320076324392735
366.   1.2503546867328164   0.0032114188649964583
366.25   1.2538236573216905   0.0032166812406768087
366.5   1.2571939325836485   0.003220400491755067
366.75   1.260471453890385   0.0032235201974283667
367.   1.2636622257397525   0.003227005775412153
367.25   1.2667866495386844   0.0032355598597888914
367.5   1.2698309117597595   0.0032450207557289177
367.75   1.2727953110574606   0.0032548896878205748
368.   1.2756800844920053   0.0032646564089522955
368.25   1.278480648347743   0.003271886791184906
368.5   1.2812037469619035   0.003278710035883944
368.75   1.2838513964713838   0.003285367809956578
369.   1.2864255963125628   0.0032921066521627023
369.25   1.2889351456595657   0.0033005105734014778
369.5   1.2913725246998666   0.0033089803964488325
369.75   1.2937368928428516   0.0033172304211517138
370.   1.2960273428290534   0.00332496918708967
370.25   1.298235160386595   0.003330417060214463
370.5   1.3003700895310932   0.00333533568274535
370.75   1.3024342021198057   0.003340023990820052
371.   1.304429566190407   0.0033447864826369866
371.25   1.30635146739467   0.0033520708611071348
371.5   1.308211408735858   0.0033592150618575968
371.75   1.3100142218355932   0.003365665243474541
372.   1.3117647835635424   0.003370857700608845
372.25   1.3134881906661942   0.003370946735417376
372.5   1.3151613030596132   0.003369908028681853
372.75   1.316780885420894   0.003368486533917374
373.   1.318343609632844   0.003367440041120005
373.25   1.3198271811638258   0.0033699660857453985
373.5   1.3212543920965156   0.0033734655924754385
373.75   1.3226293528671669   0.003377742635747314
374.   1.3239562096921422   0.0033825976369964462
374.25   1.32525527498907   0.003387818803714624
374.5   1.3265082844979634   0.003393211440675272
374.75   1.327712908687101   0.0033985688759305215
375.   1.328866752216545   0.0034036810659719796
375.25   1.3299539570359478   0.0034077914195330193
375.5   1.3309906753905387   0.003411440519987744
375.75   1.3319797830576383   0.0034146299649583907
376.   1.332924174334342   0.0034173614210956074
376.25   1.3338371368784503   0.0034187423680038798
376.5   1.3347071372944055   0.003420021330080355
376.75   1.3355328982657995   0.0034215644487153737
377.   1.3363131009147184   0.0034237430555208027
377.25   1.337042829595764   0.0034289061559675082
377.5   1.3377256427399347   0.0034346847614775762
377.75   1.3383615485856786   0.0034406623471991914
378.   1.3389505362254472   0.0034464163969036366
378.25   1.3394806163279214   0.003450243101332841
378.5   1.339968419388176   0.0034534868461624287
378.75   1.3404187445629354   0.0034562265038251216
379.   1.3408364368802075   0.0034585420778106024
379.25   1.341226386662468   0.0034605146865098763
379.5   1.3415935289596148   0.003462226547392905
379.75   1.3419428429914895   0.003463760961509694
380.   1.342279351599819   0.0034652022983055007
