310.   0.010659447568583415   0.00001882438578864642
310.25   0.01064806808138446   0.000018804177700712928
310.5   0.010637010642106875   0.00001878497427804373
310.75   0.010626275528568712   0.00001876671367776409
311.   0.01061586307913549   0.000018749333543442573
311.25   0.010605773694720549   0.000018732770989530776
311.5   0.010596007840870688   0.000018716962585273793
311.75   0.010586566049939848   0.00001870184433806607
312.   0.01057744892335689   0.000018687351676231046
312.25   0.010568624084279978   0.00001867380951786166
312.5   0.010560138399033418   0.000018660607728708
312.75   0.010552006096653474   0.000018647521661626012
313.   0.010544241642059866   0.000018634324165547556
313.25   0.010536994428027057   0.00001862023651222687
313.5   0.010530091493328106   0.000018605792298149985
313.75   0.010523493397385671   0.00001859097917746045
314.   0.01051716030384206   0.000018575784672671746
314.25   0.01051084643939819   0.000018558720857539192
314.5   0.01050479786706017   0.00001854183316616515
314.75   0.010499056947711962   0.000018525707810614458
315.   0.0104936666503626   0.00001851093844755266
315.25   0.010488770844318202   0.000018500150586389457
315.5   0.010484273912727875   0.00001849113009095136
315.75   0.010480180034238657   0.000018483672009394182
316.   0.010476493546852012   0.000018477569042343132
316.25   0.010473271079789164   0.000018472405852282996
316.5   0.010470444610809185   0.000018468256955579136
316.75   0.010467997798885766   0.000018464991117185455
317.   0.010465914196404198   0.000018462475564441953
317.25   0.010464040453887456   0.00001846000160933734
317.5   0.010462550647387544   0.000018458234091333728
317.75   0.01046148365157425   0.000018457268986817984
318.   0.010460879023369578   0.000018457203871873993
318.25   0.010460891941245767   0.00001845880627004639
318.5   0.010461403197479617   0.000018461245435164232
318.75   0.010462407763446178   0.000018464351984438613
319.   0.010463900699836772   0.000018467954295225816
319.25   0.010465855225490518   0.000018470805918699138
319.5   0.010468297170215513   0.00001847422546208804
319.75   0.010471230831344899   0.00001847847115996426
320.   0.010474660756871448   0.000018483805547590705
320.25   0.01047858989285835   0.000018491398220727033
320.5   0.010483025921266868   0.000018500262985712708
320.75   0.010487974973593689   0.000018510308180012326
321.   0.0104934434943146   0.00001852144109036809
321.25   0.01049938048312951   0.000018533607072141793
321.5   0.010505873549716658   0.000018546656632681613
321.75   0.010512953757309405   0.000018560477677335226
322.   0.010520652956540555   0.000018574956615569936
322.25   0.010529142051288156   0.000018589293703524606
322.5   0.01053826202913524   0.000018604325793153804
322.75   0.010547990831480865   0.00001862021424135704
323.   0.010558306310503683   0.000018637123773025623
323.25   0.01056899409896526   0.00001865522811721228
323.5   0.010580299425312713   0.00001867469156990392
323.75   0.01059227848356238   0.000018695687674851572
324.   0.01060498889281655   0.00001871839397086508
324.25   0.010618669901569601   0.000018744457600356935
324.5   0.010633131413859014   0.000018772024561908777
324.75   0.010648361966473962   0.00001880068525614515
325.   0.010664350324883628   0.00001883002269512267
325.25   0.010680951897800536   0.000018857391411817802
325.5   0.0106983418985352   0.00001888544927028249
325.75   0.010716564689773165   0.000018914665931178394
326.   0.01073566612038898   0.000018945521798889557
326.25   0.010755770216426238   0.000018979740062954077
326.5   0.01077681947121044   0.000019016111007460398
326.75   0.010798833238861577   0.000019054644821581768
327.   0.01082183200572893   0.000019095353299741397
327.25   0.010845806715101675   0.000019138692798030185
327.5   0.010870823092285327   0.00001918406277388875
327.75   0.010896918115615472   0.00001923129828303162
328.   0.010924130519464368   0.000019280232024130376
328.25   0.010952519331474855   0.000019329618450186175
328.5   0.01098210153089459   0.000019380780662197877
328.75   0.011012914234510958   0.00001943398708193074
329.   0.011044996623167096   0.000019489514840655604
329.25   0.011078421596458748   0.00001954962324363283
329.5   0.011113189115605477   0.000019611867338233372
329.75   0.011149332436520188   0.000019675738966637306
330.   0.011186887160326257   0.00001974071846971139
330.25   0.011225813247303892   0.000019802396357473536
330.5   0.01126626006674454   0.000019865612593918155
330.75   0.011308303725771048   0.00001993141402164804
331.   0.011352024447374048   0.000020000881033683178
331.25   0.011397537257221714   0.000020078672530055493
331.5   0.01144488943257226   0.000020161026675036057
331.75   0.01149416294709765   0.000020247668773932213
332.   0.011545444933396678   0.000020338320594669438
332.25   0.011598820899819303   0.000020431330753713434
332.5   0.011654399623135595   0.000020528312687289043
332.75   0.011712289461172195   0.00002062954677520866
333.   0.011772606033260077   0.000020735329326275882
333.25   0.011835454305128616   0.000020846686276984012
333.5   0.011900992155020848   0.000020962963111567003
333.75   0.011969368923724358   0.000021084215346505724
334.   0.012040744574066963   0.000021210509528321315
334.25   0.012115427978339834   0.000021341140470499972
334.5   0.01219341354010322   0.000021477285582740982
334.75   0.012274842195572414   0.000021619380851261387
335.   0.012359867986605695   0.00002176789284832583
335.25   0.012448545187781079   0.00002192370865594607
335.5   0.012541216516011679   0.0000220868312229026
335.75   0.01263813277787709   0.00002225767669688299
336.   0.01273956708356085   0.000022436699607328873
336.25   0.012845741520106866   0.000022624353495630725
336.5   0.012957086841514516   0.000022821244423868725
336.75   0.013073992468781468   0.000023027990468094886
337.   0.013196884812328733   0.00002324527154825634
337.25   0.01332633365919982   0.000023473625451130534
337.5   0.013462714470713266   0.000023714173452685815
337.75   0.01360655319000363   0.000023967925245051717
338.   0.013758434541742392   0.000024235998916857716
338.25   0.013919042097315017   0.000024519941350538135
338.5   0.014089062250240437   0.00002482071867483026
338.75   0.01426930076148045   0.000025139749736839704
339.   0.014460666534789324   0.000025478635634484875
339.25   0.014664144677532654   0.00002583845647255046
339.5   0.014880966098443818   0.000026222281139336157
339.75   0.015112486783638482   0.00002663278592428235
340.   0.01536026156593091   0.000027073021778033373
340.25   0.015626034471492186   0.000027549136487293273
340.5   0.01591194743493529   0.000028061543531731777
340.75   0.01622044183524387   0.000028613750681013846
341.   0.01655437924750742   0.000029209934190967328
341.25   0.016917203208135192   0.000029852129829612984
341.5   0.01731283430824782   0.00003055036875788153
341.75   0.017746044329112236   0.000031313261810532695
342.   0.0182225916498894   0.000032151173659554054
342.25   0.018749378547372103   0.00003307552482780545
342.5   0.019335127486116974   0.00003410326057252782
342.75   0.019990490820512605   0.000035253894576185484
343.   0.02072870981224895   0.000036551616390907644
343.25   0.02156651835551861   0.00003803194116416499
343.5   0.02252432935645577   0.00003972540605181174
343.75   0.02362774282152081   0.00004167617117597029
344.   0.0249080152074709   0.00004393816438908221
344.25   0.026401626574622812   0.00004657103412070576
344.5   0.028148642862741744   0.00004964762278791779
344.75   0.030186026601070712   0.00005323223944009693
345.   0.03253728177138229   0.00005736518646424813
345.25   0.03520054686006375   0.0000620337412899081
345.5   0.03814119542868213   0.00006718526339203927
345.75   0.04129811786004435   0.00007271470052686245
346.   0.04459832054789567   0.00007849743025435006
346.25   0.04797176002578143   0.00008443334163949554
346.5   0.051361467059658536   0.00009040613756167936
346.75   0.0547249592231023   0.00009633943885071267
347.   0.058033061045910765   0.00010217939783007948
347.25   0.061266977071613   0.00010788265821795171
347.5   0.06441567744421431   0.00011343459399381659
347.75   0.0674733554319482   0.00011882344411401193
348.   0.07043776310233142   0.00012404350853183668
348.25   0.0733094324541904   0.00012908331154380898
348.5   0.07608935745111714   0.0001339564715045065
348.75   0.07877983472731662   0.0001386698291039662
349.   0.08138367861254427   0.00014323161702008535
349.25   0.0839034239750065   0.0001476624125108793
349.5   0.08634298659525959   0.00015195657224909313
349.75   0.0887057949767389   0.0001561189208034513
350.   0.0909952297692179   0.0001601539857919625
350.25   0.09321518518955141   0.00016406309659236138
350.5   0.0953680154385399   0.0001678538788909616
350.75   0.0974564920237375   0.00017153098578909885
351.   0.09948322845405005   0.00017509877403533842
351.25   0.10145051137404418   0.00017855797437383677
351.5   0.10336087553361907   0.00018191690981443542
351.75   0.10521655240118115   0.00018518056439161405
352.   0.10701963886850288   0.00018835377079556785
352.25   0.10877173778567575   0.00019144797904786318
352.5   0.11047520128163167   0.0001944584893888357
352.75   0.11213192759646327   0.0001973867732442666
353.   0.11374372026532524   0.00020023399549894849
353.25   0.11531218954564942   0.00020299254903916766
353.5   0.11683911282387278   0.00020567468600606734
353.75   0.11832609237115707   0.0002082844269022598
354.   0.1197746620652336   0.00021082576056091212
354.25   0.12118726370886522   0.00021330718547749673
354.5   0.12256397155196201   0.00021572639849955818
354.75   0.12390572495573925   0.00021808537468500063
355.   0.1252133907758907   0.00022038597501309392
355.25   0.12648697205958992   0.00022263146155195076
355.5   0.127728300486534   0.0002248214086020629
355.75   0.12893838941067143   0.00022695673274439606
356.   0.13011821108119592   0.00022903823192944306
356.25   0.1312688247413365   0.00023106033855052136
356.5   0.13239095505300968   0.00023303226730921493
356.75   0.13348541306064887   0.0002349571464702351
357.   0.13455297598849908   0.00023683812139472694
357.25   0.13559449087089234   0.0002386915597220218
357.5   0.13661053273301613   0.00024050238712399185
357.75   0.1376017460688694   0.000242268238690481
358.   0.13856874713679662   0.00024398655232602966
358.25   0.13951207538189048   0.00024563597985578176
358.5   0.1404323645215357   0.0002472393250504565
358.75   0.14133017603824444   0.00024880128284628995
359.   0.14220604953148533   0.00025032665915518545
359.25   0.1430598265415606   0.00025183330527725305
359.5   0.14389294464983532   0.0002533083207970838
359.75   0.14470616776586942   0.00025475142069490063
360.   0.14550025159468716   0.0002561622414657894
360.25   0.1462772477697533   0.0002575496522068106
360.5   0.14703609017674507   0.00025890023474986235
360.75   0.14777696999327297   0.00026020952454771436
361.   0.14850005548491077   0.0002614728673620999
361.25   0.14920464859563143   0.00026264651459433915
361.5   0.1498920457674417   0.00026377943215601774
361.75   0.15056270272423808   0.000264882606230235
362.   0.151217065802085   0.00026596732566272404
362.25   0.15185577179785145   0.00026708790755421407
362.5   0.15247897287169723   0.00026819690375620784
362.75   0.15308700721424268   0.0002692887480990936
363.   0.15368020308299687   0.0002703576659194116
363.25   0.15425939169163347   0.0002713844109298827
363.5   0.15482417085777622   0.0002723812355554056
363.75   0.15537462937839414   0.000273347260125475
364.   0.1559108421889004   0.00027428155716625207
364.25   0.1564319134776323   0.0002751716566000145
364.5   0.1569392221418242   0.0002760325144779611
364.75   0.15743319957218194   0.00027686781562819007
365.   0.15791427461515953   0.0002776813175522364
365.25   0.1583833540541645   0.00027848911547893846
365.5   0.15884019443651584   0.00027927805551455757
365.75   0.15928501996971578   0.0002800470483330742
366.   0.1597180484004073   0.0002807949558125521
366.25   0.1601391278492661   0.0002815171214642165
366.5   0.1605489692093387   0.00028221713990204164
366.75   0.16094792175755637   0.0002828951619763898
367.   0.16133633243252246   0.00028355132531274527
367.25   0.1617151427008001   0.00028417413044650206
367.5   0.16208386499424637   0.0002847798617939555
367.75   0.16244259470380124   0.00028537339734540946
368.   0.16279142025924467   0.0002859597025465725
368.25   0.16313046753030003   0.0002865634037507105
368.5   0.16345975008894206   0.00028716239490054183
368.75   0.16377931848656688   0.0002877538601979317
369.   0.16408921669552573   0.00028833490671721114
369.25   0.16438950891220558   0.00028891100188060097
369.5   0.1646801893945103   0.0002894673594631197
369.75   0.1649612724755942   0.00028999740562261824
370.   0.16523276635913164   0.0002904944299425249
370.25   0.16549286816164865   0.00029090645620276974
370.5   0.16574408779382235   0.0002912893515323243
370.75   0.16598715513828546   0.00029165449132486433
371.   0.1662228078341499   0.0002920134566173531
371.25   0.16645418701171813   0.0002924211898823726
371.5   0.16667870866771187   0.00029282956166869645
371.75   0.1668961531030371   0.0002932330947301318
372.   0.16710629112317232   0.0002936262000695629
372.25   0.16730815838449598   0.00029399224931261285
372.5   0.16750251843920155   0.0002943406616253716
372.75   0.16768941135527968   0.00029466999066759836
373.   0.16786887332796868   0.0002949787594581627
373.25   0.16804076151190694   0.0002952515158395634
373.5   0.1682053488234043   0.0002955061540666248
373.75   0.16836273192160814   0.00029574680220941624
374.   0.16851300506568695   0.0002959776498967518
374.25   0.16865544948689798   0.0002962083557594139
374.5   0.16879128464631432   0.00029643569230331554
374.75   0.16892092868577377   0.00029666182187139346
375.   0.16904480260386784   0.0002968889311910132
375.25   0.16916484768778223   0.00029714793995204696
375.5   0.16927937537384502   0.0002974010649627522
375.75   0.1693881964976318   0.0002976388610789152
376.   0.1694911156095309   0.0002978517351679025
376.25   0.1695869425851728   0.00029797746507456897
376.5   0.16967684785291237   0.00029807933787122517
376.75   0.1697610204314144   0.00029816870888153493
377.   0.16983964914926608   0.000298257095007439
377.25   0.16991353710508444   0.00029840134244741136
377.5   0.16998201603727914   0.00029855030049867165
377.75   0.17004502417889014   0.0002986975692558369
378.   0.17010249624484167   0.0002988366519276903
378.25   0.17015334340718188   0.00029894318248987215
378.5   0.17019891611916615   0.0002990352614968149
378.75   0.17023955389769757   0.0002991133405907313
379.   0.1702755984092042   0.00029917787461500284
379.25   0.17030739344912393   0.00029922932158440725
379.5   0.17033528492153657   0.00029926814265553267
379.75   0.17035962081895148   0.00029929480209739406
380.   0.17038075120226204   0.0002993097672622721
