310.   0.00502296751403198   8.65228511047917e-6
310.25   0.005017100048680525   8.643480231357e-6
310.5   0.005011374848019471   8.63448861364144e-6
310.75   0.005005792246500219   8.625413428502297e-6
311.   0.005000352607921138   8.616358950726973e-6
311.25   0.0049950563263953035   8.60743059273867e-6
311.5   0.004989903827359073   8.598734939841101e-6
311.75   0.004984895568622906   8.59037978674393e-6
312.   0.004980032041467236   8.58247417542841e-6
312.25   0.004975305493748836   8.575669548017237e-6
312.5   0.0049707280388325776   8.569322457923582e-6
312.75   0.004966303633238279   8.563326441466051e-6
313.   0.004962036311082833   8.557573882589985e-6
313.25   0.0049579025907259015   8.55180901441929e-6
313.5   0.004953945173466616   8.546126856620283e-6
313.75   0.004950179542144824   8.540475753839193e-6
314.   0.004946621404579375   8.534803468130664e-6
314.25   0.004943396416227648   8.528534702852894e-6
314.5   0.004940367696123883   8.522344869102623e-6
314.75   0.004937507119706505   8.516392028423116e-6
315.   0.004934786255006485   8.510836268140958e-6
315.25   0.0049320339964557015   8.506716991775031e-6
315.5   0.004929419835533329   8.50297493079678e-6
315.75   0.004926972200483179   8.499420222771503e-6
316.   0.004924719933095577   8.49586061491561e-6
316.25   0.004922800225505664   8.491489465132701e-6
316.5   0.004921092276651023   8.486962902656047e-6
316.75   0.004919582376889612   8.482329806655342e-6
317.   0.004918256687596265   8.477639744452788e-6
317.25   0.004917061804875447   8.472529336247223e-6
317.5   0.004916038604077762   8.467626419690275e-6
317.75   0.004915188878279673   8.463151100718507e-6
318.   0.004914514504576521   8.459326705322148e-6
318.25   0.004913967169486931   8.457265202021776e-6
318.5   0.004913619025226159   8.455962456827172e-6
318.75   0.004913492696652897   8.455291689942944e-6
319.   0.004913611216365031   8.455124422012179e-6
319.25   0.004914087903334599   8.454740025423355e-6
319.5   0.004914821395211974   8.454829365849747e-6
319.75   0.004915799424660858   8.455499078652882e-6
320.   0.004917009623459804   8.456857623238722e-6
320.25   0.00491838618634251   8.459364441504732e-6
320.5   0.004919990858748176   8.462645375219474e-6
320.75   0.004921832704451742   8.466672416944748e-6
321.   0.004923921032671723   8.4714173419518e-6
321.25   0.004926281236576586   8.47747349062572e-6
321.5   0.004928901097224621   8.483945847200102e-6
321.75   0.004931784266047527   8.49055162387003e-6
322.   0.0049349345751308745   8.497003373434404e-6
322.25   0.004938350714672361   8.501523366356345e-6
322.5   0.004942044331547123   8.505883371370325e-6
322.75   0.004946022034076856   8.510387853483745e-6
323.   0.004950290689860499   8.515346876273548e-6
323.25   0.00495486292842543   8.521949400889762e-6
323.5   0.004959738530871627   8.529301653447434e-6
323.75   0.004964922977640869   8.537374821648894e-6
324.   0.004970422022143623   8.546139886474214e-6
324.25   0.004976213778869552   8.555337395941879e-6
324.5   0.004982343470363156   8.56525840742042e-6
324.75   0.004988829200583836   8.57596755844166e-6
325.   0.00499568964372643   8.587531176292146e-6
325.25   0.005002995507830422   8.60048204082457e-6
325.5   0.005010695118117109   8.61424341767738e-6
325.75   0.005018787949708004   8.628696629694337e-6
326.   0.005027273725983563   8.643720959777111e-6
326.25   0.005036103541095687   8.658686916373327e-6
326.5   0.0050453456873391705   8.674174265226127e-6
326.75   0.005055020820475147   8.690263700555422e-6
327.   0.0050651503764049585   8.70703821783161e-6
327.25   0.00507577036613516   8.724619365471433e-6
327.5   0.005086884806691108   8.743044902399977e-6
327.75   0.005098512107119182   8.762390676723003e-6
328.   0.005110671524571011   8.782735050881476e-6
328.25   0.005123419487568714   8.804507559765109e-6
328.5   0.00513672669796094   8.827307604881191e-6
328.75   0.005150600347842783   8.85107839053617e-6
329.   0.005165048331940814   8.875762581933698e-6
329.25   0.005180032194177922   8.90073630753907e-6
329.5   0.005195626838175221   8.926727489269138e-6
329.75   0.00521186204479802   8.953910852349571e-6
330.   0.0052287690704705585   8.982467027306229e-6
330.25   0.0052464127127720825   9.013080365860871e-6
330.5   0.005264783122514035   9.045253765959415e-6
330.75   0.005283903421638251   9.078982131699522e-6
331.   0.005303798292510059   9.114261880866462e-6
331.25   0.0053244414980696654   9.150995850878537e-6
331.5   0.005345934221776564   9.189316064922311e-6
331.75   0.005368328444174915   9.229263877062505e-6
332.   0.005391678980333956   9.27088406737881e-6
332.25   0.005416135637849319   9.314500599810629e-6
332.5   0.005441632130834046   9.359784018288574e-6
332.75   0.005468194988263172   9.406676614918224e-6
333.   0.005495853300638031   9.455121458990049e-6
333.25   0.00552457508710441   9.504456451480024e-6
333.5   0.0055544838070409166   9.55546641480624e-6
333.75   0.005585644459810537   9.608350757487291e-6
334.   0.005618126765917595   9.663320039340161e-6
334.25   0.005651963104442655   9.720136752150011e-6
334.5   0.005687292922207339   9.77967405471673e-6
334.75   0.00572422090448352   9.842375623512519e-6
335.   0.005762859405049632   9.908709359213229e-6
335.25   0.005803402577139292   9.98129842552904e-6
335.5   0.005845879233251164   0.00001005772356498711
335.75   0.005890399082090331   0.000010137644163800788
336.   0.00593708195405343   0.000010220713290509354
336.25   0.00598605267989646   0.000010304205271122828
336.5   0.006037463787839419   0.00001039103456697553
336.75   0.0060914760089570376   0.000010481838337963186
337.   0.0061482662661471905   0.00001057729904862393
337.25   0.00620801897055384   0.00001067915301856448
337.5   0.006270965008045006   0.00001078680849094307
337.75   0.006337348594421859   0.000010900692847396008
338.   0.006407441199519333   0.000011021281229781472
338.25   0.006481553321941359   0.000011149358641988668
338.5   0.006560012921010263   0.000011285167182791915
338.75   0.006643196874082852   0.000011429262796977334
339.   0.006731530081510325   0.000011582278375628947
339.25   0.006825448867875981   0.000011744570309908246
339.5   0.006925561011171878   0.000011917469374068795
339.75   0.007032509995232958   0.000012102088110523942
340.   0.0071470327085295425   0.000012299700135304028
340.25   0.007270037814580708   0.000012511918160907556
340.5   0.0074024246680562625   0.000012740237391167476
340.75   0.007545309788251884   0.000012986567104184851
341.   0.007700003270048394   0.00001325314845463141
341.25   0.007868025715494657   0.000013542381803284887
341.5   0.008051253427781917   0.000013857752883111408
341.75   0.008251902738238169   0.000014203147589465239
342.   0.008472647965351035   0.000014583248549074223
342.25   0.008716720492562117   0.000015004905655459973
342.5   0.008988135485651945   0.000015473522865797804
342.75   0.009291826858628376   0.000015997157476995314
343.   0.009633928142792382   0.000016585860996725015
343.25   0.01002213084787621   0.00001724960437348395
343.5   0.010465970506083375   0.000018007606089946053
343.75   0.010977334243268206   0.00001888072444964407
344.   0.011570733859324684   0.000019894407359533322
344.25   0.01226315358161345   0.000021080770729748823
344.5   0.013073127977111089   0.00002246949980983613
344.75   0.014017787271130452   0.000024089889439971946
345.   0.015108006660823351   0.000025960454907519733
345.25   0.01634290674087919   0.00002807801883742093
345.5   0.01770634428658905   0.000030416418839477747
345.75   0.019169909161311376   0.00003292734454723508
346.   0.020699684618120957   0.00003555321400381468
346.25   0.02226312743720932   0.00003824458690803726
346.5   0.023833785275002753   0.00004094988841172469
346.75   0.025391930073283865   0.00004363334059667987
347.   0.026924012612246955   0.00004626924252909927
347.25   0.02842124369433039   0.00004882706290016694
347.5   0.02987857123705298   0.0000513110951671457
347.75   0.03129331888124834   0.00005371926056992475
348.   0.0326644642317962   0.000056052920960323145
348.25   0.03399219113485178   0.00005832873480086413
348.5   0.03527709941176431   0.00006053505626458195
348.75   0.03652032186877963   0.00006267240937694243
349.   0.0377232379139725   0.00006474143872349184
349.25   0.038887564704574634   0.000066736836614379
349.5   0.040014582277172306   0.00006866694312779737
349.75   0.04110575688502218   0.00007053465424990864
350.   0.04216251548977315   0.00007234285772325461
350.25   0.04318575466053175   0.0000740964291370323
350.5   0.04417741526453491   0.0000757953885654783
350.75   0.04513893700656795   0.00007744151548266084
351.   0.046071702058025576   0.0000790364266369411
351.25   0.046977133964166855   0.00008058266718869137
351.5   0.04785636478845299   0.00008208005253155102
351.75   0.04871056325898308   0.00008352924987505125
352.   0.049540842851007544   0.00008493074788665827
352.25   0.05034916506306513   0.00008627144914967587
352.5   0.05113530942966328   0.0000875698862810446
352.75   0.05189984788887079   0.00008883194736936498
353.   0.052643283957279075   0.00009006376030924355
353.25   0.05336505975819814   0.00009129178390148884
353.5   0.05406692300618045   0.00009249499914255306
353.75   0.05474962717889132   0.0000936714977984876
354.   0.05541389692746593   0.00009481908040283976
354.25   0.056060316097442435   0.0000959195482484386
354.5   0.05668971509407135   0.00009699179751726584
354.75   0.057302793421996075   0.00009803958291193887
355.   0.057900232011221284   0.00009906676493651729
355.25   0.05848343924671042   0.00010009503233528761
355.5   0.05905203654211954   0.00010110400864604409
355.75   0.05960634005992284   0.00010209030021429184
356.   0.06014663777673025   0.00010305025631047768
356.25   0.06067264313567993   0.00010396110114836021
356.5   0.06118534891503971   0.00010484476773430458
356.75   0.06168519959938211   0.00010570489010494372
357.   0.06217262695840287   0.00010654522176681066
357.25   0.06264829562787114   0.00010738719967179617
357.5   0.06311227604447145   0.00010821051756639485
357.75   0.06356486348337947   0.000109011862158414
358.   0.06400633949908283   0.00010978773816827585
358.25   0.06443693210429322   0.00011051505100432087
358.5   0.06485695372214254   0.00011121684332555548
358.75   0.06526666601331751   0.0001118972632152738
359.   0.06566632020198224   0.00011256059334921435
359.25   0.06605603871473843   0.00011322166376762789
359.5   0.06643621822358808   0.00011387058644491968
359.75   0.06680713149921062   0.00011450767160907222
360.   0.0671690445105129   0.00011513320572957438
360.25   0.06752259253232057   0.00011575357504717028
360.5   0.06786750807023231   0.00011636053253251387
360.75   0.06820388214242075   0.00011695174585400669
361.   0.06853179541484021   0.00011752478262337185
361.25   0.06885085794098521   0.000118063690084253
361.5   0.06916177000410398   0.00011858446703199523
361.75   0.06946477509782674   0.00011908997811813557
362.   0.06976011344822061   0.00011958316119669946
362.25   0.07004833693603486   0.00012007914331447403
362.5   0.0703292428969321   0.00012056418217764673
362.75   0.0706029323211052   0.00012103640030550555
363.   0.07086950005295858   0.00012149384981022493
363.25   0.07112853425264469   0.00012192318503635717
363.5   0.07138081370253538   0.00012233805825405096
363.75   0.07162662338073615   0.00012274100904216531
364.   0.07186624831598586   0.00012313463410400303
364.25   0.07210069181727674   0.0001235287443956959
364.5   0.07232924124915853   0.00012391610029488544
364.75   0.07255188558209387   0.0001242965068531282
365.   0.07276860686961037   0.00012466975003186016
365.25   0.07297887900187655   0.00012503749440148434
365.5   0.07318336791557567   0.00012539685170263605
365.75   0.07338224282607932   0.00012574677135861778
366.   0.07357567154892959   0.0001260861675629584
366.25   0.07376408445044505   0.00012640726651438704
366.5   0.07394727977939315   0.00012671816769898545
366.75   0.07412531296579285   0.0001270204229364053
367.   0.07429823594120452   0.00012731561162283985
367.25   0.07446606051176313   0.00012761296347667289
367.5   0.07462888302607182   0.00012790350598822502
367.75   0.07478676063087304   0.00012818576529117161
368.   0.07493974768240773   0.0001284582282517737
368.25   0.0750877076688266   0.0001287110609234497
368.5   0.07523095146773748   0.00012895420026607653
368.75   0.07536960277894247   0.00012918941952579023
369.   0.07550378434908826   0.00012941852286783541
369.25   0.07563373500181561   0.00012965336093474913
369.5   0.07575941284741051   0.00012988185506570396
369.75   0.07588089006053221   0.00013010179299851387
370.   0.07599823711708081   0.00013031091400481703
370.25   0.07611164110117244   0.00013049829090754414
370.5   0.07622100457679488   0.00013067356997204424
370.75   0.07632634479601001   0.0001308378796342653
371.   0.07642767663184627   0.00013099236680744718
371.25   0.07652469289151397   0.00013113986650369752
371.5   0.07661784919771457   0.00013127923590092663
371.75   0.07670728442253265   0.0001314109925315899
372.   0.07679313753232703   0.00013153565951892329
372.25   0.07687564684816275   0.0001316510474504132
372.5   0.0769548133019346   0.00013176147694560396
372.75   0.07703073565881016   0.0001318685982730624
373.   0.07710351215665971   0.0001319740853523209
373.25   0.07717327977319773   0.0001320875897185976
373.5   0.07724008106887292   0.00013219974804932078
373.75   0.07730399679820575   0.00013230905532156517
374.   0.0773651070138246   0.0001324139773596208
374.25   0.07742342260332402   0.00013250751231914387
374.5   0.07747911772464272   0.00013259564926602785
374.75   0.07753229839123782   0.00013267898831436959
375.   0.0775830704216733   0.00013275813601719067
375.25   0.07763257796862494   0.00013283832520768755
375.5   0.07767947889655887   0.0001329137352985536
375.75   0.07772345516487793   0.0001329831083729628
376.   0.07776418239570687   0.00013304516509667408
376.25   0.07779950604159981   0.00013308837411800023
376.5   0.07783163219246193   0.0001331256776967886
376.75   0.07786096104797934   0.00013315990179494825
377.   0.07788789732331018   0.00013319391089292997
377.25   0.0779143114046071   0.000133242172500076
377.5   0.07793857938560901   0.00013329150051399902
377.75   0.07796052434795085   0.0001333401638387314
378.   0.07797996558943855   0.0001333864039070937
378.25   0.0779961425589232   0.00013342970338811377
378.5   0.07800967061697055   0.00013346648126868793
378.75   0.07802059244386197   0.00013349438304590408
379.   0.07802895023455306   0.00013351102159549167
379.25   0.07803478571027783   0.00013351397764542963
379.5   0.07803814012978802   0.0001335008002395907
379.75   0.07803905430024362   0.00013346900719172995
380.   0.07803756858777268   0.0001334160855301139
