310.   0.03146222354398204   0.00004148885926624624
310.25   0.0315038212100748   0.0000416036866980352
310.5   0.03154681906948317   0.00004169946450119104
310.75   0.03159133153051019   0.00004177910447206746
311.   0.031637475684547264   0.00004184557294381843
311.25   0.03168537141573259   0.00004190189270400822
311.5   0.031735141516026244   0.00004195114507542387
311.75   0.03178691180601216   0.000041996472167658524
312.   0.031840811261774654   0.00004204107930892207
312.25   0.031897394853745334   0.000042092404632048926
312.5   0.031956210040795345   0.000042147989205884714
312.75   0.03201722262270918   0.000042209534614623975
313.   0.03208039836626577   0.00004227878027925407
313.25   0.03214541217638606   0.00004237384552093017
313.5   0.0322126343536634   0.00004247382007280048
313.75   0.0322821500630047   0.00004257385251029744
314.   0.0323540471583252   0.000042668982196117
314.25   0.03242893451218261   0.00004272601392790723
314.5   0.03250618503370696   0.00004277887389196742
314.75   0.03258568221239857   0.00004283381953977135
315.   0.03266730766251051   0.00004289725234562867
315.25   0.03274959868727372   0.0000430029648294536
315.5   0.03283429913662498   0.000043119797757379035
315.75   0.03292183750726925   0.00004324341431764247
316.   0.03301265396777641   0.00004336937336969062
316.25   0.03310863946825887   0.00004348205144568989
316.5   0.033208260022960984   0.000043592171202739294
316.75   0.0333114007947837   0.000043699512320198834
317.   0.0334179453622749   0.00004380384729824461
317.25   0.033527081484710196   0.00004390093820953669
317.5   0.03363965367244215   0.000043996110294420776
317.75   0.03375582717903248   0.00004409077468813246
318.   0.033875773378912705   0.00004418638100491428
318.25   0.03400003632044458   0.00004427620665193278
318.5   0.03412829208531387   0.00004437318602803602
318.75   0.034260580826459955   0.0000444822947616754
319.   0.0343969457688141   0.0000446086561721539
319.25   0.03453710648336089   0.0000447841704089647
319.5   0.03468156659187398   0.000044977337464927665
319.75   0.034830515261514886   0.00004518273705238684
320.   0.03498414977297579   0.000045394786749979095
320.25   0.03514243612917538   0.00004559854834165779
320.5   0.03530592203649323   0.000045800825349992407
320.75   0.035474931839057415   0.00004599930867249367
321.   0.03564980344361766   0.000046191613732280626
321.25   0.035831940288758204   0.0000463440623489858
321.5   0.03602025271713618   0.00004649738279390583
321.75   0.036214686482275917   0.00004666194199450606
322.   0.036415189024615165   0.0000468484712210768
322.25   0.03662093154639032   0.00004711737615666152
322.5   0.03683294316741974   0.00004741193651408154
322.75   0.03705150228821776   0.00004772354623421866
323.   0.03727690191776687   0.00004804327798408129
323.25   0.037509356113303284   0.00004832058039333001
323.5   0.03774932108311459   0.00004860296787474213
323.75   0.03799717961788569   0.00004889774008118067
324.   0.038253335254342144   0.000049212497061233023
324.25   0.03851826417714037   0.0000495806006606466
324.5   0.0387923463085151   0.000049975125776101
324.75   0.03907603573756577   0.00005039400914944449
325.   0.03936981319177769   0.000050835114681680524
325.25   0.039674416038756606   0.000051297822548298036
325.5   0.03999006954886044   0.00005177763234755737
325.75   0.040317251138370445   0.00005227148106292662
326.   0.04065646965806161   0.00005277617450189727
326.25   0.041008027082600734   0.00005328019895494881
326.5   0.041372835561704714   0.00005379135415695714
326.75   0.041751616738106116   0.000054309451114070325
327.   0.042145140819040014   0.00005483429971260698
327.25   0.042554474165829484   0.000055349821407001094
327.5   0.042980161653282445   0.000055877730220938764
327.75   0.043423042622302024   0.000056424603832763576
328.   0.04388401888535388   0.000056997399669333676
328.25   0.044364247421513334   0.00005762168319151855
328.5   0.044864515770178894   0.000058280235538783435
328.75   0.0453858706444689   0.00005897359028929284
329.   0.04592944378990406   0.00005970234745296949
329.25   0.046495648536953434   0.000060461244372046696
329.5   0.04708692909811317   0.00006125919155177244
329.75   0.04770507762077719   0.00006209959055177694
330.   0.04835203595396565   0.00006298611613609022
330.25   0.049031032887049165   0.00006394404544417056
330.5   0.049742822908062256   0.00006494848214339452
330.75   0.05048941603766051   0.000065994860055476
331.   0.051273013938897966   0.00006707832543808383
331.25   0.05209459269324393   0.00006817616070666655
331.5   0.05295877767878258   0.0000693068286221524
331.75   0.053869124996777436   0.0000704720763618491
332.   0.05482954779001827   0.00007167384718951673
332.25   0.055846363260081584   0.00007287845178238787
332.5   0.056921614951817356   0.0000741372098765649
332.75   0.05805970710194319   0.00007546869969118995
333.   0.059265548150046185   0.00007689335415313348
333.25   0.06054265742132269   0.00007850911372556221
333.5   0.06189984787575077   0.00008023855301625181
333.75   0.06334490291676063   0.00008207565454911196
334.   0.06488657833792072   0.0000840138948508962
334.25   0.0665357021221413   0.00008594247499539568
334.5   0.06830218799933781   0.00008799373886538044
334.75   0.0701983266625545   0.00009020631555895077
335.   0.07223814700115899   0.00009262397327096092
335.25   0.07443761930614942   0.00009540980124240576
335.5   0.07681538471030318   0.00009846882321400813
335.75   0.07939287279937429   0.00010181409632409028
336.   0.08219496545497228   0.00010546095961123189
336.25   0.08525072750820505   0.00010933837819362507
336.5   0.08859416430531206   0.00011358619513040926
336.75   0.09226541195398442   0.00011827211359954802
337.   0.0963120730903366   0.0001234764835950482
337.25   0.10079186895164381   0.00012941241377405652
337.5   0.1057718026864952   0.00013604153334731956
337.75   0.11133388624451439   0.00014344596487933956
338.   0.117577962167451   0.00015172521312818314
338.25   0.12462321179894478   0.00016090452652647486
338.5   0.13262514095803554   0.00017125617984736647
338.75   0.14177384841734986   0.00018301280132476075
339.   0.152307989198449   0.0001964657810544488
339.25   0.1645321272351809   0.00021189643322010862
339.5   0.17882753634050316   0.00022988023093143051
339.75   0.1956855431637447   0.0002510618057562801
340.   0.21573767593650087   0.0002762735175292589
340.25   0.23979666334685298   0.0003067862663821331
340.5   0.2688937537543885   0.0003437472154805228
340.75   0.3043154769758937   0.0003887791319052165
341.   0.34758806935406383   0.00044379964399933355
341.25   0.4003289217149954   0.0005107530272166416
341.5   0.4638150942893976   0.0005912787230924699
341.75   0.5379545624719424   0.0006852033029839758
342.   0.619474229522381   0.0007882938386128813
342.25   0.6997910644270458   0.0008894004231245108
342.5   0.7648748867823767   0.0009708745872680992
342.75   0.8005554542717478   0.0010148750589487458
343.   0.8020038985442912   0.001015490788626793
343.25   0.7780183089655923   0.0009842130778889933
343.5   0.7444261238252731   0.0009409714279041326
343.75   0.7142246322165604   0.0009021950933877933
344.   0.6929994735161878   0.0008749116173170947
344.25   0.6801021344488859   0.0008583333866271181
344.5   0.6722953826783225   0.0008482704936034627
344.75   0.6667317144760796   0.0008410978148421994
345.   0.6619763684694342   0.000834977292536234
345.25   0.6576330424308067   0.0008292631940086097
345.5   0.6537347521934417   0.0008241388203893858
345.75   0.6504031182917026   0.0008197786695891708
346.   0.6476929825213441   0.0008162729587262702
346.25   0.6455739738845653   0.0008138384153808704
346.5   0.6439689824568966   0.0008120726910372924
346.75   0.6427850159687246   0.0008107873133121853
347.   0.6419344927360274   0.000809800035997376
347.25   0.6413439868571242   0.0008090701569530472
347.5   0.6409522616830546   0.0008082728186426968
347.75   0.6407118348654922   0.000807222931808618
348.   0.6405857371392606   0.0008057469243597649
348.25   0.6405414015995654   0.0008023820857788335
348.5   0.6405619221472452   0.0007987807047896893
348.75   0.6406314588978681   0.0007953154938821191
349.   0.6407379367906179   0.0007923689005055822
349.25   0.6408824930521395   0.000791496481671349
349.5   0.6410437805362601   0.0007914744439858231
349.75   0.6412123811597894   0.0007922373688191744
350.   0.6413801741873486   0.000793720684429467
350.25   0.6415252349187596   0.0007965556193739512
350.5   0.6416619014283386   0.0007997079240103476
350.75   0.6417904973368234   0.0008028304089417455
351.   0.6419119150737561   0.0008055718605809105
351.25   0.6420357320938894   0.0008061864943038737
351.5   0.6421522289028042   0.0008062541469572062
351.75   0.6422601288330202   0.0008059765223089445
352.   0.6423583825013601   0.0008055583562840095
352.25   0.6424454102069574   0.0008060155042024702
352.5   0.6425215030152359   0.0008064312693728998
352.75   0.6425863705267122   0.0008066905820502845
353.   0.6426398314804308   0.000806677059124959
353.25   0.6426914846698644   0.00080560876986767
353.5   0.6427278001357487   0.0008042935727035873
353.75   0.6427448938376301   0.0008028810910045576
354.   0.6427388895466429   0.0008015228160975508
354.25   0.6426914582636943   0.0008007862083423246
354.5   0.6426188833947276   0.000800248501798124
354.75   0.642523138176087   0.00079989853236305
355.   0.6424062468900371   0.0007997249998696402
355.25   0.6422693133230579   0.0007997965458537908
355.5   0.6421157997146013   0.0007999898473570928
355.75   0.6419482501969715   0.0008002606831533455
356.   0.641769248992562   0.0008005643170576416
356.25   0.6415937550648464   0.0008008658759150998
356.5   0.6414072065179617   0.0008011051214467097
356.75   0.6412072898899519   0.0008012316008271127
357.   0.6409916699531921   0.0008011943316027022
357.25   0.640754115383639   0.0008006626032587363
357.5   0.6404976519452793   0.00079997411899058
357.75   0.6402214449951856   0.0007991895285430819
358.   0.6399246518172588   0.000798370133406875
358.25   0.6395964204181728   0.0007977837364711786
358.5   0.6392498508895893   0.000797205656128554
358.75   0.6388881246036084   0.000796615692266763
359.   0.6385144527446691   0.0007959933827663149
359.25   0.6381430356654523   0.0007951978458427201
359.5   0.6377618398194054   0.0007943759532016687
359.75   0.6373697227660524   0.0007935553139734818
360.   0.636965526848644   0.0007927637959616457
360.25   0.6365452021846205   0.0007922374376139944
360.5   0.636111577771453   0.0007917142541217287
360.75   0.635664614863381   0.0007911386896742416
361.   0.6352042702440084   0.0007904546680385438
361.25   0.6347278498585164   0.0007893073544723448
361.5   0.6342389965497494   0.0007880561291373077
361.75   0.6337387238356131   0.0007867640533640592
362.   0.6332280499038098   0.0007854947506043119
362.25   0.632712400664391   0.0007845116022438561
362.5   0.6321866539958363   0.000783601141895338
362.75   0.6316500604817019   0.000782748086415263
363.   0.6311018597227542   0.0007819370053795465
363.25   0.6305358422155165   0.0007813747991870081
363.5   0.6299588211524816   0.0007807350332055762
363.75   0.6293722022536835   0.000779911906647117
364.   0.6287773986809329   0.000778798743536151
364.25   0.628180755436041   0.0007765066373800388
364.5   0.6275768217599047   0.0007740186566606741
364.75   0.6269650422360467   0.0007715413410079735
365.   0.6263448526080235   0.0007692828646919643
365.25   0.6257149603136306   0.0007682871222606157
365.5   0.6250757889226942   0.0007676004427825821
365.75   0.6244270390501304   0.0007670989357720062
366.   0.623768405161776   0.0007666576912939332
366.25   0.6230947337939917   0.0007657737449156693
366.5   0.622412471217729   0.0007648468952871035
366.75   0.6217232492224694   0.0007639015567259839
367.   0.6210287082129814   0.0007629623268480203
367.25   0.6203374796112292   0.0007621598316137177
367.5   0.6196414656659663   0.000761371157079095
367.75   0.6189395129154655   0.0007605787018077258
368.   0.6182304558171564   0.0007597647282370953
368.25   0.6175096325349758   0.0007589411944714234
368.5   0.6167807221064004   0.0007580484216553333
368.75   0.6160439300827314   0.0007570562351227225
369.   0.6152994603885333   0.0007559342498114197
369.25   0.6145465732304456   0.0007543982947251946
369.5   0.6137867857026348   0.0007527719104866309
369.75   0.61302067711102   0.0007511264270108365
370.   0.6122488277824859   0.0007495336546300913
370.25   0.6114731742676467   0.0007483113056137513
370.5   0.6106924052254816   0.0007471891828877693
370.75   0.6099065573067014   0.0007461415150293511
371.   0.6091156645652676   0.000745142348049236
371.25   0.6083207762397072   0.00074415918150525
371.5   0.6075204991222898   0.000743174599773803
371.75   0.6067144492910335   0.0007421646794663541
372.   0.605902237787626   0.0007411053419335596
372.25   0.6050815291978787   0.0007399241966246433
372.5   0.6042546379015677   0.0007386642116461391
372.75   0.6034219430365012   0.0007373202725845864
373.   0.6025838238067499   0.0007358872123487452
373.25   0.6017407643879826   0.0007339040296886053
373.5   0.6008929975133646   0.0007320024694413542
373.75   0.6000408603100463   0.0007303609942657168
374.   0.599184689725151   0.0007291591267073532
374.25   0.5983279506880539   0.000729600892459137
374.5   0.5974666078407945   0.0007304377231530649
374.75   0.5965997369963825   0.0007314399064325261
375.   0.5957264064953957   0.0007323762932639914
375.25   0.5948429414005552   0.0007326669495107141
375.5   0.5939522193640653   0.0007325633950904826
375.75   0.593054389268704   0.0007319702156879517
376.   0.5921495991608998   0.0007307914552430218
376.25   0.5912317735653991   0.0007279370945137281
376.5   0.5903097566516252   0.0007246992003627667
376.75   0.5893862007186264   0.0007213807022295982
377.   0.5884637710380074   0.0007182861097555363
377.25   0.587558078056985   0.0007169562828161715
377.5   0.586653735493164   0.00071597289036322
377.75   0.5857482379644683   0.0007151480626192795
378.   0.5848390645628566   0.0007142928812004225
378.25   0.5839162676365874   0.0007125675798133894
378.5   0.5829876560485903   0.0007106894859553548
378.75   0.5820536479882119   0.0007087282730031843
379.   0.581114662463598   0.0007067539898744252
379.25   0.5801711192926504   0.0007048370563513314
379.5   0.5792234390940795   0.0007030482585091985
379.75   0.578272043278559   0.0007014587442403717
380.   0.5773173540399933   0.0007001400188630023
