310.   0.07065184866499682   0.00008032392472169627
310.25   0.07058830234725248   0.00008031962041751691
310.5   0.07052698020459013   0.0000802885581669478
310.75   0.07046784033371525   0.00008023530391050632
311.   0.07041084078183005   0.00008016446976337182
311.25   0.07035593954609898   0.00008008071543657009
311.5   0.0703030945731841   0.00007998874970889025
311.75   0.07025226375885413   0.00007989333195180737
312.   0.0702034049476745   0.00007979927370980649
312.25   0.07015629468694369   0.00007972348696797734
312.5   0.0701111436405471   0.00007965408193729865
312.75   0.07006798301503009   0.00007959115042771806
313.   0.07002684482378986   0.00007953478629845666
313.25   0.06998794168678653   0.00007950022370908519
313.5   0.06995105648269112   0.0000794664387678835
313.75   0.06991615085758443   0.00007942738818153307
314.   0.06988318649613798   0.00007937695634031031
314.25   0.06985139194328825   0.00007926520898609779
314.5   0.06982175182677618   0.00007914690539314665
314.75   0.06979452570101732   0.00007903346192682645
315.   0.06976997694357782   0.00007893643736706346
315.25   0.0697493415683535   0.0000789259412941832
315.5   0.06973153980404524   0.00007893236576316509
315.75   0.06971645370567296   0.00007894399513527524
316.   0.06970396452128012   0.00007894896353505658
316.25   0.06969328714158969   0.0000789125481680317
316.5   0.06968522931324769   0.00007885422775424653
316.75   0.06967994032116134   0.00007877088404794923
317.   0.06967757226823126   0.00007865935345615525
317.25   0.06967891337901577   0.00007845777126423156
317.5   0.0696832387647274   0.00007824466734397108
317.75   0.06969045199319837   0.00007804059799488002
318.   0.0697004561973279   0.00007786641058660454
318.25   0.06971267984064039   0.00007783226200550451
318.5   0.06972768631133947   0.00007783552182907975
318.75   0.06974557048493597   0.00007786173290638403
319.   0.06976642966897584   0.00007789622972928581
319.25   0.06979019675469364   0.00007788608132881917
319.5   0.06981720693252447   0.00007786921846125788
319.75   0.06984763346853469   0.00007784580791071448
320.   0.06988165356805233   0.00007781601852448266
320.25   0.06992021871651816   0.00007777163406883547
320.5   0.06996244117401118   0.00007772451637208268
320.75   0.07000819684501627   0.00007767826208870013
321.   0.07005736109765298   0.00007763652685707376
321.25   0.07010923878198858   0.00007759624292895094
321.5   0.07016449831505361   0.0000775706445182358
321.75   0.07022324611559992   0.00007756634924965004
322.   0.07028559207554223   0.00007759009223670835
322.25   0.07035156477701494   0.0000776854561928712
322.5   0.07042139988888528   0.0000778082697998335
322.75   0.07049525346484185   0.00007795064233287348
323.   0.07057328638342497   0.00007810454806411961
323.25   0.07065584769603171   0.00007822927769679007
323.5   0.07074285364862883   0.00007836183610721352
323.75   0.07083440614146443   0.00007850707070985792
324.   0.07093061148669404   0.00007866992465828074
324.25   0.07103138905596434   0.00007888913496614715
324.5   0.07113712141847026   0.0000791229419753504
324.75   0.07124800805915374   0.00007936280122089511
325.   0.07136425549517318   0.00007960000266941163
325.25   0.07148654938239937   0.00007979131312979456
325.5   0.07161445493241068   0.00007997547325488067
325.75   0.07174800862296814   0.00008015731709174752
326.   0.07188725146471778   0.00008034178194694927
326.25   0.07203165827548866   0.0000805442725236966
326.5   0.07218207440818207   0.00008075553675562936
326.75   0.07233879080625102   0.00008097659902599026
327.   0.07250210956082548   0.00008120851274397603
327.25   0.0726725747202912   0.00008145798911487195
327.5   0.07285019262334486   0.00008171831884803896
327.75   0.07303520825902371   0.00008198833730222447
328.   0.07322787840647059   0.00008226685978123669
328.25   0.07342871392454349   0.00008255036300394792
328.5   0.07363766173394293   0.0000828408407762441
328.75   0.07385491919233217   0.00008313799734663604
329.   0.07408069626077617   0.00008344153735947597
329.25   0.07431470486473216   0.00008373697354818395
329.5   0.07455789359117061   0.00008404373119834263
329.75   0.07481072704652608   0.00008436737891438286
330.   0.07507369230279443   0.00008471364940677164
330.25   0.07534785063359788   0.00008513171828522524
330.5   0.07563297500106354   0.00008556759390453401
330.75   0.07592940227940795   0.0000860096568463263
331.   0.07623749228116476   0.00008644596382688068
331.25   0.07655792881279533   0.00008683613123094291
331.5   0.07689070786083663   0.00008720649354455121
331.75   0.07723614541564564   0.00008755566208406804
332.   0.07759458475066962   0.00008788220512544154
332.25   0.0779652493096294   0.0000881643681772455
332.5   0.07835013828425463   0.00008842874419874622
332.75   0.07875017034926787   0.00008868219382725606
333.   0.07916631925720588   0.00008893181765031884
333.25   0.07960030786490772   0.00008917395083755151
333.5   0.08005228013045054   0.00008943150623655061
333.75   0.08052311837467228   0.00008971702713208805
334.   0.08101377175563128   0.00009004355970412503
334.25   0.08152500815875782   0.00009039296157053507
334.5   0.08205828318420572   0.00009082334306428387
334.75   0.08261489557334915   0.00009136283660694119
335.   0.08319624664819125   0.00009204083847510141
335.25   0.08380446686374154   0.00009316555834684358
335.5   0.08444034536517948   0.00009438570666744781
335.75   0.08510540285148124   0.00009561837344338069
336.   0.08580130334895833   0.00009677700381305837
336.25   0.08652927804786395   0.00009736461436745673
336.5   0.08729214956795377   0.00009784736224137592
336.75   0.08809237481255229   0.00009829757325654938
337.   0.08893265145347097   0.00009879122884837957
337.25   0.08981673311916859   0.00009965435888861409
337.5   0.09074681742791096   0.00010063251559710189
337.75   0.09172619875082809   0.00010171041068598054
338.   0.09275855183647495   0.00010287216984008251
338.25   0.09384542427877468   0.00010404503554402596
338.5   0.09499495437829156   0.0001052890974940463
338.75   0.09621343936504534   0.00010661051162304341
339.   0.09750792760974304   0.00010801621252324465
339.25   0.09888971202819231   0.00010954286317656476
339.5   0.10036312094913374   0.00011115986208667444
339.75   0.10193684257154127   0.00011286483942169452
340.   0.10362087330633596   0.00011465589259709788
340.25   0.10542480629294312   0.00011644138918693334
340.5   0.10736475426213432   0.0001183440321327525
340.75   0.10945727965794501   0.00012040398029622449
341.   0.11172178627073638   0.00012266646761151094
341.25   0.11418204716392344   0.00012528326185492206
341.5   0.11686403510194159   0.00012817708942509533
341.75   0.11979987023191137   0.00013137103154897215
342.   0.12302831546953748   0.00013489415940331893
342.25   0.1265960142632988   0.0001387461437620647
342.5   0.13056144398260094   0.00014302301365209342
342.75   0.134996231854506   0.0001478005198804308
343.   0.1399894208020271   0.0001531729303900374
343.25   0.14565226050944818   0.00015926153555589396
343.5   0.15212376179421705   0.00016620905194068543
343.75   0.15957678469579387   0.00017419682315322047
344.   0.16822248389104738   0.000183445961754841
344.25   0.17830974644902195   0.0001941594178071076
344.5   0.190107295346144   0.00020668778051498047
344.75   0.20386563989417497   0.0002213141017837492
345.   0.2197454774123652   0.00023822879317753553
345.25   0.2377337683694884   0.0002575119586042412
345.5   0.25760348020256424   0.0002788650383391957
345.75   0.27894524747620647   0.0003018549977106123
346.   0.3012682724997959   0.0003259632531105679
346.25   0.3241048840186043   0.0003509745135290342
346.5   0.3470655868173271   0.0003761267556295776
346.75   0.36986169076916664   0.00040096916155793564
347.   0.3922940339368586   0.00042511373960270945
347.25   0.4142288076215038   0.00044731218504411935
347.5   0.43559511508988585   0.00046843175487370906
347.75   0.4563536110729413   0.0004886262373413844
348.   0.47648930320031635   0.0005081228280551113
348.25   0.4960073446315817   0.0005280848860850117
348.5   0.5149137664053978   0.0005476875417354846
348.75   0.5332245545086187   0.0005668947909522266
349.   0.550959346316658   0.0005856581647805442
349.25   0.5681475173414673   0.0006033640188422146
349.5   0.5848009238373979   0.0006206805575237848
349.75   0.6009383741825545   0.0006377757155436075
350.   0.6165779048810527   0.0006548305119668618
350.25   0.6317189477481157   0.0006731360573843469
350.5   0.6464011537468464   0.0006914060886045903
350.75   0.6606470372771064   0.0007093573198911768
351.   0.6744785234536927   0.0007266732032983542
351.25   0.6879287060403666   0.0007417288109589968
351.5   0.7010022274215683   0.000755887609388233
351.75   0.7137139731732332   0.0007693103683128362
352.   0.7260778802629632   0.0007821727070685436
352.25   0.738107709279489   0.0007951147224341825
352.5   0.749814664447908   0.000807723100145932
352.75   0.7612098267531776   0.0008200167601379474
353.   0.7723035110400747   0.0008320142060980673
353.25   0.7830913220558765   0.0008441205282472831
353.5   0.7936014019394422   0.0008558220370844867
353.75   0.8038481131140254   0.0008669684177596977
354.   0.8138455808921379   0.0008773993397512914
354.25   0.8236404750343552   0.0008855928324003531
354.5   0.8332014290101394   0.0008932306795530131
354.75   0.8425279226490641   0.0009007056124190114
355.   0.851618554813039   0.0009084319323878183
355.25   0.8604319489095235   0.0009186077828275913
355.5   0.8690190351457882   0.0009292573508136472
355.75   0.8773927056825839   0.0009401035061148873
356.   0.8855659097109045   0.0009508526774456212
356.25   0.8935851945326457   0.0009605585821111937
356.5   0.9014173336505549   0.0009697758129187076
356.75   0.9090612712428422   0.0009784345852162264
357.   0.9165154237799703   0.000986462238165456
357.25   0.9237446439870238   0.0009930627363665988
357.5   0.9307920698019329   0.0009991542916999805
357.75   0.9376686079436068   0.001004960058683378
358.   0.9443852677433323   0.0010107125942721942
358.25   0.9509755606423427   0.001017515150799315
358.5   0.9574197057000238   0.0010244257932108221
358.75   0.9637196255497542   0.0010313419521831544
359.   0.969877010834992   0.0010381563607894625
359.25   0.9758917974081983   0.0010446318881628337
359.5   0.9817673650513568   0.0010508258465541061
359.75   0.9875054076063929   0.0010566700628201098
360.   0.993107445133762   0.0010620939187875463
360.25   0.9985654445433025   0.0010663406227187258
360.5   1.0038936139905805   0.0010702829099136452
360.75   1.0090969087180472   0.0010741283651895187
361.   1.014180259477987   0.0010780913028832352
361.25   1.0191571266101467   0.0010833138106817425
361.5   1.0240205359728516   0.0010887451065578046
361.75   1.0287718047373067   0.0010942356741899077
362.   1.0334121314279217   0.0010996309015699032
362.25   1.0379343997938857   0.0011041964333409736
362.5   1.042350968495674   0.0011085657335905437
362.75   1.046666107588849   0.001112808026457185
363.   1.0508840784226463   0.0011169944471967795
363.25   1.0550207955598239   0.001122039455047725
363.5   1.0590643116096727   0.0011268491379530076
363.75   1.063014044596575   0.0011311518621860658
364.   1.066869284578098   0.0011346687434573835
364.25   1.0706217048121611   0.001135243027309038
364.5   1.0742807625075739   0.00113518144780572
364.75   1.0778484807492217   0.0011349570063528072
365.   1.0813268443457158   0.0011350548968095918
365.25   1.0847154498153275   0.0011376947832908613
365.5   1.0880194794477502   0.0011409908345076441
365.75   1.091241782219278   0.0011447531381356653
366.   1.094385197210466   0.0011487866291234618
366.25   1.097457934097794   0.0011525887409892439
366.5   1.1004553331011002   0.0011563750457108514
366.75   1.1033779941845403   0.001160060134384639
367.   1.1062264621473692   0.0011635565676658866
367.25   1.1089975030673616   0.0011663560159027564
367.5   1.1116967387070102   0.0011689498776046843
367.75   1.1143260889305706   0.0011714170355354105
368.   1.1168874563283429   0.0011738380736095188
368.25   1.1193856974274679   0.0011767612582666983
368.5   1.1218185487024528   0.001179621951531409
368.75   1.1241866460984975   0.0011823143686900428
369.   1.1264905870148354   0.0011847305193809932
369.25   1.128729880753547   0.0011861845728311363
369.5   1.1309065133037262   0.0011873656219450828
369.75   1.13302140338077   0.001188395305633517
370.   1.1350754433066141   0.0011893976666909694
370.25   1.137066532060975   0.0011908572844252837
370.5   1.138999643795766   0.0011924041508619805
370.75   1.1408768114374543   0.001194022598510384
371.   1.1427000663307287   0.0011956965574172775
371.25   1.1444763271517957   0.001197502781369857
371.5   1.1462008141640798   0.0011992945844683928
371.75   1.1478735557729822   0.0012010165985935262
372.   1.1494945453419931   0.0012026124232481148
372.25   1.151063438049023   0.0012037590087273845
372.5   1.1525805829572073   0.0012047679931114627
372.75   1.1540459972003951   0.0012056885412099624
373.   1.1554596679587021   0.0012065706466699631
373.25   1.156819716050682   0.0012077388687900825
373.5   1.1581286304568756   0.0012088633818508286
373.75   1.1593870624999392   0.0012098848113592622
374.   1.1605956479721604   0.0012107427882925299
374.25   1.1617506832119668   0.001210707415830983
374.5   1.162858800706627   0.001210648106207352
374.75   1.1639223561834742   0.0012107743511485974
375.   1.1649437182028461   0.0012112988620944561
375.25   1.1659357984909842   0.0012135124738757324
375.5   1.1668863127155789   0.0012161358104213753
375.75   1.1677933747206286   0.0012189527374229451
376.   1.1686550480450424   0.0012217437330681981
376.25   1.1694531413032088   0.0012237394120758925
376.5   1.1702082126946192   0.001225475565896622
376.75   1.170924781453675   0.001226945449002788
377.   1.1716074128866871   0.001228142265270174
377.25   1.1722758102081603   0.0012287961262873472
377.5   1.1729135848670362   0.0012292669120764275
377.75   1.1735192930164522   0.001229654759033451
378.   1.1740914511684957   0.0012300612095281075
378.25   1.1746201252606439   0.0012312820316027334
378.5   1.175115484994848   0.0012324553087602833
378.75   1.1755793538849308   0.0012334048174025413
379.   1.1760135631532784   0.0012339519704252838
379.25   1.176419951690826   0.0012339158510513793
379.5   1.1768003660160715   0.001233113245964672
379.75   1.1771566602330896   0.0012313586777654357
380.   1.1774906959887101   0.0012284644367675744
