310.   0.0034847843672157607   0.000018788092014188143
310.25   0.003480635483724094   0.000018772383019708932
310.5   0.0034764991158505927   0.000018754633947321132
310.75   0.0034723925242420056   0.000018735210996066985
311.   0.0034683331631822313   0.00001871448411387225
311.25   0.003464338686593631   0.00001869282711325531
311.5   0.0034604269542569746   0.000018670617791183742
311.75   0.0034566160382598805   0.000018648238053264457
312.   0.0034529242296842083   0.00001862607404246392
312.25   0.0034494258496629436   0.000018604997413078084
312.5   0.0034460617762609737   0.00001858473177868878
312.75   0.003442828364286785   0.000018565481649126167
313.   0.0034397219519474655   0.000018547454051561683
313.25   0.0034367411154259627   0.000018531630284444214
313.5   0.0034338790119808416   0.000018517145964165507
313.75   0.003431131012036566   0.000018503902981661512
314.   0.0034284924563896995   0.000018491802274611253
314.25   0.0034259377777244057   0.000018480891384459097
314.5   0.003423491380841976   0.00001847086335212587
314.75   0.0034211569906709037   0.000018461556130706222
315.   0.003418938406464274   0.000018452805828803607
315.25   0.0034168422242404793   0.000018444583767231405
315.5   0.0034148686062482844   0.000018436530916019153
315.75   0.003413020485951466   0.000018428421752540864
316.   0.0034113008678756792   0.000018420027910802172
316.25   0.0034097183856803778   0.000018409076930048953
316.5   0.003408268446243844   0.00001839818115464276
316.75   0.003406952024758611   0.000018387933061348696
317.   0.0034057701476767777   0.000018378933326047516
317.25   0.0034047314909661907   0.000018374978211995754
317.5   0.003403826597690623   0.00001837224156095881
317.75   0.0034030535699661685   0.000018370053603596454
318.   0.003402410525517932   0.000018367735321762785
318.25   0.0034018681253206295   0.00001836076129927597
318.5   0.0034014628231588116   0.000018353782120843654
318.75   0.003401203976770785   0.000018347651352221663
319.   0.003401101132179848   0.00001834323543175217
319.25   0.003401188122796356   0.00001834482063024622
319.5   0.0034014413132897156   0.000018348552387107038
319.75   0.0034018610428188556   0.000018353950486393553
320.   0.0034024477162534553   0.000018360527759104658
320.25   0.0034031849372818325   0.000018367011105063767
320.5   0.0034040967616429715   0.000018373983829995836
320.75   0.003405190692106369   0.000018381253873751312
321.   0.0034064744247005877   0.00001838862632389433
321.25   0.003407977330261356   0.000018394399572284277
321.5   0.0034096775994427427   0.00001840046777839129
321.75   0.0034115747937533535   0.00001840724074453481
322.   0.0034136685524103158   0.000018415135622630238
322.25   0.003415963155587862   0.00001842563477755271
322.5   0.0034184520600675193   0.000018437697921482593
322.75   0.0034211333007533777   0.000018451333974343877
323.   0.0034240049743754523   0.000018466552654702237
323.25   0.003427010372806992   0.000018483019860977018
323.5   0.0034302241390085125   0.00001850122699856746
323.75   0.003433667030868673   0.00001852132746809046
324.   0.0034373603186046314   0.000018543478374465046
324.25   0.003441395235340985   0.00001857021436461909
324.5   0.003445697500698787   0.000018598395986276024
324.75   0.0034502616358526037   0.000018627220147494252
325.   0.0034550822035941306   0.00001865586841046287
325.25   0.0034600824662393633   0.000018680455135407092
325.5   0.003465356375228287   0.000018704375275924623
325.75   0.003470927910905657   0.00001872801146817998
326.   0.0034768217451745425   0.000018751754854101227
326.25   0.0034831917092997206   0.000018774777268692545
326.5   0.0034898852976400076   0.000018799196965262992
326.75   0.003496876728965141   0.000018825937924841922
327.   0.003504139869919445   0.0000188559461204756
327.25   0.0035115170666395277   0.000018893999542405662
327.5   0.003519163827437867   0.00001893579488895486
327.75   0.003527106837309001   0.000018980784204894233
328.   0.0035353736800967   0.000019028408525799887
328.25   0.0035440216926416125   0.00001907647929036905
328.5   0.0035530403905450468   0.000019126662876999825
328.75   0.0035624485259564973   0.000019179030644451936
329.   0.003572265685260759   0.000019233657736051625
329.25   0.0035825296363913585   0.000019291128666880978
329.5   0.003593237780521819   0.000019350824851847683
329.75   0.003604405416406729   0.000019412625699178843
330.   0.0036160487296302527   0.00001947640975488555
330.25   0.0036281914980837112   0.000019541897467100163
330.5   0.003640842659231601   0.00001960918398934647
330.75   0.0036540187216997995   0.000019678210372425813
331.   0.003667737294625424   0.000019748918767380665
331.25   0.003682014765689818   0.000019818943589305025
331.5   0.0036968745556686094   0.000019891433864592283
331.75   0.0037123391290365183   0.000019967294300117513
332.   0.003728432483951584   0.000020047462426637136
332.25   0.003745155576859799   0.00002013612124661426
332.5   0.003762570131051522   0.000020229829777392036
332.75   0.0037807158576025047   0.000020328303229858485
333.   0.003799634965772237   0.00002043125383158369
333.25   0.0038193864054455766   0.000020536058672123933
333.5   0.0038399986425252703   0.000020645655102459333
333.75   0.003861516951701308   0.000020760720199417286
334.   0.0038839899251055087   0.00002088196537177931
334.25   0.003907487902309109   0.000021012923238471243
334.5   0.003932042050954328   0.000021150530312072375
334.75   0.003957705415830382   0.00002129445373218392
335.   0.00398453558308999   0.000021444360297766408
335.25   0.004012571748121936   0.000021597691036560802
335.5   0.004041914482068754   0.000021757190618285857
335.75   0.004072648051863858   0.000021923465344951402
336.   0.004104864108928278   0.000022097167458591673
336.25   0.004138690229900549   0.00002227971149204983
336.5   0.004174197338167488   0.00002247087634027034
336.75   0.0042114932122596736   0.000022671185373330076
337.   0.004250696694309011   0.000022881218046519656
337.25   0.004291895751885886   0.00002310056073738423
337.5   0.004335295727585423   0.000023331384467501635
337.75   0.004381076850463713   0.000023574937171210307
338.   0.0044294389349814585   0.000023832587798504292
338.25   0.0044806338834691845   0.000024106400213985795
338.5   0.004534869019133845   0.000024397275193270637
338.75   0.004592409507105758   0.000024706822277463306
339.   0.004653554266379354   0.000025036846350020458
339.25   0.004718651065493788   0.000025390922006377763
339.5   0.004788071449940426   0.000025769234876677024
339.75   0.004862250295718589   0.000026173727584850236
340.   0.004941686748069711   0.000026606659994513633
340.25   0.005026932648506525   0.00002706980372570678
340.5   0.005118688622098979   0.000027567438727487583
340.75   0.005217744412389868   0.000028103596383942825
341.   0.005325026231999582   0.000028683020002146115
341.25   0.005441641877845804   0.000029309774190967522
341.5   0.0055688719626032475   0.00002999265939110734
341.75   0.005708267100112368   0.00003074041247677604
342.   0.0058616993463069715   0.00003156354216504468
342.25   0.006031466918375181   0.00003247715297933678
342.5   0.006220336473900941   0.00003349366205312485
342.75   0.00643175099074716   0.00003463119067402774
343.   0.006669993580164749   0.00003591231604166867
343.25   0.006940352477583134   0.00003736273303717195
343.5   0.007249603728852154   0.00003902114696690179
343.75   0.007606091744065601   0.000040932698689606504
344.   0.008019990691426396   0.00004315241229160396
344.25   0.00850320242954692   0.00004574490580707371
344.5   0.009068590771632731   0.00004877952546179799
344.75   0.00972793046682809   0.0000523200983405345
345.   0.010488439893612431   0.00005640614164141702
345.25   0.011348986121066404   0.00006103657570905254
345.5   0.012297683586406155   0.00006614370422552365
345.75   0.013314283322927088   0.00007161802944857856
346.   0.014374995365191814   0.00007733063901070537
346.25   0.015457321368916737   0.00008315636825780189
346.5   0.016543062526136656   0.00008899902285378465
346.75   0.017618807557105903   0.00009478568975511009
347.   0.01867543470495049   0.00010046643858859381
347.25   0.019707076724684303   0.00010600432417108121
347.5   0.020710439831057557   0.00011138645386470688
347.75   0.02168382014861955   0.00011660486365635131
348.   0.022626619705829968   0.00012165784228149716
348.25   0.02353894356542049   0.00012655022081762592
348.5   0.024421389039688688   0.0001312839668609545
348.75   0.025274816576706674   0.000135864819362818
349.   0.026100246013052792   0.00014029946013469134
349.25   0.02689895855440305   0.00014460286357558837
349.5   0.02767184278699478   0.00014877198495035748
349.75   0.028419943831377303   0.00015281070180493494
350.   0.02914427521656636   0.00015672246620799225
350.25   0.0298455692785858   0.0001605019589652735
350.5   0.030525068467955784   0.0001641629216047559
350.75   0.031183747067432255   0.00016771108879777463
351.   0.03182253467404853   0.00017115202263575703
351.25   0.03244242502458524   0.00017449460231306607
351.5   0.03304411207156927   0.00017773927987801245
351.75   0.0336283483081392   0.00018088955574731681
352.   0.034195843487678505   0.0001839486601540401
352.25   0.03474734610272129   0.00018691737232941937
352.5   0.035283379598444985   0.00018980143464455458
352.75   0.03580450567097448   0.00019260431853893975
353.   0.03631125076512486   0.00019532934636088528
353.25   0.036804312783863195   0.00019800807923263004
353.5   0.03728387376674288   0.0002006045945761433
353.75   0.03775027923386013   0.00020310953245414093
354.   0.03820384281750254   0.00020551271435353055
354.25   0.03864394948689965   0.00020771569655200485
354.5   0.03907209206022607   0.00020982719265806918
354.75   0.03948888568195926   0.00021187233526252422
355.   0.03989494056742775   0.00021387750315032822
355.25   0.04029184174174115   0.0002159586147880672
355.5   0.04067884169734901   0.00021802260440559554
355.75   0.04105612280388526   0.00022006169816593383
356.   0.041423845676708114   0.00022206746212119502
356.25   0.04178163799874916   0.00022401090343355685
356.5   0.04213032781404755   0.00022590985468886704
356.75   0.04247023415233892   0.00022776248377742695
357.   0.042801667658638375   0.0002295667462788064
357.25   0.04312521693356762   0.0002313120057704622
357.5   0.04344078239713672   0.00023300741591506395
357.75   0.043748532354160014   0.00023465387906294543
358.   0.04404862408200782   0.00023625225327865478
358.25   0.04434107734467405   0.000237793994921634
358.5   0.04462620485110792   0.00023929283713228341
358.75   0.04490418732210676   0.00024075344908621276
359.   0.04517519838538229   0.00024218060647039787
359.25   0.04543929727054838   0.00024358883850621375
359.5   0.04569679369075613   0.00024496976007226434
359.75   0.04594788716593575   0.00024632441925663014
360.   0.04619277297522448   0.00024765382834208147
360.25   0.046431663133511575   0.00024896880307460965
360.5   0.04666471641445731   0.0002502566490095387
360.75   0.04689210814044952   0.000251514179056345
361.   0.04711401001294017   0.0002527380486312203
361.25   0.04733031528418869   0.0002539128703866106
361.5   0.047541570566993055   0.00025505149417392125
361.75   0.04774805216225921   0.0002561550718063222
362.   0.047950036789713615   0.0002572247580744583
362.25   0.04814950192590565   0.00025825864808516266
362.5   0.04834436489185167   0.00025926215588027116
362.75   0.04853419892355472   0.0002602377174236517
363.   0.04871855864891126   0.00026118780758717575
363.25   0.04889491620916279   0.0002621197909301097
363.5   0.04906565784242915   0.00026302948002640753
363.75   0.04923113939247033   0.00026391745578301253
364.   0.04939172187381145   0.00026478428426780385
364.25   0.04954822694375709   0.00026563526940963047
364.5   0.049700392730324894   0.0002664643455158207
364.75   0.04984840725350643   0.0002672700749906259
365.   0.049992458886478866   0.0002680509599209607
365.25   0.05013323835726452   0.0002687944526000245
365.5   0.050270236979295696   0.00026951421892357403
365.75   0.05040343743290756   0.0002702131195986188
366.   0.05053281811248011   0.0002708940646388259
366.25   0.05065777488186573   0.000271573977574644
366.5   0.05077908228455338   0.0002722364423859111
366.75   0.050896944590335794   0.00027287876438818583
367.   0.051011567412578326   0.0002734981698253128
367.25   0.05112365945379427   0.00027407457923892415
367.5   0.05123273095819731   0.000274629034641987
367.75   0.05133878535971303   0.0002751656153551516
368.   0.051441823162353496   0.0002756884745657104
368.25   0.05154193438399553   0.0002762121963986401
368.5   0.05163898534729301   0.0002767266623841461
368.75   0.051732930301695096   0.00027723198846582006
369.   0.05182372010715263   0.0002777282757867084
369.25   0.05191081665958266   0.0002782243180966323
369.5   0.051994840348636884   0.00027870806701385363
369.75   0.05207593141054778   0.000279176012175989
370.   0.052154230733955906   0.0002796245627082281
370.25   0.05223028583945087   0.0002800335570055442
370.5   0.0523036736214321   0.00028042221168294126
370.75   0.05237437070696863   0.0002807934559165476
371.   0.0524423513981617   0.0002811502653775589
371.25   0.05250720352472525   0.0002815026778214648
371.5   0.05256943200535109   0.0002818439873841202
371.75   0.052629161624178175   0.000282174434924306
372.   0.05268651773797111   0.00028249425564382506
372.25   0.052741958281267376   0.0002828056990266457
372.5   0.05279514723711124   0.00028310617561026747
372.75   0.05284607600925523   0.0002833950791242467
373.   0.052894734340667694   0.0002836717846212
373.25   0.052940897147181164   0.0002839332176630872
373.5   0.05298484803188808   0.0002841821045787493
373.75   0.05302665901059235   0.0002844187590480348
374.   0.053066401948586826   0.0002846434930900569
374.25   0.053104310954382956   0.00028485477646564153
374.5   0.05314023131005515   0.0002850554833428688
374.75   0.05317416824150811   0.00028524667201848867
375.   0.05320612585502187   0.0002854294107600032
375.25   0.053236020106613866   0.0002856087071990425
375.5   0.05326397427986983   0.00028578017173582756
375.75   0.05329002474587511   0.00028594330004997996
376.   0.05331420736340255   0.00028609757395370116
376.25   0.05333655128192024   0.00028624190504697065
376.5   0.05335710003164694   0.0002863765240846692
376.75   0.053375890539928375   0.00028650109940189745
377.   0.05339295930658901   0.0002866152895697364
377.25   0.05340855361686651   0.0002867204151678538
377.5   0.053422414651990734   0.0002868137848930954
377.75   0.053434491721349384   0.0002868943485813002
378.   0.053444732584943956   0.00028696103774875705
378.25   0.053452687965065235   0.00028699848626134044
378.5   0.05345885417958825   0.00028702550396533355
378.75   0.05346333539044956   0.0002870467780275856
379.   0.05346623641080278   0.0002870670541845758
379.25   0.053467662698929136   0.0002870911359225154
379.5   0.05346772035219105   0.0002871238836739225
379.75   0.05346651610102547   0.00028717021403016436
380.   0.053464157302981194   0.0002872350989695252
