310.   0.007303347639176211   0.00002398343704877331
310.25   0.007324034283074655   0.00002400890480227698
310.5   0.007344236377914902   0.0000240411405734102
310.75   0.007364101988116305   0.00002407968722983244
311.   0.007383782087422509   0.00002412407991619151
311.25   0.007403430677570339   0.000024173845740305104
311.5   0.00742320491277725   0.00002422850344410196
311.75   0.007443265230388905   0.000024287563058428492
312.   0.007463775488052182   0.000024350525540767137
312.25   0.007485352597117881   0.000024415254674673663
312.5   0.0075075422379682006   0.000024483497058115105
312.75   0.007530334900526287   0.000024555392274737505
313.   0.007553721060579186   0.000024631083883368884
313.25   0.007577885012846311   0.000024720002485368418
313.5   0.007602547567919669   0.00002480938692964202
313.75   0.007627619489028887   0.00002489557833793441
314.   0.007653009687333086   0.000024974834570584914
314.25   0.0076778770357601375   0.00002501988326771218
314.5   0.007703166823459482   0.00002505940515678008
314.75   0.007729089779823963   0.000025099033291786555
315.   0.007755861881879131   0.00002514453493890284
315.25   0.0077844317789578284   0.000025223092340367468
315.5   0.007814015808147612   0.0000253111856445917
315.75   0.007844547517965525   0.00002540625564195598
316.   0.00787595913649138   0.000025505681155690826
316.25   0.007907883428130159   0.00002559784919891017
316.5   0.007940664007024518   0.000025692410437703004
316.75   0.00797435178829353   0.000025790223878932813
317.   0.008008999396692824   0.00002589217242558742
317.25   0.008044920548893785   0.000026003371638304086
317.5   0.008081811382123164   0.00002611891139578873
317.75   0.008119622985898155   0.00002623801414573901
318.   0.008158305502361254   0.00002635988219173691
318.25   0.008197709777396187   0.000026482890453833507
318.5   0.008237920393180548   0.000026607317031680728
318.75   0.008278925065165485   0.00002673263111326454
319.   0.008320711570233074   0.000026858287102523886
319.25   0.00836267831984291   0.000026979655648440278
319.5   0.008405631214230252   0.000027101804689409107
319.75   0.008449802901146872   0.000027225827746655003
320.   0.008495433903504022   0.00002735285373469954
320.25   0.008543545378049439   0.00002748391379755279
320.5   0.008593323825718879   0.000027620401486812203
320.75   0.008644715009426861   0.000027763621059725855
321.   0.008697663728848679   0.00002791492320982987
321.25   0.008751908408813769   0.000028082389107199677
321.5   0.008807676408037448   0.00002825820980620482
321.75   0.008864994919777675   0.000028441107109632677
322.   0.008923893016230243   0.00002862976138672686
322.25   0.008984353605874682   0.000028813106016976946
322.5   0.009046476620476918   0.00002900317112566002
322.75   0.00911031769006569   0.00002920255314923336
323.   0.009175935657251801   0.000029413951748910204
323.25   0.009243030153365557   0.00002965767666797951
323.5   0.009312169094155439   0.00002991243255500001
323.75   0.00938357444924345   0.000030173933867507613
324.   0.009457478696561881   0.000030437726233834805
324.25   0.009534879099419425   0.000030679629494713465
324.5   0.009614989366124736   0.000030921845065636904
324.75   0.009697761230145062   0.00003116755986914718
325.   0.00978314626103999   0.000031420103330392515
325.25   0.00987042864492521   0.00003169357388270235
325.5   0.009960481468923778   0.000031976952160901936
325.75   0.010053537597134227   0.00003226958024346224
326.   0.010149843267278288   0.000032570776696927987
326.25   0.010250248262534758   0.00003287396928935252
326.5   0.010354215925703453   0.00003318651878523559
326.75   0.01046178969164943   0.00003351014934027429
327.   0.010573018358896086   0.00003384668290812889
327.25   0.010687328498591258   0.00003420527843748886
327.5   0.010805646798931827   0.000034578013210578464
327.75   0.010928308917440848   0.00003496397471165704
328.   0.011055673348773972   0.00003536221217731485
328.25   0.011188149825808647   0.00003576412598602905
328.5   0.011326113002283606   0.000036179147511303045
328.75   0.011469992417418544   0.000036609449442167234
329.   0.011620249859720362   0.000037057353462307296
329.25   0.011777885119557909   0.00003752516195595214
329.5   0.011942744201934207   0.000038015793389473756
329.75   0.012115189877990823   0.000038532193371347976
330.   0.012295617739749862   0.00003907753431467699
330.25   0.012484568367617282   0.000039665672491584135
330.5   0.01268236521624297   0.000040286008294736595
330.75   0.012889478372062528   0.000040938019669855934
331.   0.013106424414203571   0.00004162118238305343
331.25   0.013333023799435068   0.000042325959010985166
331.5   0.013570926349984924   0.000043064140987707165
331.75   0.01382115252733288   0.00004383914714982368
332.   0.01408482483977871   0.00004465473268047026
332.25   0.01436366730703452   0.000045514450573845065
332.5   0.01465838550534053   0.0000464236609029592
332.75   0.014970280567368781   0.00004738767802982866
333.   0.01530080158829308   0.000048412400247407134
333.25   0.015651623359009145   0.000049511761405938937
333.5   0.01602448101130645   0.000050683088839226715
333.75   0.016421384096215047   0.00005193128442483593
334.   0.016844596734454074   0.00005326189502038975
334.25   0.017296324286196076   0.000054669931888518705
334.5   0.017779947078066363   0.00005617779872814287
334.75   0.01829893010802455   0.000057798824312999876
335.   0.018857230145384662   0.00005954820314799437
335.25   0.019459522654102335   0.00006145803543956332
335.5   0.020110844810056105   0.00006352859997453458
335.75   0.020817173286696255   0.00006577616521013843
336.   0.02158545360933387   0.00006821966027813538
336.25   0.02242419281285845   0.00007086903621629856
336.5   0.02334238718881331   0.00007376646086953241
336.75   0.02435108786931254   0.00007694842893230749
337.   0.025463415310803306   0.0000804582712529052
337.25   0.026694543916388095   0.00008435750050674883
337.5   0.028063967703186213   0.00008869558273639652
337.75   0.029594735911889453   0.0000935430719519625
338.   0.03131494709822962   0.00009898592465945874
338.25   0.033259324684947064   0.00010511914221700587
338.5   0.03547029750634287   0.0001120866274383841
338.75   0.038001018418700794   0.00012005628615679898
339.   0.040918296442143294   0.0001292391872556929
339.25   0.04430616988527278   0.00013992494597941553
339.5   0.04827325450509739   0.00015242671637670407
339.75   0.052958236332097834   0.0001671695050200104
340.   0.05853956192297059   0.0001846985049437008
340.25   0.06524861854721305   0.00020562472937500165
340.5   0.0733750080589247   0.00023093637275003207
340.75   0.08328078366977441   0.0002617786285475145
341.   0.0953928984913464   0.0002995100779054975
341.25   0.11015431682253686   0.0003457375174145302
341.5   0.12790200651970401   0.0004013808836802137
341.75   0.1485561133949378   0.00046618115227092067
342.   0.1711004375103942   0.000536928058569055
342.25   0.1930086818120052   0.0006055316891238942
342.5   0.21029253439725207   0.0006595673510274627
342.75   0.21913724793314995   0.0006870787822780918
343.   0.21852567309831808   0.000684900011310298
343.25   0.21117117018405773   0.0006614915468704875
343.5   0.20150069411598723   0.000630853787799211
343.75   0.1929953511036217   0.0006039182439823795
344.   0.18708368277000575   0.0005851703219472804
344.25   0.18352974333592956   0.0005740348377393728
344.5   0.18143469424166453   0.000567501684783288
344.75   0.18001543043454266   0.0005630857562956536
345.   0.17887167914256863   0.0005595004720809923
345.25   0.17788499934259827   0.0005561985783349201
345.5   0.17703675470206434   0.0005532880311532051
345.75   0.17634195708990122   0.0005508378538142223
346.   0.17580477063188357   0.000548882803830618
346.25   0.17539609204647078   0.0005475005283125258
346.5   0.17511751519607902   0.0005465123339708836
346.75   0.17495138608746244   0.000545826411662561
347.   0.1748819136024553   0.0005453565357996359
347.25   0.17494079709361576   0.0005449183587164622
347.5   0.17505786100698864   0.000544598575607825
347.75   0.1752097882053284   0.0005443856770679016
348.   0.1753756527273162   0.0005442763486393342
348.25   0.17548525502822243   0.000544343146763468
348.5   0.1755921678672176   0.0005444975943650062
348.75   0.17570039944156415   0.0005447238310141272
349.   0.17581494714837947   0.0005450087644616331
349.25   0.1759651879642964   0.0005453581719122289
349.5   0.17612462580135427   0.0005457392950273264
349.75   0.1762906097603984   0.0005461371863069214
350.   0.17646079502288084   0.0005465377661947337
350.25   0.17663070632226657   0.0005468953468540577
350.5   0.17680172476307934   0.0005472419982722088
350.75   0.1769730351342477   0.0005475782576275131
351.   0.1771439479794564   0.000547905093618373
351.25   0.17731535422294065   0.0005482409692757552
351.5   0.1774846851035356   0.0005485635966463006
351.75   0.17765090166578645   0.0005488678854131878
352.   0.17781301300479282   0.0005491488732547903
352.25   0.17796713745268736   0.000549382855977391
352.5   0.1781164402026841   0.0005495913304587851
352.75   0.1782612133155145   0.0005497772120612146
353.   0.1784017820335565   0.0005499435447531992
353.25   0.17854017043108655   0.0005500799235096528
353.5   0.17867442747993592   0.0005502085364216848
353.75   0.17880427685682876   0.0005503382428628689
354.   0.17892945423423784   0.0005504780487185435
354.25   0.17904983415857081   0.0005506791101377778
354.5   0.17916499052641988   0.0005508920742025178
354.75   0.17927463161571086   0.0005511093008146639
355.   0.17937847065048232   0.0005513230853491402
355.25   0.17947335330733727   0.0005515039233174745
355.5   0.1795630073570198   0.0005516743081538019
355.75   0.17964831932661005   0.0005518351423152747
356.   0.17973018945658145   0.0005519873498730415
356.25   0.1798136242395497   0.0005521050844186098
356.5   0.179893835562682   0.0005522267021220712
356.75   0.17997010186791107   0.0005523640367487865
357.   0.18004169608356765   0.0005525290458396239
357.25   0.18010646641527217   0.000552836790833683
357.5   0.18016565504796564   0.0005531557043307044
357.75   0.18021909196115432   0.000553456385808517
358.   0.18026660653287768   0.0005537091440164989
358.25   0.1803039882473174   0.0005537517377497241
358.5   0.18033670393046616   0.0005537385648920746
358.75   0.1803662154469205   0.0005536926350672187
359.   0.18039399873527545   0.0005536371835060751
359.25   0.18042737409054763   0.0005536607431967396
359.5   0.18045970340605658   0.0005536961241141198
359.75   0.18049014326349944   0.000553740878967949
360.   0.18051784179355054   0.0005537925333543536
360.25   0.18054018570864586   0.0005538515140571938
360.5   0.18055875438431812   0.0005539112043218249
360.75   0.1805733801462938   0.0005539678653241083
361.   0.18058389332474478   0.0005540177218187276
361.25   0.1805888973404685   0.0005540200247672276
361.5   0.18058992909918786   0.0005540225121989412
361.75   0.1805873081707279   0.0005540362384452523
362.   0.18058135624991434   0.0005540723485042488
362.25   0.18056891770601396   0.0005543784864210587
362.5   0.18055517776447544   0.0005546357923109728
362.75   0.1805418705118162   0.0005547601148429854
363.   0.1805307433156405   0.0005546666128530075
363.25   0.18053607398699248   0.0005537239361784465
363.5   0.18054215194422382   0.0005526082913056654
363.75   0.18054570514085713   0.0005514533852730052
364.   0.18054343427142447   0.0005503940066921434
364.25   0.18052359881976768   0.0005500870277185943
364.5   0.18049459998483325   0.0005499415534537336
364.75   0.18045645801962285   0.0005498850582013262
365.   0.18040919333043634   0.0005498444349740572
365.25   0.1803521840829562   0.0005495559063413035
365.5   0.1802863483440378   0.0005492107914932683
365.75   0.18021196630981812   0.0005488110561789172
366.   0.18012932019237263   0.0005483586837817805
366.25   0.18003129628336786   0.0005477592232043305
366.5   0.17992851607200952   0.000547149441842941
366.75   0.17982425400006263   0.0005465703101729037
367.   0.17972180761331655   0.0005460630919808285
367.25   0.17962492907628344   0.0005459260705999356
367.5   0.1795363576769984   0.0005458423893555387
367.75   0.1794592838580182   0.0005457505572224853
368.   0.17939691857116774   0.0005455886450737503
368.25   0.17938326977435823   0.0005450119306536404
368.5   0.1793785857121167   0.0005443521572672465
368.75   0.17937371990859288   0.0005436600414055424
369.   0.17935946222383564   0.0005429866483503743
369.25   0.17929461314772216   0.0005425604144879569
369.5   0.17921445013233275   0.0005421857211660311
369.75   0.17912245533929186   0.0005418432447989522
370.   0.17902213443278256   0.0005415135274666094
370.25   0.17890844982724283   0.0005411498901930252
370.5   0.17879692393101218   0.0005407704663327839
370.75   0.17869458525885165   0.0005403663302652272
371.   0.1786085062020062   0.0005399284984769344
371.25   0.17859282626239817   0.0005393579750224474
371.5   0.17858898845444662   0.0005387713745276187
371.75   0.1785852350883538   0.0005381958107648322
372.   0.1785697340484823   0.0005376585644344658
372.25   0.17848584126812003   0.0005373073824145079
372.5   0.17838410381466718   0.0005370017434085425
372.75   0.17827050515550158   0.0005367209254164071
373.   0.1781510655283988   0.0005364440762250485
373.25   0.17804614409974176   0.000536084784182179
373.5   0.1779418432453407   0.0005357133905438958
373.75   0.17783852676784906   0.0005353350306226878
374.   0.17773655995337667   0.0005349548688364351
374.25   0.1776419883278823   0.0005345965079886995
374.5   0.1775472428823719   0.0005342394383488587
374.75   0.17745040529541847   0.0005338814921006386
375.   0.17734954581709786   0.0005335204873393195
375.25   0.17723529949282216   0.0005331542614051101
375.5   0.17711609106513462   0.0005327805584874229
375.75   0.17699294789486392   0.000532397142237463
376.   0.17686690284990178   0.0005320017629139002
376.25   0.1767413597503649   0.00053160245731582
376.5   0.1766140556797488   0.0005311825522737185
376.75   0.17648508690028708   0.0005307356108993613
377.   0.17635454982907198   0.0005302551616161499
377.25   0.17622287765232536   0.000529685407360946
377.5   0.17608969654290582   0.0005290887118280521
377.75   0.17595496782945877   0.0005284783498782621
378.   0.1758186522880194   0.0005278676660969584
378.25   0.1756800983213269   0.0005273080101648595
378.5   0.17554012091994584   0.000526759830804655
378.75   0.17539892556449474   0.0005262214033977524
379.   0.175256718452778   0.0005256909925260717
379.25   0.1751137064905044   0.0005251668521170324
379.5   0.17497009728215204   0.0005246472255862582
379.75   0.1748260991219678   0.0005241303459780214
380.   0.1746819209851067   0.000523614436103496
