310.   0.002112523199238026   0.00001842722606068405
310.25   0.002118531222353536   0.00001842233864770172
310.5   0.002124281808253823   0.000018419429693762415
310.75   0.0021298337062388684   0.000018418242621935308
311.   0.002135246277732527   0.000018418518367246353
311.25   0.0021405795151678638   0.000018419995300421576
311.5   0.0021458940615509212   0.00001842240914893356
311.75   0.002151251230733409   0.00001842549291523055
312.   0.0021567130284264728   0.000018428976792021634
312.25   0.002162777309622837   0.00001843286397681356
312.5   0.0021689003181895408   0.000018436493767247874
312.75   0.002174969764473583   0.00001843947547222009
313.   0.002180872076779912   0.000018441413909795952
313.25   0.0021858379138704432   0.00001843724394982181
313.5   0.0021906641452530892   0.00001843307036992531
313.75   0.002195498711889449   0.000018430377082645953
314.   0.0022004913343061814   0.000018430665967587834
314.25   0.002206318866416188   0.000018442714186283654
314.5   0.0022124019394335497   0.000018457937667983067
314.75   0.0022186826542554307   0.000018474948917798108
315.   0.0022251024339300742   0.00001849234352996953
315.25   0.002231493683801757   0.000018498004414658297
315.5   0.0022379474901749285   0.00001850541002816764
315.75   0.0022444471167356963   0.000018517447710491916
316.   0.0022509756347335857   0.000018537042957853873
316.25   0.002257379148787188   0.000018586007540218942
316.5   0.0022638310685230817   0.000018641062631244554
316.75   0.0022703694603972598   0.000018697592884213133
317.   0.0022770329385670943   0.000018750920960992325
317.25   0.0022839991696711553   0.00001877925232670463
317.5   0.002291114818210458   0.000018801557847672066
317.75   0.0022983639129330073   0.000018819899566693885
318.   0.0023057303022014737   0.000018836368162192834
318.25   0.002313271148387078   0.000018859557482527115
318.5   0.002320867447792997   0.000018882593621825977
318.75   0.0023284725373426537   0.00001890502356817407
319.   0.002336039094843328   0.000018926387697707886
319.25   0.0023431650177772358   0.000018941196996818208
319.5   0.002350295162094271   0.000018955978712583664
319.75   0.0023575243885010687   0.0000189722987912448
320.   0.0023649490729900744   0.000018991747843477054
320.25   0.0023730672684870464   0.00001902121908138069
320.5   0.002381420983915791   0.000019055001447140286
320.75   0.0023899483073324687   0.000019092613044299565
321.   0.0023985863959731096   0.00001913356515942234
321.25   0.0024070699450058513   0.000019180479174805486
321.5   0.00241561487422277   0.000019228508794733476
321.75   0.0024242375868837552   0.000019275870422433855
322.   0.0024329548268091847   0.000019320750313347584
322.25   0.002441736834504496   0.000019354052863912617
322.5   0.0024506663529294346   0.000019383999583775893
322.75   0.0024597803939801705   0.000019411641783765273
323.   0.0024691167267533454   0.000019438049406669873
323.25   0.0024788865003856422   0.0000194620400803918
323.5   0.0024888887622354625   0.000019487887114880773
323.75   0.002499093147931153   0.000019517651021181835
324.   0.002509468836330928   0.000019553432468381338
324.25   0.0025199389481375153   0.000019611097094992873
324.5   0.002530535146209034   0.00001967372699786845
324.75   0.0025412437912212572   0.000019737932935649494
325.   0.0025520510830886567   0.000019800259252234132
325.25   0.0025628614571066937   0.000019842226310573777
325.5   0.0025737743339916313   0.000019881048173865516
325.75   0.0025848088670235403   0.00001991918476567622
326.   0.0025959847455062604   0.000019959148176760958
326.25   0.002607070236218835   0.00002001085409710965
326.5   0.0026184367592016282   0.000020066703178567912
326.75   0.0026302093150940126   0.00002012636139433852
327.   0.0026425159407778786   0.00002018948926885176
327.25   0.002656085894035804   0.00002025829529902561
327.5   0.002670222131890714   0.00002032887698411346
327.75   0.0026848167468520915   0.00002039982608049239
328.   0.002699759591031701   0.000020469702135940454
328.25   0.002714563763217624   0.000020528296978111652
328.5   0.002729634701441419   0.00002058624082500933
328.75   0.002745009124154997   0.000020645585828711855
329.   0.0027607249984428297   0.000020708437826648314
329.25   0.0027768519242502452   0.000020783603047051095
329.5   0.002793388503919885   0.000020864074061360633
329.75   0.00281036443303543   0.000020949393658112356
330.   0.002827810663705498   0.000021039096043981463
330.25   0.0028458853851684868   0.000021131420503720475
330.5   0.0028644475138214372   0.000021227668240898734
330.75   0.0028834802054938198   0.00002132787714397606
331.   0.0029029667060948674   0.000021432090421202963
331.25   0.002922784751415672   0.000021540821396024247
331.5   0.002943064397400116   0.000021653480890384148
331.75   0.002963833120915579   0.000021769938176815177
332.   0.0029851200009142725   0.000021890063657611225
332.25   0.003006880408735699   0.00002201179357602773
332.5   0.003029251651459951   0.000022137685236600316
332.75   0.003052299863048447   0.00002226841948159743
333.   0.0030760944988612333   0.000022404707655055032
333.25   0.0031008716412593293   0.00002254793122647305
333.5   0.003126482384396765   0.00002269798760268389
333.75   0.0031529398679498665   0.000022855429704156633
334.   0.0031802592570697344   0.000023020842515849428
334.25   0.0032082295895178325   0.000023200429244835847
334.5   0.003237186838067393   0.000023387120231263403
334.75   0.0032672493873636514   0.000023579274720825565
335.   0.003298542726275962   0.000023775199086118534
335.25   0.0033315566830173157   0.000023962046502771687
335.5   0.0033659402842270147   0.000024153344760491467
335.75   0.003401694781162875   0.000024351888764844507
336.   0.0034388249234251914   0.00002456062013444846
336.25   0.00347713500785045   0.000024792824222664318
336.5   0.0035169204743078666   0.000025037728003482297
336.75   0.003558286307380689   0.00002529449995780948
337.   0.0036013479387522335   0.00002556230286736763
337.25   0.003646206756516437   0.000025834568157857696
337.5   0.0036930390184519994   0.000026118341339447575
337.75   0.0037420116256337097   0.00002641521722900607
338.   0.0037933095475626943   0.000026726936757459493
338.25   0.0038470336164878175   0.000027055507356795656
338.5   0.003903557461401242   0.000027402890908903487
338.75   0.003963183199612381   0.00002777136365871207
339.   0.00402624801794699   0.000028163453609664565
339.25   0.004093275526523283   0.00002858388242741422
339.5   0.004164491965347966   0.000029033207517159904
339.75   0.004240316030486061   0.000029514167131843642
340.   0.004321227783989026   0.000030029907375413094
340.25   0.004407742246288806   0.00003058566074984541
340.5   0.004500552709696031   0.000031183460515764265
340.75   0.004600423308973341   0.00003182752354925944
341.   0.004708249026895286   0.00003252285587815001
341.25   0.004825455332048906   0.000033271159044008615
341.5   0.004952793353175495   0.0000340854051075837
341.75   0.005091596025450296   0.000034976186919225424
342.   0.005243484247358904   0.00003595621434010105
342.25   0.005409877406405377   0.00003704541121149188
342.5   0.005593983377701253   0.0000382564529424747
342.75   0.0057991036502636   0.000039610349895424695
343.   0.006029339560661327   0.00004113331245737941
343.25   0.0062899622540142155   0.000042855959525297076
343.5   0.0065871758687438   0.000044822330652597356
343.75   0.006928870100625756   0.00004708464840451582
344.   0.007324687097096677   0.00004970664419678089
344.25   0.0077860998197842035   0.000052760886816791825
344.5   0.008325241377205242   0.00005633086102559387
344.75   0.008953485763296923   0.00006049186737196012
345.   0.009678098521533982   0.0000652912909413218
345.25   0.010498313165678652   0.00007072724566968268
345.5   0.011404153759482491   0.00007672562266439533
345.75   0.01237748411490729   0.0000831617476884697
346.   0.013396713341145006   0.00008988819985921058
346.25   0.014441614793347502   0.0000967648141084235
346.5   0.015495040461368736   0.00010367794710321663
346.75   0.016544454374632825   0.00011054334185162667
347.   0.01758122692800026   0.0001173032674134388
347.25   0.018600842716061886   0.00012390505088015857
347.5   0.01959853495177557   0.00013034697094632813
347.75   0.02057191701035208   0.00013662508056073126
348.   0.02151953975649706   0.0001427435519575687
348.25   0.022437227589311153   0.00014876405103418763
348.5   0.023328891155153932   0.000154631128499884
348.75   0.024195811412263696   0.0001603361940434341
349.   0.02503955337512949   0.00016586947985832522
349.25   0.025864531642103037   0.0001711621303260787
349.5   0.026669095157436103   0.0001762786999240742
349.75   0.027454039708019636   0.0001812311044596659
350.   0.02822012042264129   0.00018603213285856016
350.25   0.02896813228694569   0.0001907139243995258
350.5   0.02969859778912495   0.00019526537510020052
350.75   0.030412062225189218   0.00019969278874653167
351.   0.031109007157246734   0.0002040022635454481
351.25   0.03178875298634424   0.00020819998194637374
351.5   0.032453157246896375   0.0002122912309974528
351.75   0.03310300861362975   0.0002162813704259491
352.   0.03373907655772959   0.0002201755643019045
352.25   0.03436293304480362   0.00022396115937928462
352.5   0.034974189097137266   0.0002276671178778004
352.75   0.0355732047171765   0.0002313058181257493
353.   0.03616030264764571   0.00023488999393554206
353.25   0.036735873288454825   0.00023851751005311424
353.5   0.037300030479281064   0.00024208532870210932
353.75   0.03785295369933319   0.0002455704617961756
354.   0.03839479083460545   0.0002489481295419211
354.25   0.03892352833743251   0.0002520736793916293
354.5   0.0394421907872084   0.000255081609245652
354.75   0.03995175724547928   0.0002579929158531044
355.   0.04045322904938006   0.00026082968345726877
355.25   0.04095060958700846   0.0002636848595231175
355.5   0.04144083427700648   0.0002664863265884518
355.75   0.041923699243889986   0.00026922946768364616
356.   0.04239896250335513   0.00027190923531485113
356.25   0.0428647926740397   0.00027449324277751294
356.5   0.04332302107441022   0.00027701281728036804
356.75   0.04377395883873171   0.0002794731261467574
357.   0.04421791292303526   0.0002818794529009039
357.25   0.04465652256968283   0.0002842323520004341
357.5   0.045088240067374157   0.00028654403270003903
357.75   0.04551279880599348   0.00028882216031859384
358.   0.04592990741420624   0.0002910745901475447
358.25   0.0463365210056842   0.0002933239362800505
358.5   0.046736079863800656   0.00029555825095158223
358.75   0.047129369608726684   0.00029777981921883586
359.   0.04751719578782817   0.00029999088106557177
359.25   0.047903896669666275   0.00030224543086377085
359.5   0.04828544914497433   0.0003044738628892837
359.75   0.048661246786839495   0.0003066566301798787
360.   0.04903065246168901   0.0003087734246316747
360.25   0.0493881404141851   0.00031072795119953283
360.5   0.049739751666777195   0.0003126027700078268
360.75   0.050086788067685795   0.00031440678034443093
361.   0.050430587270060875   0.00031614917378971395
361.25   0.05077804657764643   0.00031783684350427424
361.5   0.05112290774821969   0.0003194831313031608
361.75   0.051464314342552095   0.00032109914121688333
362.   0.051801375834628696   0.00032269627583663064
362.25   0.052129284725902246   0.0003243775168225728
362.5   0.05245247663611795   0.00032602811262461776
362.75   0.052771574561280836   0.0003276224641116225
363.   0.05308721472003459   0.0003291342108903437
363.25   0.05340391301252037   0.0003303526329439658
363.5   0.05371696049976483   0.000331504942996249
363.75   0.05402543156882813   0.00033263858060428916
364.   0.0543283717283393   0.0003338022450966029
364.25   0.054620225845691386   0.00033526641320038696
364.5   0.054906337758304544   0.00033677574250975506
364.75   0.05518755857598466   0.0003382914725960312
365.   0.05546475889487421   0.00033977378930404197
365.25   0.05574179393771884   0.0003410544190500975
365.5   0.05601544937925071   0.00034226866190785715
365.75   0.056285429558149316   0.000343426204476982
366.   0.056551428792381245   0.00034453697066406724
366.25   0.05681095190301881   0.0003456181582009997
366.5   0.057066705324600675   0.0003466703593759224
366.75   0.05731925178660779   0.0003477012850241436
367.   0.057569164410713754   0.0003487188026245042
367.25   0.05781931267672887   0.00034981365778168923
367.5   0.05806710935227518   0.000350878931931844
367.75   0.05831221812589201   0.00035188894730551844
368.   0.0585542929425071   0.0003528174678060549
368.25   0.058791826301584374   0.00035344683587160147
368.5   0.059026056354765453   0.00035401536777761273
368.75   0.05925708177586758   0.000354573555107372
369.   0.059485001581815196   0.0003551729157860965
369.25   0.059708331852669515   0.00035606094840922757
369.5   0.05992937640662236   0.00035701974822478294
369.75   0.06014888437848257   0.0003580238785538403
370.   0.06036761748210988   0.00035904735554950437
370.25   0.060592887859357944   0.00036002523337672293
370.5   0.060816377769821926   0.0003609839677233084
370.75   0.061036208324761324   0.0003619117244337445
371.   0.061250464330241394   0.0003627964423064915
371.25   0.06144627386544908   0.00036353020434125126
371.5   0.06163686185191598   0.0003642337042681153
371.75   0.06182467505396639   0.0003649333406731859
372.   0.06201220312046608   0.00036565597247340887
372.25   0.062211392766268095   0.0003665562328501163
372.5   0.06241170130071038   0.0003674845054002424
372.75   0.06261189549428817   0.00036841695561094356
373.   0.06281071894058064   0.0003693293234241396
373.25   0.06300550013453272   0.00037013543185396297
373.5   0.0631968775109192   0.0003708958825759619
373.75   0.0633840958643847   0.0003716102887957224
374.   0.06356638727711782   0.0003722782616381343
374.25   0.06373728799459386   0.0003728236565115663
374.5   0.06390392599574983   0.00037335165642466024
374.75   0.0640678149232166   0.00037389276978580516
375.   0.06423049167398392   0.0003744779719017713
375.25   0.06439892884476436   0.00037531190532351854
375.5   0.06456716374742144   0.00037618501955804135
375.75   0.06473459453290639   0.00037705904394928205
376.   0.06490060904890547   0.00037789511712277854
376.25   0.06506533244275249   0.00037854613837760224
376.5   0.06522709038606898   0.000379122183522721
376.75   0.06538493631578454   0.00037962652474170315
377.   0.06553790971629014   0.00038006249401800496
377.25   0.0656785619226731   0.0003803886712149865
377.5   0.06581493291224648   0.00038067098877163613
377.75   0.06594865700839418   0.00038093119343484213
378.   0.06608139104823052   0.00038119133505332836
378.25   0.0662172419218419   0.0003814752785966094
378.5   0.06635452466521397   0.0003818035522299466
378.75   0.06649397408192399   0.0003821984721899532
379.   0.06663633334346052   0.0003826826327074447
379.25   0.06678235387384564   0.0003832789020760076
379.5   0.06693279523652527   0.0003840104188005137
379.75   0.06708842502345737   0.0003849005878231914
380.   0.06725001874634016   0.00038597307682501175
