310.   0.004268358185600702   0.00010095376551367259
310.25   0.004267003660089036   0.00010091608460371805
310.5   0.004265571101434293   0.00010087533248846886
310.75   0.004264095542133342   0.00010083162565286765
311.   0.004262612392209392   0.0001007850817541027
311.25   0.0042611574508830945   0.00010073581966023513
311.5   0.004259766918665509   0.00010068395949026451
311.75   0.0042584774098919104   0.0001006296226556981
312.   0.004257325965716549   0.00010057293190369436
312.25   0.00425646520941529   0.00010050637348620782
312.5   0.004255772400277234   0.00010044073134925882
312.75   0.00425523923923283   0.00010037923058158343
313.   0.00425485736576049   0.00010032513396961734
313.25   0.004254625150162491   0.00010029911440526491
313.5   0.004254524623636953   0.00010028027601864587
313.75   0.004254544472560699   0.00010026495218936575
314.   0.004254673280537401   0.00010024943347044657
314.25   0.004254811718986325   0.00010021162831489206
314.5   0.004255070653672429   0.00010017332031867116
314.75   0.004255473996420198   0.00010013810954408379
315.   0.004256045993920039   0.0001001096415064003
315.25   0.004256929312340328   0.00010010553128607495
315.5   0.004257984204869842   0.00010011009961788957
315.75   0.004259188016726714   0.00010012148066052009
316.   0.004260517843984695   0.0001001377859319473
316.25   0.004261864130024174   0.00010015004441227358
316.5   0.004263323939327315   0.00010016616506223065
316.75   0.004264908697384703   0.00010018705692854739
317.   0.004266630028567497   0.0001002136426176428
317.25   0.004268393216738324   0.00010025241872132433
317.5   0.004270358878685853   0.00010029658352872753
317.75   0.004272582634477694   0.00010034484107266052
318.   0.004275120958576866   0.00010039587850575067
318.25   0.004278322089188838   0.0001004444355162878
318.5   0.004281838771814668   0.0001004946427137465
318.75   0.004285611795767933   0.00010054673311778606
319.   0.004289581159259799   0.00010060094432996816
319.25   0.004293534231896848   0.0001006566646277735
319.5   0.004297620946117766   0.00010071533186848996
319.75   0.004301840611025185   0.00010077754662274533
320.   0.004306192593043817   0.00010084392032953156
320.25   0.004310485789129727   0.00010091690806718722
320.5   0.004314985214629207   0.00010099459079752467
320.75   0.004319768141362454   0.00010107686792084373
321.   0.00432491319564005   0.00010116363926322739
321.25   0.004330939569970101   0.00010124711317274349
321.5   0.004337316894314204   0.00010133790763642874
321.75   0.0043439489098522   0.00010143906442644508
322.   0.004350737842181255   0.00010155368042269378
322.25   0.0043572292488148045   0.00010169929785078218
322.5   0.004363816758486598   0.0001018590892485161
322.75   0.004370542782922541   0.00010203045123230673
323.   0.004377450597036599   0.00010221073835058103
323.25   0.004384594446071614   0.00010239318127903599
323.5   0.004392005430989359   0.00010258072667932839
323.75   0.004399725541825502   0.00010277226098908165
324.   0.004407797723752273   0.00010296665287619449
324.25   0.0044164789489724455   0.00010315777032509248
324.5   0.004425517641102129   0.00010335138017670912
324.75   0.004434872631076378   0.00010354833391150118
325.   0.004444502130791149   0.00010374950339417224
325.25   0.0044540739616729655   0.00010395864147842916
325.5   0.004463948263872909   0.00010417268416488712
325.75   0.004474200074123637   0.00010439139794490982
326.   0.004484906250838129   0.00010461454897692751
326.25   0.004496582463671715   0.00010483584665815673
326.5   0.004508701675265718   0.00010506348273335823
326.75   0.004521167331926329   0.00010529971065614078
327.   0.00453388102095813   0.0001055468406443859
327.25   0.004545959237704377   0.00010581479057295588
327.5   0.004558388683072859   0.00010609549688241353
327.75   0.004571387006967494   0.00010638835392910572
328.   0.004585177421128972   0.00010669275106046984
328.25   0.004601285874720963   0.00010702208829383399
328.5   0.004618144902892425   0.00010735626128266692
328.75   0.004635461834012269   0.00010768886656507242
329.   0.004652937094165169   0.00010801334536058292
329.25   0.004668765919444591   0.0001082680402402944
329.5   0.004684714924304408   0.00010852238132872779
329.75   0.004701079991763106   0.00010879197616411934
330.   0.00471816553020916   0.00010909286747572403
330.25   0.004737276324420605   0.00010950383088666543
330.5   0.004757358908199809   0.00010995539128169335
330.75   0.004778336338969657   0.0001104392930041964
331.   0.004800130379402267   0.0001109470684122712
331.25   0.004822353220176742   0.00011144347825721066
331.5   0.004845351564207001   0.00011195642973916801
331.75   0.004869170787668779   0.0001124877506545528
332.   0.00489385881212096   0.00011303935146305746
332.25   0.004919552148308691   0.00011361827997307715
332.5   0.004946185415236178   0.00011421963124214166
332.75   0.0049737797747744054   0.00011484350400466787
333.   0.005002358647874323   0.00011549003601262612
333.25   0.005031654339081049   0.00011615273808206181
333.5   0.005062102248591682   0.00011684108004563314
333.75   0.005093856558706754   0.00011755812756120598
334.   0.005127079419049268   0.00011830711072668247
334.25   0.0051624461890648655   0.00011909690198696514
334.5   0.005199438824720602   0.00011992354520418495
334.75   0.005238036528714092   0.00012078857082080467
335.   0.005278220990412969   0.00012169364879830534
335.25   0.005319553185357514   0.00012264479279074095
335.5   0.005362606393471444   0.00012363820696198206
335.75   0.005407550350139912   0.0001246743137836247
336.   0.005454567277762538   0.00012575366607922437
336.25   0.005504146085727156   0.00012687081569975485
336.5   0.005556094174165108   0.00012803511805653515
336.75   0.005610516514541423   0.00012925023387962882
337.   0.00566753105327759   0.0001305201764100593
337.25   0.00572728196962045   0.00013184940035105333
337.5   0.0057899027918166404   0.00013324270881404768
337.75   0.0058555571188226305   0.0001347054593228704
338.   0.0059244301459771284   0.00013624359412255877
338.25   0.0059961763450791395   0.00013785723810129323
338.5   0.006071798321153646   0.00013956269443999607
338.75   0.006151806977476503   0.0001413710270726797
339.   0.006236768403386154   0.00014329452601996793
339.25   0.006327957671027774   0.00014536465175557465
339.5   0.006425195847442163   0.00014757245938008923
339.75   0.006528995570157728   0.00014992757162453967
340.   0.006639950553211964   0.00015244129698835436
340.25   0.006758299444228055   0.00015510902591763578
340.5   0.006885466155110779   0.00015797100291931387
340.75   0.007022597806710879   0.00016105384445295518
341.   0.007171032692409786   0.00016438854264457935
341.25   0.00733286666255027   0.00016801660180877816
341.5   0.00750925007464267   0.00017197396960830032
341.75   0.007702166831045576   0.00017630947517101582
342.   0.007914020750424775   0.00018108193162324132
342.25   0.008147116815009129   0.00018637398338694939
342.5   0.008405908675727426   0.00019225795257275542
342.75   0.008695155714309588   0.00019883648754959318
343.   0.009020764718015955   0.00020623749992748066
343.25   0.00939050155030211   0.00021460288143610576
343.5   0.00981304814713874   0.00022415703702868866
343.75   0.010299658691901453   0.00023515800281533123
344.   0.010864090649359451   0.00024792097420690763
344.25   0.011522805323567547   0.00026282790579962794
344.5   0.01229306883053769   0.00028026821125762334
344.75   0.013191192296182836   0.0003006141523558139
345.   0.01422767762831561   0.00032410631003711453
345.25   0.015401315241190134   0.0003507336021337776
345.5   0.01669793321017627   0.00038016088559064004
345.75   0.01809112080072582   0.00041178670797582454
346.   0.01954911665447792   0.00044488835712722607
346.25   0.02104170848041533   0.0004787776354240198
346.5   0.022543427173310773   0.0005128764846820691
346.75   0.024035394634744325   0.0005467557294871004
347.   0.025504508270280172   0.0005801171682890317
347.25   0.026941035630912928   0.000612728258399081
347.5   0.028341281616725413   0.0006445174218373148
347.75   0.029702912201519868   0.0006754350538434802
348.   0.031025240675217423   0.000705469283316004
348.25   0.032310831678597406   0.0007346982009030011
348.5   0.03355798159637362   0.0007630662075971085
348.75   0.03476728748011907   0.0007905836284945515
349.   0.035939523527433154   0.0008172640374414967
349.25   0.037073908738941286   0.0008430186464464524
349.5   0.0381734751550949   0.0008680002607268634
349.75   0.03923977666131349   0.00089226898665574
350.   0.04027437175881816   0.0009158876011319961
350.25   0.04127844087101669   0.0009391334703296297
350.5   0.042253990162633585   0.0009617846012918484
350.75   0.04320266291307426   0.0009838124655323893
351.   0.04412607761721127   0.0010051813632798625
351.25   0.04502787141089744   0.0010255888678977023
351.5   0.04590681836558202   0.0010453402947743524
351.75   0.04676354678266084   0.0010644957380915156
352.   0.04759859196341455   0.0010831178878739289
352.25   0.048411440134322   0.001101433107501253
352.5   0.04920377029410687   0.0011192882307072952
352.75   0.04997628779865121   0.0011366824721938326
353.   0.050729650667026456   0.0011536126745094227
353.25   0.051463843527069564   0.0011700113205980426
353.5   0.052180302537068846   0.0011859561647966155
353.75   0.05287983382826097   0.0012014645576529457
354.   0.05356322304594227   0.0012165534791773363
354.25   0.05423276733726858   0.0012312172574074957
354.5   0.05488711017789043   0.001245502954887199
354.75   0.05552632831237472   0.0012594362327074025
355.   0.05615045011108317   0.0012730430075871164
355.25   0.05675821694824917   0.0012864392588916164
355.5   0.05735127896797211   0.0012995276125980953
355.75   0.057930062703948765   0.0013122965023096781
356.   0.05849497997029588   0.001324732846751049
356.25   0.059046619548283476   0.001336923422094242
356.5   0.05958510356018233   0.0013487123884201777
356.75   0.060110724753667986   0.0013600395257385742
357.   0.060623761391330126   0.0013708414828106344
357.25   0.06112276709062773   0.001380445038728495
357.5   0.06161035950062475   0.0013896199652677634
357.75   0.06208750001094024   0.0013985500615153335
358.   0.06255516698371719   0.0014074264354348937
358.25   0.0630164446743465   0.0014171750670478435
358.5   0.06346945332475006   0.0014269937590439597
358.75   0.06391434395901906   0.0014367887620017053
359.   0.0643512521024918   0.0014464618056214725
359.25   0.06478181780823546   0.0014556024405591465
359.5   0.0652040426695458   0.001464530139187543
359.75   0.06561738389106964   0.0014732625894875295
360.   0.06602126423590064   0.001481817768648621
360.25   0.06641144418321761   0.0014902473155398335
360.5   0.06679231207740038   0.0014985235024028852
360.75   0.06716470687286433   0.0015066512366016282
361.   0.06752948442526935   0.0015146352660726117
361.25   0.06789000851781306   0.0015224847538706325
361.5   0.06824371156807983   0.00153019781382162
361.75   0.06859046252424171   0.001537776858218167
362.   0.06893011583768066   0.001545224110903392
362.25   0.06926140624718666   0.0015525550219956722
362.5   0.06958569544194268   0.001559752846028393
362.75   0.06990325561453459   0.0015668137203395831
363.   0.07021435872641067   0.0015737334667899827
363.25   0.07051944372320348   0.0015805317368185637
363.5   0.07081855023965741   0.0015871702238216042
363.75   0.07111188089242461   0.0015936338661170807
364.   0.07139963660368509   0.0015999070618306394
364.25   0.07168216032662615   0.0016058299369473613
364.5   0.0719594503261119   0.0016115855979889511
364.75   0.07223164372406224   0.0016172162726044255
365.   0.07249887488511925   0.001622765145946095
365.25   0.07276396067175694   0.0016285155098453492
365.5   0.07302329736234485   0.0016341799173463013
365.75   0.07327590458544396   0.0016397057061882975
366.   0.0735207740711547   0.0016450388248355505
366.25   0.07374753707416826   0.0016497679047344747
366.5   0.07396811128522929   0.0016543312423619961
366.75   0.07418525013574777   0.00165881731186958
367.   0.07440176550569935   0.0016633165138026263
367.25   0.07463420698602939   0.0016683350924298938
367.5   0.07486646775329606   0.001673391293223223
367.75   0.07509590558794423   0.001678410935131833
368.   0.07531981563002602   0.0016833180868552605
368.25   0.0755256627034799   0.0016877854847116612
368.5   0.07572421517470017   0.0016920811757895184
368.75   0.07591659721060667   0.0016962266357113099
369.   0.07610395429953314   0.0017002437457386166
369.25   0.07628987304601054   0.0017042192519481666
369.5   0.07647217148501981   0.0017080860856725443
369.75   0.07665106472590076   0.001711840875346297
370.   0.07682676906651323   0.0017154801296354963
370.25   0.07700058111384156   0.0017189981373106416
370.5   0.07717121693744204   0.0017223941027774312
370.75   0.0773384544880235   0.0017256650512457875
371.   0.07750206492940233   0.0017288079132909383
371.25   0.07766179967593335   0.0017317353332711128
371.5   0.07781743494994679   0.0017345613206898303
371.75   0.07796872769109522   0.0017373169753310774
372.   0.07811542865142211   0.0017400339039778396
372.25   0.07825516148003032   0.0017429279062425242
372.5   0.07839061967874349   0.0017457756771230887
372.75   0.07852240294496204   0.0017485352241617613
373.   0.07865111955902096   0.0017511637898217068
373.25   0.07877983237192168   0.001753434508866151
373.5   0.0789057580830911   0.0017555586146390354
373.75   0.07902853117891451   0.001757565995834512
374.   0.07914777839801666   0.0017594870118427014
374.25   0.0792570271106156   0.0017614629372333787
374.5   0.07936437872081291   0.0017633711201263716
374.75   0.07947192278046204   0.0017651982276052174
375.   0.07958177944438559   0.0017669306832334777
375.25   0.0797093799773859   0.0017684338271923864
375.5   0.07983839199093838   0.0017698620521747713
375.75   0.07996561063240502   0.0017712503372979164
376.   0.08008778059540157   0.0017726341546212858
376.25   0.08019082448706202   0.0017741799046094848
376.5   0.0802864066070542   0.0017757421683410148
376.75   0.0803755131045621   0.0017773047163395297
377.   0.08045914449967283   0.0017788510350288667
377.25   0.08053924162180219   0.00178032855380286
377.5   0.08061554172699761   0.0017817700903383343
377.75   0.08068871018933173   0.0017831728690386442
378.   0.08075942082310852   0.001784534044913688
378.25   0.08083001601953095   0.0017858614312220693
378.5   0.08089887078959568   0.0017871370887716507
378.75   0.08096600813970707   0.001788353607320379
379.   0.08103145021485145   0.0017895034544866042
379.25   0.08109521831563449   0.0017905789775960203
379.5   0.08115733291484567   0.0017915724054879199
379.75   0.08121781367356007   0.0017924758502818878
380.   0.08127667945680014   0.001793281309106305
