310.   0.000014490701874693468   4.0492686624572485e-8
310.25   0.000014487433120997896   4.0497678954383276e-8
310.5   0.000014484634390646982   4.0497683633266724e-8
310.75   0.000014482294258341544   4.0493858373363454e-8
311.   0.000014480401266217458   4.0487372880550924e-8
311.25   0.000014478943923079007   4.0479409224082536e-8
311.5   0.000014477910703624841   4.047116221948646e-8
311.75   0.000014477290047666456   4.046383982531967e-8
312.   0.000014477070359339478   4.045866355440541e-8
312.25   0.00001447717652672272   4.046366057802572e-8
312.5   0.000014477685463045249   4.04706033388754e-8
312.75   0.000014478611209969348   4.047800171283998e-8
313.   0.000014479968071669007   4.04843486859809e-8
313.25   0.00001448179975994648   4.0479812137673826e-8
313.5   0.00001448408047797949   4.047444108838801e-8
313.75   0.000014486813546978108   4.0470046251032097e-8
314.   0.000014490002444327217   4.046846022953208e-8
314.25   0.000014493639323824436   4.047863036352687e-8
314.5   0.000014497744015636722   4.0492541180590025e-8
314.75   0.000014502325165076877   4.0509215327914434e-8
315.   0.000014507391657192226   4.052766386692147e-8
315.25   0.000014512978159222358   4.054719364251004e-8
315.5   0.000014519058446389405   4.056636207426561e-8
315.75   0.000014525631801824112   4.058401800396219e-8
316.   0.000014532697648856408   4.05989953750661e-8
316.25   0.000014540202835250965   4.0602838189879704e-8
316.5   0.000014548220610432348   4.060449444629958e-8
316.75   0.000014556772291845337   4.060570818963357e-8
317.   0.000014565879658030203   4.060824721008595e-8
317.25   0.000014575574387948173   4.0616629419725144e-8
317.5   0.000014585866098367614   4.0628872183164024e-8
317.75   0.000014596774226572975   4.064571074685238e-8
318.   0.000014608318691405496   4.0667891747173254e-8
318.25   0.000014620556279251621   4.070241165297593e-8
318.5   0.000014633457229552865   4.0741344366072285e-8
318.75   0.000014647028215746145   4.078293306729486e-8
319.   0.000014661276252218598   4.082539581864898e-8
319.25   0.000014676238749391071   4.0859658077163755e-8
319.5   0.000014691881576171744   4.0894013526571574e-8
319.75   0.000014708200619234503   4.092956049226663e-8
320.   0.000014725191977188899   4.0967414900585313e-8
320.25   0.000014742744630997696   4.101160905758167e-8
320.5   0.000014761004725359479   4.105925746368383e-8
320.75   0.000014780012847290396   4.1110351019575876e-8
321.   0.000014799810568525816   4.116488164537672e-8
321.25   0.000014820540120719013   4.122329770254239e-8
321.5   0.000014842106361692865   4.1284958845280756e-8
321.75   0.000014864513406734505   4.134967444197304e-8
322.   0.000014887765835428654   4.141725186638692e-8
322.25   0.000014911810112678005   4.148708218152546e-8
322.5   0.000014936733449189745   4.1559545567632803e-8
322.75   0.000014962565917585471   4.1634612275747424e-8
323.   0.0000149893385975251   4.1712253353420435e-8
323.25   0.000015017140785513176   4.1793059296228635e-8
323.5   0.000015045926127485674   4.1876141453999025e-8
323.75   0.000015075705645276539   4.196122046129763e-8
324.   0.000015106491133405948   4.204801308383988e-8
324.25   0.000015138211157982785   4.213358639634767e-8
324.5   0.000015170996190547526   4.22213321278874e-8
324.75   0.000015204895039496742   4.231203830958105e-8
325.   0.00001523995817526142   4.2406510522112816e-8
325.25   0.000015276301392699088   4.250808560064318e-8
325.5   0.000015313890281969318   4.26141097208369e-8
325.75   0.000015352754776668284   4.272441570343363e-8
326.   0.00001539292630147817   4.283883546257212e-8
326.25   0.00001543442842703556   4.295659107710186e-8
326.5   0.00001547730894990199   4.307835976189771e-8
326.75   0.00001552160819091702   4.320422081744451e-8
327.   0.000015567368438807917   4.333425834096571e-8
327.25   0.000015614622092426712   4.346859664572197e-8
327.5   0.000015663432403465592   4.360728150316574e-8
327.75   0.000015713853251502348   4.3750398839389176e-8
328.   0.000015765941142848227   4.3898040368280866e-8
328.25   0.000015819768829893147   4.4048507789895325e-8
328.5   0.00001587537989351286   4.4204402391276586e-8
328.75   0.000015932834240886677   4.436657611651809e-8
329.   0.00001599219502092154   4.4535907706743694e-8
329.25   0.000016053541012498588   4.4717973521885856e-8
329.5   0.000016116925628105678   4.4907223766108863e-8
329.75   0.00001618241812387706   4.510269945788212e-8
330.   0.000016250091864957012   4.530342212218505e-8
330.25   0.000016319943987289888   4.550343091610653e-8
330.5   0.000016392168977789282   4.5708595067126325e-8
330.75   0.000016466887825818266   4.5919924964499806e-8
331.   0.00001654422800729586   4.613846829336188e-8
331.25   0.00001662444594182249   4.6367026202802686e-8
331.5   0.00001670751435760928   4.6604351221413824e-8
331.75   0.000016793532729999888   4.6850908558023834e-8
332.   0.000016882607663345097   4.7107189792674684e-8
332.25   0.00001697474956950672   4.7377618640881916e-8
332.5   0.000017070225291311578   4.7657332867041514e-8
332.75   0.00001716920994929813   4.794529200012871e-8
333.   0.00001727189013092007   4.824043476627888e-8
333.25   0.000017378516820321116   4.853354732429391e-8
333.5   0.00001748923078995932   4.883478847348527e-8
333.75   0.000017604237936376666   4.914642309011051e-8
334.   0.000017723759612731212   4.947082059032836e-8
334.25   0.000017848050130421504   4.9816341163903066e-8
334.5   0.00001797734431176746   5.017745730557489e-8
334.75   0.00001811191295851912   5.055444736689071e-8
335.   0.00001825204927027796   5.094763376733852e-8
335.25   0.000018398019253951012   5.135816066862563e-8
335.5   0.000018550240242965167   5.1785386220718046e-8
335.75   0.000018709110168686043   5.222947259066869e-8
336.   0.000018875062050031574   5.2690635434374514e-8
336.25   0.000019048614775658466   5.316177949895107e-8
336.5   0.000019230219990456655   5.365342582370868e-8
336.75   0.000019420423293103738   5.416912012671348e-8
337.   0.000019619824756255546   5.471266172226877e-8
337.25   0.000019829038182757475   5.529677694926886e-8
337.5   0.000020048860979981996   5.5913960521202667e-8
337.75   0.000020280124501411997   5.656529195792992e-8
338.   0.00002052375208915709   5.725204028659437e-8
338.25   0.00002078084453802489   5.797327496185892e-8
338.5   0.000021052452995539796   5.8734062556451044e-8
338.75   0.00002133983690858738   5.95374804563211e-8
339.   0.000021644416462358   6.038702325204777e-8
339.25   0.000021967735562406464   6.128271803228482e-8
339.5   0.000022311709547018465   6.223454089250636e-8
339.75   0.000022678453458295715   6.324944348975072e-8
340.   0.000023070392309021394   6.433532123970962e-8
340.25   0.00002349029977945684   6.550497909360804e-8
340.5   0.000023941443223891986   6.67636143103304e-8
340.75   0.000024427606856760744   6.812154472354786e-8
341.   0.00002495322844120023   6.95908950986886e-8
341.25   0.000025523577772922034   7.118572421443357e-8
341.5   0.00002614484086685847   7.292349080299005e-8
341.75   0.00002682446283750159   7.48248049040934e-8
342.   0.000027571430613880597   7.691456450004024e-8
342.25   0.00002839678426761272   7.922237350681213e-8
342.5   0.00002931379100931478   8.178638528081969e-8
342.75   0.000030338971790056557   8.465291957052081e-8
343.   0.00003149288096921673   8.78795929156621e-8
343.25   0.000032801049947405336   9.154119483408704e-8
343.5   0.000034295819217969695   9.572408841831414e-8
343.75   0.000036017207892924376   1.0053886456831007e-7
344.   0.000038014055627965923   1.0612048312431882e-7
344.25   0.00004034367701214277   1.1261779579329348e-7
344.5   0.00004306793489696685   1.202133270108229e-7
344.75   0.00004624380925143706   1.2906805235221092e-7
345.   0.00004990677318109257   1.3928359295017786e-7
345.25   0.00005405196418194984   1.50862309448921e-7
345.5   0.00005862460738490005   1.6364069329470513e-7
345.75   0.00006352929207903105   1.7735189406506205e-7
346.   0.00006865337361634744   1.916803207469389e-7
346.25   0.00007389018566651176   2.0632313961960877e-7
346.5   0.00007915288546474134   2.210392324527448e-7
346.75   0.00008437742024561471   2.3564799162794884e-7
347.   0.00008952009345853454   2.5002526838279453e-7
347.25   0.00009455332674844257   2.640783341239991e-7
347.5   0.00009946035594487469   2.7777500087018893e-7
347.75   0.00010423253439731068   2.910948544652941e-7
348.   0.00010886647761359289   3.0403300127956056e-7
348.25   0.0001133619924938902   3.166146016965728e-7
348.5   0.00011772160119932637   3.288255945640674e-7
348.75   0.00012194894863362026   3.406730629890231e-7
349.   0.00012604845156492624   3.521656621726307e-7
349.25   0.00013002491833209514   3.632981939944101e-7
349.5   0.0001338833279651459   3.740992308657216e-7
349.75   0.00013762865036684102   3.8458412202805187e-7
350.   0.00014126575353045877   3.9476815629782077e-7
350.25   0.00014479945179625197   4.046740865936933e-7
350.5   0.00014823410657754742   4.143061487318149e-7
350.75   0.00015157396351148827   4.236751409911131e-7
351.   0.0001548230439456621   4.3279112701357027e-7
351.25   0.0001579852900859677   4.41668245147873e-7
351.5   0.00016106408778611365   4.503085800703174e-7
351.75   0.00016406274722709945   4.587179580834517e-7
352.   0.00016698437643588126   4.6690140576453283e-7
352.25   0.00016983171926927544   4.7484402477111843e-7
352.5   0.00017260775112085922   4.825756202786257e-7
352.75   0.00017531511796620015   4.901074678131699e-7
353.   0.000177956313739365   4.974507508703968e-7
353.25   0.00018053299234703745   5.046195508454217e-7
353.5   0.00018304833287363735   5.116208247438667e-7
353.75   0.00018550473483061125   5.184642775089193e-7
354.   0.00018790450054965828   5.251595031066948e-7
354.25   0.00019025106540419395   5.31733562726048e-7
354.5   0.00019254487484806693   5.381716916078307e-7
354.75   0.0001947874556130519   5.444756896610976e-7
355.   0.0001969802358915162   5.50646907241585e-7
355.25   0.00019912394316041514   5.56680231261074e-7
355.5   0.00020122066557535842   5.625845076947975e-7
355.75   0.0002032718303164935   5.683624463602441e-7
356.   0.0002052788001918959   5.740165119748289e-7
356.25   0.00020724304757348058   5.795530634373123e-7
356.5   0.00020916558407582943   5.849684170695801e-7
356.75   0.0002110475309708329   5.90262631593385e-7
357.   0.00021288995682318724   5.954354948861631e-7
357.25   0.00021469359968117753   6.004580495886281e-7
357.5   0.00021645982025395561   6.053689695803963e-7
357.75   0.00021818966520469288   6.10179312445811e-7
358.   0.00021988414427075314   6.14900379221999e-7
358.25   0.00022154447320559212   6.195779727801756e-7
358.5   0.00022317126099759786   6.241764429319797e-7
358.75   0.00022476531798181073   6.286934140889958e-7
359.   0.0002263274217497676   6.331262203587214e-7
359.25   0.00022785827976191806   6.374559699948776e-7
359.5   0.00022935866337534222   6.417015389747287e-7
359.75   0.0002308292782147812   6.458661195883526e-7
360.   0.00023227080395615585   6.499528746848865e-7
360.25   0.0002336838663657936   6.539965246902965e-7
360.5   0.00023506913761931652   6.5795638806846e-7
360.75   0.00023642723923429502   6.618223847875827e-7
361.   0.0002377587718949255   6.65584003891966e-7
361.25   0.00023906455308566132   6.691587390912984e-7
361.5   0.00024034481642703993   6.726345615674775e-7
361.75   0.00024160000745685414   6.760294951342604e-7
362.   0.00024283055165060115   6.793620440477915e-7
362.25   0.0002440363019475782   6.827172653239367e-7
362.5   0.0002452184143488934   6.860228528326034e-7
362.75   0.00024637748850410933   6.8927128616086e-7
363.   0.0002475141133824725   6.924547373247465e-7
363.25   0.00024862944965291326   6.955214691967154e-7
363.5   0.000249723258304823   6.985236353214158e-7
363.75   0.0002507958585747589   7.014705761322113e-7
364.   0.0002518475547812187   7.043718179816025e-7
364.25   0.00025287819729672095   7.07268024358886e-7
364.5   0.00025388867310733654   7.101260672423571e-7
364.75   0.00025487942653263263   7.12943227290232e-7
365.   0.00025585089343677385   7.157166478684895e-7
365.25   0.00025680385256156627   7.18440309745675e-7
365.5   0.0002577382359863256   7.211153023577158e-7
365.75   0.0002586543116116023   7.237396255643527e-7
366.   0.0002595523368934229   7.263111833884699e-7
366.25   0.00026043211617669755   7.288103806004524e-7
366.5   0.000261294503235063   7.312591439549273e-7
366.75   0.00026213990861774354   7.3366226756745e-7
367.   0.00026296873773909543   7.360246146211974e-7
367.25   0.0002637817968209505   7.383702631098549e-7
367.5   0.0002645789171964279   7.406775733765425e-7
367.75   0.00026536032341219234   7.429437409577735e-7
368.   0.0002661262322474261   7.451658636704229e-7
368.25   0.0002668768299226785   7.473255668318406e-7
368.5   0.00026761235046447843   7.49441158982854e-7
368.75   0.00026833299823068966   7.515157682994575e-7
369.   0.00026903897091580585   7.535525576577458e-7
369.25   0.00026973014315687067   7.555656315158491e-7
369.5   0.00027040714065306115   7.575430369823167e-7
369.75   0.0002710702720727013   7.594835674322044e-7
370.   0.00027171984262226663   7.613859652934308e-7
370.25   0.0002723565072174597   7.632429685621956e-7
370.5   0.00027298007292361553   7.650615125070977e-7
370.75   0.0002735906907527972   7.66842631285953e-7
371.   0.00027418850614096386   7.685873560382098e-7
371.25   0.00027477357323546335   7.70301163872671e-7
371.5   0.00027534614636246337   7.71978884237052e-7
371.75   0.00027590639024099807   7.736197206836765e-7
372.   0.00027645446519214656   7.752228432436191e-7
372.25   0.0002769900879988921   7.768058860572206e-7
372.5   0.00027751402248383833   7.783421858073045e-7
372.75   0.0002780265959826526   7.798232572748403e-7
373.   0.0002785281348445812   7.812404598972828e-7
373.25   0.0002790198372131102   7.825083965004714e-7
373.5   0.00027950081157248697   7.83724863765293e-7
373.75   0.00027997102532081116   7.84912046559298e-7
374.   0.00028043043945155   7.860924784502853e-7
374.25   0.00028087731430721314   7.873992384823484e-7
374.5   0.0002813139598886146   7.887019555591537e-7
374.75   0.00028174100998311206   7.899792209613332e-7
375.   0.00028215910297577177   7.912092717127719e-7
375.25   0.0002825720899726799   7.922601454562904e-7
375.5   0.00028297614648778436   7.932625108690336e-7
375.75   0.0002833706167095345   7.942383533320909e-7
376.   0.00028375483018155853   7.952099786417065e-7
376.25   0.00028412523203745276   7.962880260990226e-7
376.5   0.0002844851245176742   7.973727171502911e-7
376.75   0.0002848349637376132   7.984514379152941e-7
377.   0.0002851752085319746   7.995113730033715e-7
377.25   0.00028550636229329507   8.005179978212859e-7
377.5   0.0002858288308683452   8.014880972116833e-7
377.75   0.000286143064090739   8.024170254731669e-7
378.   0.0002864495142024109   8.033000657009275e-7
378.25   0.00028675058455900033   8.040821631666306e-7
378.5   0.000287044014511987   8.048285642879717e-7
378.75   0.00028732947068954405   8.055547937471216e-7
379.   0.0002876066117174249   8.062765759870879e-7
379.25   0.00028787508834907273   8.070098323970092e-7
379.5   0.00028813454359264253   8.077706785544886e-7
379.75   0.0002883846128350159   8.085754215232292e-7
380.   0.00028862492396292664   8.094405572044152e-7
