310.	0.00014788673579701857	6.127424112258373e-8
310.25	0.00014775684111464785	6.121591253848145e-8
310.5	0.0001476303330980015	6.11157025898449e-8
310.75	0.00014750764912517138	6.103309852291804e-8
311.	0.0001473891866952666	6.095858518711102e-8
311.25	0.0001472751154392383	6.086018710464225e-8
311.5	0.000147165599306247	6.078541972452727e-8
311.75	0.00014705960391593872	6.069930165394033e-8
312.	0.00014695785997639584	6.068156087241469e-8
312.25	0.00014686102471023606	6.060515232366681e-8
312.5	0.00014676858726441557	6.054334675382582e-8
312.75	0.000146680356004303	6.046764348189537e-8
313.	0.00014659679397216056	6.040643303438634e-8
313.25	0.0001465190953818486	6.057269040267397e-8
313.5	0.00014644462874759416	6.043240714622813e-8
313.75	0.0001463752825537694	6.044792609466961e-8
314.	0.00014631021963889537	6.039675978274031e-8
314.25	0.00014625031099498639	6.030717587240715e-8
314.5	0.0001461958567380659	6.026941797201827e-8
314.75	0.00014614526031830901	6.014161144028696e-8
315.	0.0001461000310628205	6.013807867113504e-8
315.25	0.0001460594605810017	6.011421643186084e-8
315.5	0.00014602506989208549	6.009008645124506e-8
315.75	0.00014599541664631524	6.005228575818503e-8
316.	0.00014597128802173656	5.998251865088532e-8
316.25	0.00014595235687210048	5.99207721679523e-8
316.5	0.00014593891454042814	5.986982164659818e-8
316.75	0.0001459303388937019	5.986773928224739e-8
317.	0.0001459276291229326	5.973779530083153e-8
317.25	0.00014593080748224237	5.973348677359719e-8
317.5	0.00014593980285372332	5.968018069961909e-8
317.75	0.0001459548116414524	5.966990992924983e-8
318.	0.00014597542884639924	5.967840814609547e-8
318.25	0.00014600136297389553	5.958184326566009e-8
318.5	0.00014603607879209562	5.974513695139392e-8
318.75	0.00014607646021024207	5.976695305723355e-8
319.	0.0001461219384540661	5.974425880145456e-8
319.25	0.00014617454934394327	5.977556369748823e-8
319.5	0.00014623356508516706	5.977856961293825e-8
319.75	0.00014629945480873033	5.978500370174668e-8
320.	0.00014637244756995037	5.974769948642501e-8
320.25	0.00014645232033049475	5.975274379726375e-8
320.5	0.00014653997228851495	5.962642731960822e-8
320.75	0.00014663419241955463	5.955765633693185e-8
321.	0.00014673607708961964	5.9588909293573254e-8
321.25	0.00014684549737304338	5.964387292745614e-8
321.5	0.00014696274729787903	5.970011672611465e-8
321.75	0.00014708811860124013	5.973276692479096e-8
322.	0.00014722166113707608	5.976519037560212e-8
322.25	0.00014736388049085784	5.980339412546512e-8
322.5	0.00014751462625592793	5.984434054158048e-8
322.75	0.00014767415855808342	5.98957080843822e-8
323.	0.00014784212162149328	5.994746309589547e-8
323.25	0.00014801982939075426	5.998218807005606e-8
323.5	0.00014820698702115218	6.004473448117513e-8
323.75	0.00014840371428983143	6.008907479851352e-8
324.	0.00014861030726694382	6.016642410374314e-8
324.25	0.00014882782957307801	6.02082798125233e-8
324.5	0.00014905519649158647	6.027904342931497e-8
324.75	0.00014929309155380365	6.033684364174847e-8
325.	0.00014954218666562253	6.042396965959188e-8
325.25	0.0001498022757213245	6.049647127407551e-8
325.5	0.00015007383442281914	6.054766690290061e-8
325.75	0.0001503574423122644	6.076166853655658e-8
326.	0.00015065330580800386	6.087137669573845e-8
326.25	0.0001509614657474633	6.098540442529148e-8
326.5	0.00015128162875991275	6.090233956071847e-8
326.75	0.00015161647873259424	6.101914082068316e-8
327.	0.00015196519344068258	6.113278131765943e-8
327.25	0.00015232761707524808	6.125423902223106e-8
327.5	0.0001527046803520951	6.138666051704093e-8
327.75	0.0001530969343686116	6.152235916341175e-8
328.	0.00015350538624229676	6.171178944339704e-8
328.25	0.00015392930574306384	6.1859859589845e-8
328.5	0.00015437007170428707	6.202491298827074e-8
328.75	0.00015482841347978408	6.217504722258857e-8
329.	0.00015530458930025604	6.231342997219516e-8
329.25	0.00015579888569627212	6.249337294596175e-8
329.5	0.00015631290330860942	6.294848734796035e-8
329.75	0.00015684633005283628	6.313336892017967e-8
330.	0.0001574007206875764	6.333088092649254e-8
330.25	0.00015797651930787176	6.356947221564658e-8
330.5	0.00015857502827399064	6.379049641705801e-8
330.75	0.0001591963224146517	6.403842785782468e-8
331.	0.000159841436325091	6.428974289071547e-8
331.25	0.00016051178422147195	6.455558189251555e-8
331.5	0.00016120814839426376	6.480500547703147e-8
331.75	0.00016193185160462946	6.504695188099609e-8
332.	0.00016268497603920632	6.532314045495479e-8
332.25	0.0001634680798341472	6.561881120198955e-8
332.5	0.00016428223768036657	6.580942177420587e-8
332.75	0.00016512897774818277	6.61202655304851e-8
333.	0.00016600968714871754	6.643061000087331e-8
333.25	0.00016692639958859178	6.674208547594184e-8
333.5	0.0001678817054089457	6.711121185799082e-8
333.75	0.00016887621683838686	6.748911617361554e-8
334.	0.00016991163415173226	6.78435065629331e-8
334.25	0.0001709912979740285	6.821436186397901e-8
334.5	0.0001721170980977411	6.87542026851277e-8
334.75	0.0001732919376367765	6.921282992466808e-8
335.	0.00017451936693852504	6.969753254496554e-8
335.25	0.00017580096069752017	7.021080547037223e-8
335.5	0.00017714076456274246	7.07513799778057e-8
335.75	0.0001785418613010475	7.128480494317964e-8
336.	0.00018000872464133408	7.183664983250949e-8
336.25	0.0001815457869603156	7.242090116652191e-8
336.5	0.00018315743191930082	7.300475561694158e-8
336.75	0.00018484809878226708	7.363141937985656e-8
337.	0.0001866246756345354	7.429681303217255e-8
337.25	0.0001884927636073634	7.49722706405655e-8
337.5	0.0001904587217342881	7.571201083043215e-8
337.75	0.0001925298629433393	7.650938517078447e-8
338.	0.00019471543368129583	7.740725638227404e-8
338.25	0.00019702471352754818	7.823731307344101e-8
338.5	0.00019946820102253635	7.911345282042151e-8
338.75	0.00020205777774987127	8.011209830703532e-8
339.	0.00020480708298509058	8.116031706541956e-8
339.25	0.00020773005317350373	8.229008278620069e-8
339.5	0.0002108441022213626	8.349170734213733e-8
339.75	0.0002141685239297725	8.458319949807846e-8
340.	0.0002177265880463942	8.609965412092662e-8
340.25	0.0002215440028527272	8.758227251160606e-8
340.5	0.0002256507472894992	8.918401631655825e-8
340.75	0.0002300808173337674	9.091687492786153e-8
341.	0.00023487518227298095	9.273762369049935e-8
341.25	0.00024008258475989773	9.474904454825957e-8
341.5	0.00024575988778812027	9.704518042097879e-8
341.75	0.0002519758144589828	9.945357770590179e-8
342.	0.00025881287013648053	1.021206875597466e-7
342.25	0.0002663731873583248	1.0500049029339812e-7
342.5	0.0002747779299757487	1.082623818483706e-7
342.75	0.00028418210702180094	1.1188952721416768e-7
343.	0.000294774938668532	1.16207730522502e-7
343.25	0.00030679267123166954	1.2092660452085644e-7
343.5	0.00032053174000488813	1.2635777845970367e-7
343.75	0.00033636260821415123	1.3247771535883058e-7
344.	0.0003547340814910286	1.3964079374680604e-7
344.25	0.00037617315982834993	1.4802878229588593e-7
344.5	0.0004012510809925345	1.5789160594298004e-7
344.75	0.00043049213067118897	1.6947040987507672e-7
345.	0.00046422571313836576	1.826715609073455e-7
345.25	0.0005024038429931938	1.9762482418764328e-7
345.5	0.0005445257698485872	2.1372085509409902e-7
345.75	0.0005897037304775818	2.3138596144281212e-7
346.	0.0006368931255919605	2.4971208473258045e-7
346.25	0.0006851012813619105	2.6847623390325923e-7
346.5	0.0007335181015391668	2.872792518669412e-7
346.75	0.0007815440704914616	3.058978182318987e-7
347.	0.0008287656692648794	3.2422473898896556e-7
347.25	0.0008749251852108371	3.421324298437415e-7
347.5	0.000919867940798214	3.59519316749549e-7
347.75	0.0009635129110377764	3.7646759708396256e-7
348.	0.0010058306159924158	3.9258282325911125e-7
348.25	0.001046824822771286	4.0840264067968213e-7
348.5	0.0010865132465392444	4.2396293269822264e-7
348.75	0.0011249295527813018	4.3884702933013597e-7
349.	0.001162120157951306	4.532416730529761e-7
349.25	0.0011981306651474455	4.671708613545351e-7
349.5	0.0012330069850169491	4.805094441732978e-7
349.75	0.0012667999241896403	4.935998998836036e-7
350.	0.0012995520249914115	5.063204936262567e-7
350.25	0.00133130802656178	5.185930972609293e-7
350.5	0.0013621109021368855	5.306109322287386e-7
350.75	0.001391999618950351	5.421627953361348e-7
351.	0.0014210180937155674	5.532764579018205e-7
351.25	0.0014492031034086894	5.63896962430213e-7
351.5	0.0014765886979829018	5.742100430860547e-7
351.75	0.001503199832815102	5.841798834431729e-7
352.	0.0015290737987741707	5.938053832625178e-7
352.25	0.0015542404956336508	6.029707077743316e-7
352.5	0.0015787233403586757	6.121428197980081e-7
352.75	0.0016025490463829563	6.210776545410861e-7
353.	0.0016257402404455095	6.298981064226879e-7
353.25	0.0016483290853512018	6.385680524503227e-7
353.5	0.0016703285351593984	6.471361389313391e-7
353.75	0.0016917639496734525	6.549094498536542e-7
354.	0.0017126510761950073	6.629404704995317e-7
354.25	0.0017330085381576834	6.709028313484323e-7
354.5	0.0017528555367687013	6.786837568693403e-7
354.75	0.001772220398779691	6.867577961502739e-7
355.	0.0017910912061967893	6.937838736832111e-7
355.25	0.001809495123175919	7.00677205798212e-7
355.5	0.0018274494241865284	7.07399792305996e-7
355.75	0.001844970508234826	7.139039030917669e-7
356.	0.001862065323373164	7.201142238280271e-7
356.25	0.0018787510016910335	7.262743579443533e-7
356.5	0.0018950424275878523	7.315782376124763e-7
356.75	0.0019109373346967282	7.374210398078048e-7
357.	0.0019264649301115103	7.439870269473672e-7
357.25	0.001941614670686856	7.493040571523871e-7
357.5	0.001956395862830693	7.578799794650706e-7
357.75	0.0019708194596663627	7.626297643503086e-7
358.	0.0019849294048744207	7.674159732755055e-7
358.25	0.001998712155089703	7.725594339076991e-7
358.5	0.002012177720266329	7.776387792399466e-7
358.75	0.0020253258815563094	7.825754746193129e-7
359.	0.0020381712584514934	7.871866082692894e-7
359.25	0.0020506984639067838	7.921129118848464e-7
359.5	0.0020629571881708997	7.96752931113357e-7
359.75	0.002074931752201238	8.02468860932054e-7
360.	0.002086626848716959	8.063951575427766e-7
360.25	0.0020980458008159554	8.100700225462959e-7
360.5	0.0021092009183722735	8.139065529493101e-7
360.75	0.0021200912969520803	8.179058477727357e-7
361.	0.002130739224865649	8.211910557815849e-7
361.25	0.002141130717473606	8.250979050255295e-7
361.5	0.0021512900957255513	8.283327008019287e-7
361.75	0.0021612196062160013	8.31881360783871e-7
362.	0.0021709145073876704	8.353808076661292e-7
362.25	0.0021803792377544013	8.385176739095514e-7
362.5	0.0021896218729766156	8.416607185696968e-7
362.75	0.0021986514045903524	8.446406911185982e-7
363.	0.0022074643851283126	8.478771807056433e-7
363.25	0.0022160676940229285	8.506984344803205e-7
363.5	0.002224471575778852	8.534743640637759e-7
363.75	0.002232669023900644	8.589420024461896e-7
364.	0.0022406734377886394	8.615902382339093e-7
364.25	0.0022484901655898714	8.630094067988556e-7
364.5	0.0022561257589400565	8.657560790564193e-7
364.75	0.002263563077139539	8.68977398426654e-7
365.	0.0022708267880799755	8.712698078467713e-7
365.25	0.0022779119159457148	8.73709730924465e-7
365.5	0.002284821931641919	8.756740722289307e-7
365.75	0.002291563070294809	8.779606550323393e-7
366.	0.002298136730189446	8.807503818479402e-7
366.25	0.00230454856459502	8.829891961537373e-7
366.5	0.0023107997767304036	8.851372464896472e-7
366.75	0.002316896115380369	8.880990754470191e-7
367.	0.0023228458837540535	8.889985913244219e-7
367.25	0.002328657047758377	8.911255197698442e-7
367.5	0.002334295400298248	8.903510808482627e-7
367.75	0.002339777846544907	8.924462163482079e-7
368.	0.0023451246880067207	8.945025607246966e-7
368.25	0.002350324178308957	8.964995620996098e-7
368.5	0.0023553843852911313	8.985531255704967e-7
368.75	0.0023603123850435056	9.006018334623275e-7
369.	0.0023651011663403513	9.027160242166215e-7
369.25	0.0023697586107608807	9.04928428582176e-7
369.5	0.00237428875381413	9.088744313323185e-7
369.75	0.0023786803345166876	9.12483917756e-7
370.	0.002382953089027995	9.145017678029022e-7
370.25	0.0023871051210466983	9.162071040457696e-7
370.5	0.002391134888687131	9.169127423019387e-7
370.75	0.0023950486553451175	9.179737656776222e-7
371.	0.0023988408810239983	9.203162624219179e-7
371.25	0.002402515833790196	9.215057656065164e-7
371.5	0.002406085001116544	9.222072157084084e-7
371.75	0.0024095419725926118	9.228853794165531e-7
372.	0.0024128892574542655	9.235380009745524e-7
372.25	0.0024161402581489673	9.250481119339848e-7
372.5	0.002419275800955189	9.255255122917282e-7
372.75	0.002422303572779337	9.261195672351907e-7
373.	0.0024252266649935988	9.268129835401398e-7
373.25	0.0024280488675707543	9.271748641783035e-7
373.5	0.002430779774652573	9.203926590775005e-7
373.75	0.00243340789245866	9.206955432348697e-7
374.	0.002435945056901925	9.213176005724098e-7
374.25	0.0024383837521340223	9.262331785650576e-7
374.5	0.0024407282660577215	9.266166715470513e-7
374.75	0.002442978271890407	9.254835110947594e-7
375.	0.002445139286267244	9.26296129532913e-7
375.25	0.002447209865818051	9.271043460192815e-7
375.5	0.0024492079654826787	9.280061264167603e-7
375.75	0.0024511099945712382	9.288615548914894e-7
376.	0.0024529250245975756	9.288225541639036e-7
376.25	0.0024546769278106133	9.316236132634001e-7
376.5	0.0024563307346130154	9.329074099781772e-7
376.75	0.0024579122813035053	9.359022532926969e-7
377.	0.0024594074853044176	9.364977932596099e-7
377.25	0.0024608180166106122	9.381399428233311e-7
377.5	0.0024621452047062344	9.345940339065631e-7
377.75	0.0024634033186050116	9.346501021636313e-7
378.	0.0024645921525065988	9.346992307455544e-7
378.25	0.0024656995982410847	9.34313313054052e-7
378.5	0.00246673713698944	9.362154256964199e-7
378.75	0.0024677016246646725	9.356802585882341e-7
379.	0.002468598133948657	9.316704289695428e-7
379.25	0.0024694272287288555	9.312960233925908e-7
379.5	0.0024701833048804134	9.31044354620625e-7
379.75	0.002470876378336308	9.306744022046165e-7
380.	0.002471500185125344	9.296832659050403e-7