310.	82.3624111610436	0.08384497098928413
311.	81.20613444220328	0.08295223754006993
312.	80.06920416714931	0.081986440183457
313.	78.95048232402058	0.08104599776090628
314.	77.8511899172735	0.08014920078812482
315.	76.76780169547897	0.07924118681856256
316.	75.70327680671657	0.07835914397389306
317.	74.65865893920244	0.07760890560487424
318.	73.6273351029014	0.07675221230924066
319.	72.61057264066565	0.07584813068658659
320.	71.61211383728342	0.07504173211599918
321.	70.63008467663984	0.07429162762605133
322.	69.66470311474147	0.07347499323860962
323.	68.71545441511698	0.07264867709341809
324.	67.78005038246131	0.07186042328352617
325.	66.86046087002623	0.07108147181948518
326.	65.95812391365978	0.0702644815131206
327.	65.06688462494094	0.0695619951318452
328.	64.19272342957896	0.06880053363921855
329.	63.33164913079258	0.06807024730908057
330.	62.48200047688234	0.0673560522067475
331.	61.646506276769394	0.0666650860721886
332.	60.822957460290624	0.06589885318970154
333.	60.0120605572515	0.06520072467843958
334.	59.21410751994651	0.0645094291683949
335.	58.428219117358466	0.0638708359264772
336.	57.65566408002026	0.06317471604455746
337.	56.89393694673798	0.06250012228991592
338.	56.14424104305302	0.06181087147197984
339.	55.40738989821713	0.06128043756332702
340.	54.68097671121188	0.060631940338354895
341.	53.96583534069117	0.06002279200264972
342.	53.2625532884755	0.05937575667560917
343.	52.56944939115231	0.058727733756930106
344.	51.88744999997517	0.058156869345468015
345.	51.215107769136495	0.05757261243484346
346.	50.55252979620562	0.0569593806884104
347.	49.89780075781466	0.05629417741802787
348.	49.25655364555397	0.055697156595775586
349.	48.62439733267832	0.05511133054995334
350.	48.002877804375224	0.05453911796097885
351.	47.3896713650981	0.053973559951520166
352.	46.78499473720727	0.05342367490328408
353.	46.18938898328889	0.0529032943185953
354.	45.602643293195484	0.05234592859326742
355.	45.0236956939495	0.05182496246900138
356.	44.45457524554926	0.051309159027380626
357.	43.89291451548933	0.05078319196953184
358.	43.34028847045564	0.05026956055393746
359.	42.79416439911013	0.049717653808673046
360.	42.256624889936155	0.04920386674849544
361.	41.726990691143634	0.04873156953414698
362.	41.20604650810174	0.04825460528187466
363.	40.692693572135234	0.047778872998089354
364.	40.186542774033384	0.04729480541102589
365.	39.68779214258929	0.04682334081328063
366.	39.19613364434271	0.04636339178996442
367.	38.71111413777939	0.04591618646306074
368.	38.23473991990987	0.04544696802470458
369.	37.76412548161664	0.044984406908436324
370.	37.30064764209252	0.04453497915627557
371.	36.8436354765008	0.04409631393165918
372.	36.39300626889743	0.04370392019069818
373.	35.94913726789123	0.04328175482750499
374.	35.511418175018626	0.04285613657114079
375.	35.07974475250502	0.04241704748997672
376.	34.65449711042358	0.04199706702255644
377.	34.23536179661989	0.041604344008516016
378.	33.82123922452338	0.041167921648105524
379.	33.412842726250574	0.04077092266049249
380.	33.012473962391	0.0403801360679251