310.	0.00007604421639678972	1.7909380766350758e-7
310.25	0.00007610250096616524	1.7937501978612918e-7
310.5	0.0000761663565518956	1.79693736607363e-7
310.75	0.00007623410009845	1.800073255157519e-7
311.	0.00007630721374120907	1.8031168208265042e-7
311.25	0.00007637278859064413	1.8066458034730884e-7
311.5	0.00007645367010675621	1.8113800376516616e-7
311.75	0.00007653857172717005	1.8147388299869356e-7
312.	0.00007662893675581726	1.8179329006680682e-7
312.25	0.00007672329524735807	1.8216821511770789e-7
312.5	0.00007682316838416762	1.8256002778354815e-7
312.75	0.00007692776559760619	1.8302376529005728e-7
313.	0.0000770419076356692	1.8358072967093194e-7
313.25	0.00007715524691189625	1.8388182726999851e-7
313.5	0.0000772751795309363	1.8436708454051791e-7
313.75	0.00007740047946919591	1.8484279667916257e-7
314.	0.000077531586049883	1.8520265808143028e-7
314.25	0.00007766799434241875	1.8566395357966753e-7
314.5	0.00007780974204902128	1.8617694703517096e-7
314.75	0.00007795730892493873	1.8668775214152646e-7
315.	0.00007811062872002885	1.8722321872048623e-7
315.25	0.00007827006130350132	1.8775924082076225e-7
315.5	0.00007843650433808814	1.8827642327316822e-7
315.75	0.00007860915446611723	1.8885133128991093e-7
316.	0.00007878862093479995	1.8944799732925307e-7
316.25	0.00007897535522088418	1.9005769952629255e-7
316.5	0.0000791690712035051	1.906729129898369e-7
316.75	0.00007936929662614496	1.9130338412779646e-7
317.	0.00007957666796100229	1.9195536721886438e-7
317.25	0.00007979209050167471	1.9261891241542827e-7
317.5	0.00008001593351345683	1.9328948777702392e-7
317.75	0.0000802472672639198	1.939949640369324e-7
318.	0.00008048680959115154	1.947459228477015e-7
318.25	0.00008073111792809026	1.9579463733322702e-7
318.5	0.00008099278117548324	1.9640651842933656e-7
318.75	0.00008125856866752893	1.9730050345937934e-7
319.	0.00008153437639348419	1.9815282339484487e-7
319.25	0.00008181916211751268	1.99030292758849e-7
319.5	0.00008211446766434637	1.999234412820641e-7
319.75	0.0000824193314911534	2.008525097133319e-7
320.	0.00008273473121557597	2.0181069995878494e-7
320.25	0.0000830613688000238	2.0278534576241685e-7
320.5	0.00008339886448529076	2.037721426466981e-7
320.75	0.000083748185433742	2.0481246031067937e-7
321.	0.00008410982710723457	2.0587578327302415e-7
321.25	0.00008448398625953821	2.0696865031729156e-7
321.5	0.0000848708467074192	2.0809517508818686e-7
321.75	0.00008527137963937548	2.0919724530669685e-7
322.	0.00008568520230026269	2.103934744170126e-7
322.25	0.00008611376170561073	2.1162564749830068e-7
322.5	0.00008655737443829613	2.1290513117587844e-7
322.75	0.00008701616296212384	2.1424831223216553e-7
323.	0.00008748874971242547	2.155957438078897e-7
323.25	0.0000879807414517901	2.1699669763494782e-7
323.5	0.00008848978399639856	2.1844433460345434e-7
323.75	0.00008901617299325243	2.1997090231657107e-7
324.	0.00008956195908465857	2.2151261330136104e-7
324.25	0.00009012811057731488	2.2310000843318716e-7
324.5	0.00009071570738709068	2.247519012229901e-7
324.75	0.00009132409251368669	2.2644641483142118e-7
325.	0.00009195413881074959	2.282043606984219e-7
325.25	0.00009260849555176819	2.299598072014371e-7
325.5	0.00009328649332929898	2.3181718372935984e-7
325.75	0.00009399048832111306	2.337421954089278e-7
326.	0.00009472087435212095	2.357517630413355e-7
326.25	0.00009547986742721392	2.3782431267204925e-7
326.5	0.0000962684438890989	2.399626861100288e-7
326.75	0.00009708814135915275	2.421868218431621e-7
327.	0.00009794258659464068	2.4468680846363584e-7
327.25	0.00009882904997828835	2.470873073392179e-7
327.5	0.00009975156972959373	2.495994224451538e-7
327.75	0.00010071301656778439	2.5221207737123985e-7
328.	0.00010171535699663889	2.549238735061699e-7
328.25	0.00010276086926727585	2.5774372186405225e-7
328.5	0.00010385142685797962	2.606978292596338e-7
328.75	0.00010499172449773225	2.636866366073111e-7
329.	0.00010618047510759764	2.6691396306437956e-7
329.25	0.00010742653003866203	2.703207023506375e-7
329.5	0.0001087248092719378	2.740057005233952e-7
329.75	0.00011009034625380126	2.7766527345516007e-7
330.	0.00011152262545909537	2.8151963028939784e-7
330.25	0.00011302748491028132	2.855460341192198e-7
330.5	0.00011460744521722642	2.897775616762505e-7
330.75	0.00011626994621188904	2.942311268633951e-7
331.	0.00011802215093799427	2.9893134113181525e-7
331.25	0.00011987130531265065	3.0389389032962005e-7
331.5	0.00012182592165483934	3.0914129020916875e-7
331.75	0.00012389529888443782	3.146981085619269e-7
332.	0.00012609121842207984	3.20509078052894e-7
332.25	0.00012842614367162536	3.2672770125207874e-7
332.5	0.00013091472242503883	3.333424917505445e-7
332.75	0.00013357423327079766	3.403894219705382e-7
333.	0.0001364252993229564	3.478816940401873e-7
333.25	0.00013949248076160998	3.56002409260366e-7
333.5	0.0001428063809757805	3.647548371566408e-7
333.75	0.00014640164645328283	3.7425379764513324e-7
334.	0.00015032449253648248	3.845844778947255e-7
334.25	0.00015462997866723	3.959344300266454e-7
334.5	0.0001593886057789427	4.084881157497048e-7
334.75	0.00016469276776732438	4.2246703486618085e-7
335.	0.00017064947897621168	4.381158600085713e-7
335.25	0.00017740598923506024	4.5579643901429436e-7
335.5	0.0001851511845336421	4.7598957891193533e-7
335.75	0.00019410407583509454	4.994165945934641e-7
336.	0.00020453084336846875	5.266412322932967e-7
336.25	0.0002166890858792348	5.58315518719816e-7
336.5	0.00023071333797402088	5.948768333863325e-7
336.75	0.0002463143290322931	6.356236054139594e-7
337.	0.00026214229767754276	6.770608045632374e-7
337.25	0.00027456061268114293	7.097149898808689e-7
337.5	0.00027605488817393693	7.141509199889437e-7
337.75	0.0002549360933336229	6.600370834216375e-7
338.	0.0002012659689659401	5.218818188873857e-7
338.25	0.00012349440514402532	3.2050763228644107e-7
338.5	0.00006318578643741783	1.6409570946569053e-7
338.75	0.00007445317520100801	1.9352979297652202e-7
339.	0.00016856268949837897	4.3858721892494773e-7
339.25	0.0002971764013441381	7.738767743481982e-7
339.5	0.00040497872244181304	1.0554518804230966e-6
339.75	0.00047464707708980565	1.2380256877484114e-6
340.	0.0005193645893496259	1.3553336539386804e-6
340.25	0.0005576682927120099	1.4565115610546597e-6
340.5	0.0006015359182867167	1.572422105060002e-6
340.75	0.0006571814210667701	1.7195995683444999e-6
341.	0.0007286960393555306	1.9085494617758853e-6
341.25	0.0008199569446699354	2.152434366875056e-6
341.5	0.0009351786676544122	2.4569044349945983e-6
341.75	0.0010787247022235494	2.8377300469593647e-6
342.	0.0012537094420074924	3.299121443690391e-6
342.25	0.001458712182051457	3.845878778078057e-6
342.5	0.0016809339302111504	4.435385052759052e-6
342.75	0.001887983377548014	4.9859550428008734e-6
343.	0.002024961194879566	5.352052134550941e-6
343.25	0.002036168344206302	5.3866697360066635e-6
343.5	0.0019143156354941798	5.068451754109975e-6
343.75	0.001725832869965878	4.572868635602558e-6
344.	0.0015604093238677469	4.137608713349484e-6
344.25	0.0014622593113168502	3.880171313667218e-6
344.5	0.001422297300748978	3.7771038483959678e-6
344.75	0.001412968029384653	3.754850182110647e-6
345.	0.0014139194383484969	3.7599365742575676e-6
345.25	0.001416478130561533	3.7696219082912728e-6
345.5	0.0014184767865822651	3.7776537065093716e-6
345.75	0.0014197634761103721	3.7844884783447795e-6
346.	0.0014206214964275516	3.789377706546311e-6
346.25	0.0014211660711884906	3.7939828382509075e-6
346.5	0.0014215757096584308	3.7982872213704704e-6
346.75	0.0014219120150957174	3.8025886780638735e-6
347.	0.0014223023364039894	3.800106722574849e-6
347.25	0.0014225821931396299	3.8039509545785515e-6
347.5	0.001422840148415738	3.8072717994155466e-6
347.75	0.0014230888289943448	3.8111152892950166e-6
348.	0.0014233248934453614	3.814817950808326e-6
348.25	0.0014235457136444534	3.818694890583483e-6
348.5	0.0014237298348491773	3.8224509239871375e-6
348.75	0.001423893382689806	3.826088189980018e-6
349.	0.0014240654240746475	3.831097982183862e-6
349.25	0.0014241647091455414	3.834708057838823e-6
349.5	0.0014242255039715864	3.838247600613947e-6
349.75	0.001424253260300658	3.841439519751346e-6
350.	0.0014242299677427156	3.84487731687856e-6
350.25	0.001424192499475926	3.847997454842066e-6
350.5	0.0014241052754233143	3.851232710212775e-6
350.75	0.0014239781624610446	3.854411388066738e-6
351.	0.0014238007635851762	3.857517198618085e-6
351.25	0.0014235785155773998	3.860341286291336e-6
351.5	0.0014233058338142565	3.862543207517977e-6
351.75	0.0014229989556913726	3.865259930392662e-6
352.	0.0014226437107128567	3.8677876077030815e-6
352.25	0.0014222092294711986	3.870673860401937e-6
352.5	0.0014217621830479225	3.872095733398817e-6
352.75	0.001421272250147171	3.87423243221066e-6
353.	0.0014207393152497986	3.876135916100081e-6
353.25	0.001420211348326556	3.887931813642733e-6
353.5	0.0014196341245984458	3.88910991919913e-6
353.75	0.0014189631800355655	3.8902357879618186e-6
354.	0.0014182289494299475	3.891273534905741e-6
354.25	0.0014174715098644428	3.892137736166527e-6
354.5	0.0014166714103794776	3.893584808157263e-6
354.75	0.001415827785699283	3.892714628363007e-6
355.	0.0014149552046169942	3.894143162783479e-6
355.25	0.0014140341584296437	3.894513364205248e-6
355.5	0.0014130686691861667	3.894801453552647e-6
355.75	0.0014119515753503091	3.891166624761458e-6
356.	0.001410902293729153	3.891880089974257e-6
356.25	0.001409698095655297	3.891602822710094e-6
356.5	0.0014085708921082014	3.8916377473929114e-6
356.75	0.0014074140716406438	3.891701095392998e-6
357.	0.0014062195780886516	3.8915390251446245e-6
357.25	0.0014050160301245793	3.890949617898489e-6
357.5	0.0014037542135971123	3.890655503220684e-6
357.75	0.0014024477600276652	3.889531954204567e-6
358.	0.001401114067714908	3.889224650479708e-6
358.25	0.0013997349947862932	3.888565006510568e-6
358.5	0.0013983848369415854	3.889293311102874e-6
358.75	0.0013969312279793577	3.8875133904389275e-6
359.	0.0013954666910117478	3.8867792318559255e-6
359.25	0.0013939426815729767	3.8861008705787e-6
359.5	0.001392411666173901	3.885093169561306e-6
359.75	0.0013908585822722049	3.884389052376144e-6
360.	0.0013892444754525068	3.88357015379041e-6
360.25	0.0013876341831391182	3.882599846916052e-6
360.5	0.0013859916925829982	3.881515931632161e-6
360.75	0.001384304157871537	3.880250346066643e-6
361.	0.0013826180742876025	3.8788290197195345e-6
361.25	0.001380896428515274	3.877420315363539e-6
361.5	0.0013791552579958454	3.8759485660552865e-6
361.75	0.001377386952062387	3.874491471583692e-6
362.	0.001375597187960917	3.872907764494308e-6
362.25	0.0013737739815898537	3.8716264170086795e-6
362.5	0.0013719468943432889	3.870697134406676e-6
362.75	0.0013700834167354368	3.869134640996758e-6
363.	0.0013681950175244996	3.867414147503036e-6
363.25	0.0013663043724653492	3.866129198319748e-6
363.5	0.0013643728232356719	3.864514189914737e-6
363.75	0.0013624211062806515	3.8623810360129536e-6
364.	0.0013604434369316194	3.860385053657222e-6
364.25	0.0013584225729305955	3.857568253099501e-6
364.5	0.0013562103318091575	3.855413101570658e-6
364.75	0.0013541757833853314	3.85305827698425e-6
365.	0.0013521274657355776	3.850374000198853e-6
365.25	0.0013500688045971086	3.847702198472708e-6
365.5	0.0013479864999254986	3.84512158317401e-6
365.75	0.0013458846825770705	3.842718304723895e-6
366.	0.0013437282713661498	3.846768702537135e-6
366.25	0.0013415719795003085	3.8446647303536654e-6
366.5	0.0013395270661327495	3.839900983160509e-6
366.75	0.001337274588254094	3.831089104676389e-6
367.	0.001335204936446511	3.828676395535256e-6
367.25	0.0013329954372291932	3.825816701853432e-6
367.5	0.0013307446085707025	3.823837829463542e-6
367.75	0.0013285099915234665	3.820668998563704e-6
368.	0.0013262728647690128	3.816852837309925e-6
368.25	0.0013240141233328646	3.8140074060296116e-6
368.5	0.00132173399911367	3.8107035303839428e-6
368.75	0.001319440484802108	3.807406764986101e-6
369.	0.001317124239585547	3.803076031446053e-6
369.25	0.0013148068839723061	3.799659326142203e-6
369.5	0.0013124794565114275	3.796211541219079e-6
369.75	0.0013101394363200874	3.7925591174198515e-6
370.	0.0013077866025708296	3.788506128226661e-6
370.25	0.0013054187014704358	3.7849884515805813e-6
370.5	0.0013030389343916418	3.7813771112435813e-6
370.75	0.0013005631339962794	3.780045761220621e-6
371.	0.001298170830638879	3.776333674443551e-6
371.25	0.0012957688265567734	3.7725050106937467e-6
371.5	0.0012933431214401444	3.7685931227947706e-6
371.75	0.0012909148838341716	3.764964947584086e-6
372.	0.0012884743992919688	3.7611154067295716e-6
372.25	0.0012860272348171034	3.7575169123921576e-6
372.5	0.0012835994601492306	3.750310064085566e-6
372.75	0.0012811381949287485	3.7464666489984026e-6
373.	0.0012786903078538115	3.7428433377004564e-6
373.25	0.0012762139628209772	3.739584802021345e-6
373.5	0.0012737194020216239	3.7356361836458126e-6
373.75	0.0012712157847010283	3.731510462051494e-6
374.	0.0012687028673567995	3.7274842040687763e-6
374.25	0.0012661963205996094	3.7233153744501646e-6
374.5	0.0012636946470965282	3.7190869627247417e-6
374.75	0.0012611498751871721	3.7206467424558426e-6
375.	0.0012586219322273538	3.7172083826099458e-6
375.25	0.0012560779477335875	3.7128384693845266e-6
375.5	0.0012535319151595055	3.708136079044584e-6
375.75	0.0012509683996086566	3.7038385757596618e-6
376.	0.00124838513076	3.69912339581976e-6
376.25	0.0012458216297538214	3.6942728286094585e-6
376.5	0.0012432412571242405	3.6897569708745787e-6
376.75	0.001240659712396798	3.6852929356046515e-6
377.	0.0012380723762067994	3.6806093042651593e-6
377.25	0.0012356092661637498	3.675693279907747e-6
377.5	0.0012329910301882383	3.6702728754561596e-6
377.75	0.0012303876096581164	3.6656727816931086e-6
378.	0.001227776685949371	3.661031846836148e-6
378.25	0.0012251960737240239	3.6564543506355905e-6
378.5	0.0012225775624332231	3.6517949835205835e-6
378.75	0.0012199248069769564	3.6471513463761973e-6
379.	0.0012172994868155371	3.642497843754574e-6
379.25	0.0012146876581608467	3.637592519001685e-6
379.5	0.0012120531487871508	3.6328474070469945e-6
379.75	0.0012094180371200463	3.6278427047198824e-6
380.	0.0012068469896095008	3.6239336643019116e-6