310.	0.00018267832261307813	1.8596661321529175e-7
311.	0.00018202632815847376	1.8594027798103322e-7
312.	0.0001814579294679582	1.8580289182195303e-7
313.	0.00018097488349879857	1.8577834575636783e-7
314.	0.0001805847940105413	1.8591529467710328e-7
315.	0.0001802848206486401	1.8609342508255345e-7
316.	0.0001800877766623458	1.8640572264067497e-7
317.	0.0001800029597683645	1.8711604135077186e-7
318.	0.00018002196062000375	1.8766241807504737e-7
319.	0.00018015599724660941	1.8818878747528762e-7
320.	0.0001804238359616802	1.8906462105477485e-7
321.	0.00018083181432805231	1.9020633876496208e-7
322.	0.00018139304381118538	1.9131428214954108e-7
323.	0.000182120677612605	1.9254513286027163e-7
324.	0.00018302532339904094	1.9404348531529888e-7
325.	0.00018413166274136038	1.9575619769759187e-7
326.	0.0001854667597917376	1.975757486938783e-7
327.	0.00018704050547637064	1.9996209756165152e-7
328.	0.00018890224089848927	2.0246181007911042e-7
329.	0.00019107962577593859	2.053765780744628e-7
330.	0.00019361499464885847	2.0871837630107134e-7
331.	0.00019657527452519706	2.1257826902714014e-7
332.	0.0002000269501438443	2.1671992240954017e-7
333.	0.00020406544577807165	2.2170901687113238e-7
334.	0.00020881243049967872	2.274858350311513e-7
335.	0.0002144240862140557	2.3439779332918207e-7
336.	0.00022112034227905422	2.422869471378691e-7
337.	0.00022919086832853084	2.5177475961410835e-7
338.	0.0002390701111634545	2.6319942418643947e-7
339.	0.0002514062632793153	2.7805471162273917e-7
340.	0.0002672053958678898	2.96285520024855e-7
341.	0.00028818347804575816	3.20528290762842e-7
342.	0.0003174843784182543	3.5392361119398463e-7
343.	0.0003615142713224035	4.0386410969573465e-7
344.	0.00043495438446294475	4.875087387887062e-7
345.	0.0005690707804204764	6.397114624229246e-7
346.	0.0007805458050810221	8.794694515899136e-7
347.	0.0010154062950056572	1.1455707717434534e-6
348.	0.0012320791475014504	1.3931812142316232e-6
349.	0.0014231912723371594	1.613057825867794e-6
350.	0.0015911630263241892	1.8078213631586361e-6
351.	0.001739494596122279	1.9811641052716307e-6
352.	0.0018713105452958887	2.1368450883990085e-6
353.	0.001989136918116922	2.2782699259606043e-6
354.	0.0020949532658174346	2.4047350359419817e-6
355.	0.002190296673375437	2.521162271201893e-6
356.	0.0022765505640722212	2.6275786975953466e-6
357.	0.0023546545739464853	2.724286518008805e-6
358.	0.002425570732825409	2.8133724793905015e-6
359.	0.0024899001095495784	2.8927306655703077e-6
360.	0.002548392293001187	2.9673632272885624e-6
361.	0.0026015561538410975	3.0382712126614844e-6
362.	0.00264991903847419	3.103204700925519e-6
363.	0.00269383205350796	3.1629329067288252e-6
364.	0.0027336385239014145	3.2171690602740887e-6
365.	0.0027696801189287653	3.2676465268321754e-6
366.	0.0028022300690568602	3.314635360624507e-6
367.	0.0028315202240831103	3.358534453960451e-6
368.	0.002857938762258831	3.397032432207193e-6
369.	0.002881491919661909	3.4324164366136837e-6
370.	0.0029024811905107363	3.4654073720427798e-6
371.	0.002921037897262048	3.496044905940271e-6
372.	0.002937322660954029	3.5273951868707024e-6
373.	0.0029515208536167676	3.5535484760745355e-6
374.	0.0029637263216808103	3.576704804506753e-6
375.	0.002974062544134159	3.596119443363147e-6
376.	0.00298268525120837	3.614654456044923e-6
377.	0.0029896835213156243	3.63319723145696e-6
378.	0.0029950679765285873	3.645659550495564e-6
379.	0.0029990001098419176	3.659431271350975e-6
380.	0.003001783383616591	3.671715776738336e-6