310.	25.64452437115882	0.013455833949941915
311.	25.288466611988135	0.013260641122724305
312.	24.93777677551786	0.013066779195235126
313.	24.593046997833984	0.012874479785669602
314.	24.253913567486737	0.01270432254889105
315.	23.920365025324383	0.012536683573452643
316.	23.592012420594898	0.01235468016706254
317.	23.269023003856912	0.012196761730250248
318.	22.95115075692153	0.012016403020470965
319.	22.638325690306093	0.0118616567509625
320.	22.330915602544685	0.01167679813521132
321.	22.028320277448465	0.011516428896592162
322.	21.73051563768998	0.011359925061642021
323.	21.43748565854478	0.011208142009918695
324.	21.149045235406852	0.011045604785149996
325.	20.86535982107212	0.0108924186725533
326.	20.58592864053343	0.010733738511531562
327.	20.311185949393447	0.01060247200893734
328.	20.040712858582033	0.010463610699099696
329.	19.77413005303688	0.010368703292745444
330.	19.512021389139115	0.010228139878256002
331.	19.254149231477694	0.010030615541965235
332.	18.99995118254454	0.009898958929884266
333.	18.74977021822737	0.009761813194550167
334.	18.50333444715051	0.009650968556121197
335.	18.260893809285914	0.009519428677550085
336.	18.022070419520308	0.00939591032412541
337.	17.78722287607461	0.009282048897918395
338.	17.555853479566533	0.009156722452398002
339.	17.32824796430197	0.009037904628764817
340.	17.10387722187199	0.008922470573434703
341.	16.88305015161352	0.008810653397086454
342.	16.66557008058487	0.008700122966355675
343.	16.45133301039117	0.00858697113887297
344.	16.240446079121167	0.008473362376218164
345.	16.032734735297527	0.008368423700746992
346.	15.828083054313685	0.008270713892014524
347.	15.62645701698306	0.008161892120229504
348.	15.42793828620718	0.00805863388941974
349.	15.232410781267578	0.007954515751990738
350.	15.039604544141907	0.007857911568347907
351.	14.85000786773861	0.00776210031526365
352.	14.662954222721874	0.007659151350076559
353.	14.478872438114731	0.007571625883504106
354.	14.29757109395529	0.007486627742312483
355.	14.118946623689697	0.00740085443205427
356.	13.942914528742099	0.0073202574444100384
357.	13.76931097810243	0.007229089494398142
358.	13.598321500041662	0.007141856273094842
359.	13.429815135083803	0.0070599211955412935
360.	13.263984044067524	0.006974723317576379
361.	13.100504870342492	0.0069008654870037515
362.	12.939360640455584	0.006804234554390363
363.	12.78038567978062	0.006714798846981998
364.	12.623700324598838	0.0066452835970872174
365.	12.469340683518666	0.0065750094510156135
366.	12.317352982063257	0.006481180497576254
367.	12.167609518442525	0.006421650668881654
368.	12.019834257188275	0.006343704330959103
369.	11.874274801089639	0.006283888445550188
370.	11.730866531750392	0.006202026851713026
371.	11.589447052516146	0.006133601678834009
372.	11.450099678671638	0.00606689464397043
373.	11.312574577502133	0.006000633457791961
374.	11.177093781326548	0.005936156261871871
375.	11.043603479154438	0.005876782605355874
376.	10.911830672697077	0.005814151605907703
377.	10.782079954077878	0.005746169771208352
378.	10.654136420529476	0.005681794880421513
379.	10.527892084447114	0.00561351212634094
380.	10.403626069426103	0.0055591260425938175