310.	15.234652651092944	0.02219674119045243
310.25	15.179162359754423	0.022115529770772923
310.5	15.12384283428365	0.022039423843100408
310.75	15.0687316758214	0.02195969490609657
311.	15.013853916770145	0.02188018449929498
311.25	14.959206838641162	0.021801393236848182
311.5	14.904736475036705	0.02172160343776335
311.75	14.85056316237339	0.021643192876982
312.	14.79663263515338	0.021565386059066445
312.25	14.742932935423818	0.021487568368645057
312.5	14.689452666513981	0.021410202886861584
312.75	14.636196230389693	0.021333592279772187
313.	14.58315298174159	0.021256448335683187
313.25	14.530314116067428	0.021179357289018843
313.5	14.477733071637381	0.0211032601035912
313.75	14.425389014676016	0.02102753059838149
314.	14.373269787276204	0.020952075040821024
314.25	14.321369867175651	0.020876945193388907
314.5	14.269688786562316	0.020802105796943336
314.75	14.218258283729485	0.020727358398971794
315.	14.16700049944631	0.020652722882236532
315.25	14.116013646856528	0.020578749373533406
315.5	14.065208101400433	0.02050511223718881
315.75	14.01456552144189	0.020431365314425454
316.	13.96418979726738	0.020358382444147657
316.25	13.914027316873605	0.02028570020549462
316.5	13.864087819029274	0.020214895301160826
316.75	13.814344500829343	0.020142844269512405
317.	13.764784413775772	0.02007026705215911
317.25	13.715355784587269	0.019998865765807363
317.5	13.66623546352651	0.01992731998357147
317.75	13.61733357250391	0.01985638269538567
318.	13.568627908013491	0.019785955875148975
318.25	13.520123861480807	0.01971586322419156
318.5	13.47184075263689	0.01964604627673139
318.75	13.423734822306926	0.01957599092380269
319.	13.37585013569648	0.01950643925127459
319.25	13.32811221492646	0.019437316320159707
319.5	13.280644710799013	0.019368402319510276
319.75	13.233371963802481	0.019299856696382362
320.	13.186285501326205	0.01923158739310325
320.25	13.139372695265871	0.01916320592907474
320.5	13.09268494294718	0.019095688509463103
320.75	13.04618924164738	0.019028295954643722
321.	12.999884133019517	0.018961284966620213
321.25	12.953721203468051	0.0188942052682849
321.5	12.907808863536394	0.018827685648677508
321.75	12.862080360736801	0.018761474379715457
322.	12.816551622154082	0.0186954933737752
322.25	12.7713799822238	0.018628689825456988
322.5	12.726231750760356	0.018563224091064583
322.75	12.681190070600508	0.018496149860035956
323.	12.636416006660513	0.018431246886628925
323.25	12.591827477814004	0.018366482939007327
323.5	12.547432030049825	0.018302211246776823
323.75	12.503213759782353	0.018238146956117557
324.	12.459114186047032	0.018172407254717013
324.25	12.415262796061826	0.01810885628841533
324.5	12.371583222616833	0.018045666506953377
324.75	12.328108751845132	0.017982640292702086
325.	12.28482884098116	0.01792035625475492
325.25	12.241699368110744	0.01785783369240622
325.5	12.198759098586914	0.017795635224162533
325.75	12.155985739692559	0.017733627415282508
326.	12.11317879907895	0.017668267298516286
326.25	12.070741589594268	0.017606771871417487
326.5	12.028508178773249	0.017545038574977415
326.75	11.986466287086548	0.01748383595342969
327.	11.944597930930414	0.01742258243014863
327.25	11.90288145136739	0.017361702992621665
327.5	11.86132132569762	0.017301458379465683
327.75	11.820028512174282	0.01724074834907046
328.	11.77884274825828	0.017180943596893948
328.25	11.737740737370736	0.01712207105033988
328.5	11.696862062150185	0.01706278439419921
328.75	11.656150798701008	0.017003732537888266
329.	11.615636788166121	0.0169449209285747
329.25	11.575229490758524	0.016886230663999437
329.5	11.535015675247205	0.016827908969967175
329.75	11.494998398610251	0.016769800341819262
330.	11.455112952791763	0.01671200650199691
330.25	11.415398358894658	0.016654030168046334
330.5	11.37584258681297	0.016596956510787023
330.75	11.336411849989764	0.016539830940665794
331.	11.297161596695904	0.016483403161365377
331.25	11.258088761329038	0.016427013205364095
331.5	11.219179025319926	0.016370577238797958
331.75	11.180420857135557	0.016314350389733872
332.	11.141822704939797	0.016258322470726297
332.25	11.10338531927838	0.016202819815451075
332.5	11.06507435717118	0.016145879276380334
332.75	11.026971461739064	0.016090631404881046
333.	10.988992201175328	0.0160355405993065
333.25	10.95119951529526	0.01598077507590299
333.5	10.913524886325284	0.015926115081749306
333.75	10.876088451097289	0.015871291309477117
334.	10.838720612041854	0.015816900049497245
334.25	10.801528820873601	0.015763283157874636
334.5	10.764463149927867	0.015709509329342116
334.75	10.727442346910896	0.01565517544683742
335.	10.69069708424124	0.01560225958259693
335.25	10.65407881829589	0.015549137745219105
335.5	10.617608110850101	0.015496237987465073
335.75	10.581310886866165	0.015442403677940577
336.	10.545132535357103	0.015389929561143129
336.25	10.509101657688449	0.01533767813661721
336.5	10.473214485820986	0.015285695507093394
336.75	10.437471150704159	0.015233916922548597
337.	10.40186817359644	0.015182271816060945
337.25	10.366558563191822	0.015128851362592262
337.5	10.331231880662468	0.015077604839417919
337.75	10.296056173366383	0.015026508996051144
338.	10.260979716790068	0.01497513058046983
338.25	10.22609928183194	0.01492460960034628
338.5	10.19134380149193	0.014874128256433252
338.75	10.156751530235466	0.014824145110208022
339.	10.122226226517443	0.014773948820801578
339.25	10.087890823981388	0.014724136846587335
339.5	10.053688376503164	0.01467439557763771
339.75	10.019626316598206	0.014624957384578209
340.	9.985859260593429	0.014575724312636817
340.25	9.952072336125948	0.014526689532905026
340.5	9.918412545193137	0.014477860849286246
340.75	9.88492880346967	0.014428848721215415
341.	9.851534712308748	0.014380375561629993
341.25	9.81824450498764	0.014331725814288643
341.5	9.785128983294767	0.014283754630830151
341.75	9.75216052058564	0.014236365992893744
342.	9.719290837224294	0.014187641007169788
342.25	9.68655419218523	0.01414020805677191
342.5	9.653940950395192	0.01409283717374535
342.75	9.621463357807725	0.01404570264106101
343.	9.58914930486156	0.013998021739721703
343.25	9.556968863596571	0.013950986902782292
343.5	9.52488668699079	0.013904124181848517
343.75	9.492944918182356	0.01385809115448916
344.	9.461100259017726	0.013811825689155727
344.25	9.429475036465488	0.013764816333185893
344.5	9.397885350245659	0.013718961630747926
344.75	9.366425604770134	0.013673407675420208
345.	9.335081742565787	0.01362779053056695
345.25	9.303876145571266	0.013582698648911117
345.5	9.272779145204666	0.013537551344254415
345.75	9.241828807148613	0.013492602372703026
346.	9.2109775060703	0.013447818014745882
346.25	9.180243931627677	0.01340300150177483
346.5	9.149632919872866	0.013358535828306322
346.75	9.119145340591722	0.013314287880399706
347.	9.088787602862011	0.013270604140884719
347.25	9.058539974307928	0.01322673418620887
347.5	9.02840737576878	0.013183137994351214
347.75	8.998443640931836	0.013139576509269115
348.	8.968541225904266	0.01309616560818761
348.25	8.93875942711299	0.013052935107258806
348.5	8.909091261292795	0.013009849674811808
348.75	8.87954104183493	0.012966959078603886
349.	8.85010617368835	0.012924294124674364
349.25	8.820785716904386	0.012881721351654557
349.5	8.791581023575253	0.012839349950038338
349.75	8.762408661463231	0.01279733917129386
350.	8.733424703289947	0.0127551420550452
350.25	8.704567868605631	0.012711550038777048
350.5	8.675816811765417	0.01266980511928107
350.75	8.64717599970998	0.012628236697645151
351.	8.618634502911279	0.012586644256307893
351.25	8.590181665426316	0.012546936223616634
351.5	8.561877963716503	0.012504132858362337
351.75	8.53367224461941	0.012463123056214992
352.	8.505580060597437	0.012422336623773369
352.25	8.477596544392679	0.012381707159840105
352.5	8.449720894996899	0.012341236931865368
352.75	8.42195277352859	0.012300923801470185
353.	8.39427874408181	0.012260733141535208
353.25	8.366650429072825	0.01222045121763293
353.5	8.339198770159648	0.012180610061515763
353.75	8.311791283409391	0.012140645289947433
354.	8.284551999560431	0.012101095621787026
354.25	8.257415068831635	0.012061688032435276
354.5	8.230418855420293	0.012022129060641852
354.75	8.203478017035913	0.011982916502258523
355.	8.17665417409512	0.011943974481422688
355.25	8.14992977213953	0.01190536792199993
355.5	8.123311369305767	0.011866733650828827
355.75	8.09679620193813	0.01182681067916306
356.	8.07039022842594	0.011788484425293322
356.25	8.04408760854791	0.011750053671201154
356.5	8.017874074921224	0.011712002226166895
356.75	7.991763305325276	0.011674104751792888
357.	7.965749876692637	0.011636316302564531
357.25	7.939837954470254	0.011598646951837183
357.5	7.914010223499893	0.011561027344550109
357.75	7.888298508178045	0.01152378709849657
358.	7.862608560890191	0.011486552157879203
358.25	7.837088179430971	0.011449476991997425
358.5	7.811665358033902	0.011412575991029374
358.75	7.786343038273249	0.01137569846021082
359.	7.761109113178776	0.0113390841410964
359.25	7.735976202175175	0.01130260677270888
359.5	7.710923836732038	0.01126622381015144
359.75	7.685871695015534	0.011229924218507171
360.	7.661023671621735	0.011193871988350012
360.25	7.636268990884365	0.011157928102340797
360.5	7.6116092858051205	0.01112213811620803
360.75	7.58704447935676	0.011086557487200716
361.	7.562569850264105	0.011051062640590872
361.25	7.5381876231876745	0.011015552672196647
361.5	7.51389729872124	0.010980225693102526
361.75	7.489717669116715	0.010944887046352637
362.	7.465611644295555	0.010909926758432852
362.25	7.44159105444659	0.010874942430941916
362.5	7.41766789121038	0.01084018686574337
362.75	7.393830629553477	0.010805515311869346
363.	7.3700856708063744	0.010771039382432235
363.25	7.346429019348734	0.01073668510148933
363.5	7.322862585133034	0.01070246896312065
363.75	7.2994128973320915	0.010668339990725762
364.	7.276031157933918	0.010634379749588956
364.25	7.25272937032348	0.010600548704941114
364.5	7.229513416989022	0.010566834651311596
364.75	7.206395740821134	0.010533211228906795
365.	7.183349224356001	0.010499766358449132
365.25	7.160362026555282	0.010466213305619776
365.5	7.137471723286475	0.010433166126961615
365.75	7.114689539003985	0.010400096089108374
366.	7.091947004818154	0.010365991223618464
366.25	7.069335302602508	0.010333172272836913
366.5	7.046797337535686	0.010300524830913437
366.75	7.02435556962461	0.010268103680052447
367.	7.001995241261917	0.010235658031834577
367.25	6.979718855223855	0.01020332844059019
367.5	6.9575376992143845	0.010171375575656314
367.75	6.935427562056591	0.010139350110762673
368.	6.913400074786822	0.010106669905680947
368.25	6.891455115701428	0.010074835033613772
368.5	6.869584797237555	0.010043198995762066
368.75	6.847802137941999	0.010011565057350789
369.	6.8260866862256435	0.009980003778041485
369.25	6.804440119930928	0.009948679060787977
369.5	6.782913947815758	0.009918509948760656
369.75	6.761452877018455	0.009887341927486712
370.	6.74007097183815	0.00985629082094849
370.25	6.718779672655242	0.009825324457701226
370.5	6.697557097694932	0.009794427517742095
370.75	6.676418453285829	0.009763716370132866
371.	6.655351149280884	0.009733121657532165
371.25	6.634361380892593	0.009702646161409468
371.5	6.613450166020887	0.009672265094792475
371.75	6.592620077750703	0.009642088249823677
372.	6.571891918551194	0.009612208606192213
372.25	6.551213719662076	0.009582062296646454
372.5	6.530632505629573	0.009552173293828707
372.75	6.510101188832462	0.009522317073782935
373.	6.4896490247268845	0.009492607517852754
373.25	6.469302977601016	0.0094637748825345
373.5	6.448993289925517	0.009433809480045467
373.75	6.428766489811989	0.009404457409907214
374.	6.408607163833816	0.009375228784496566
374.25	6.3885194354073915	0.009346156858360247
374.5	6.36850045261624	0.009316959925813554
374.75	6.348569033693932	0.009288015267696173
375.	6.328709343762506	0.009259155075589448
375.25	6.308921681127288	0.009230408879908655
375.5	6.289207281219666	0.009201767990294495
375.75	6.269564208997553	0.009173235356087299
376.	6.249993112822842	0.009144807861231171
376.25	6.230495854325455	0.009116421911136586
376.5	6.2110672219814935	0.00908840286042889
376.75	6.191714613121849	0.009059556355148612
377.	6.17242424311712	0.009031768245454767
377.25	6.153187934961971	0.009004154601037914
377.5	6.134071434940648	0.008976233720018444
377.75	6.115030496282209	0.008948293238863047
378.	6.096031505302145	0.008920995024774085
378.25	6.077094828601933	0.008893497973222196
378.5	6.058218560652431	0.008865896656649611
378.75	6.039417312768627	0.008838618270498104
379.	6.020692644437243	0.008811433896209643
379.25	6.0020288575648255	0.008784361582530502
379.5	5.983478135668742	0.008756891326097633
379.75	5.964950785640296	0.008729915278371038
380.	5.946489201875687	0.008703274664277737