310.	0.9530722483241053	0.006847650646498999
311.	0.9516456892794702	0.006777863754667143
312.	0.9501412937711191	0.006702081928309005
313.	0.9484596787979503	0.006631915557195386
314.	0.9467034990948616	0.006565119218632594
315.	0.9448651186592976	0.0064979614379718055
316.	0.942871661692609	0.006430470914946466
317.	0.9408732993236638	0.006363396763044808
318.	0.9388378048419482	0.006297014446239792
319.	0.9366435629278963	0.006233367530566808
320.	0.9344329665436532	0.006172770865359521
321.	0.9319836692321476	0.006105575579160034
322.	0.9295438765985318	0.006049010156239946
323.	0.9270086141710988	0.005987593730546505
324.	0.9243545379659891	0.005926574894226729
325.	0.921772097606845	0.005866043968701508
326.	0.9189516772135471	0.005809393225422436
327.	0.9160787253796615	0.005752214122922719
328.	0.91315219995795	0.005695610401672957
329.	0.9102389834855362	0.005640768345375734
330.	0.907264333911963	0.005582272968806545
331.	0.90418003775702	0.005524817472912369
332.	0.9010184781802877	0.005470126845000044
333.	0.8978675938482268	0.0054170714360152064
334.	0.894753589752586	0.005363725791718876
335.	0.8915700447808664	0.00531216097885358
336.	0.8882388777604654	0.005258504994259728
337.	0.8849205741237047	0.00520817272543064
338.	0.8814951638876932	0.005157657021521984
339.	0.8780637905758438	0.005105154316745087
340.	0.8746377639217089	0.005055729929602403
341.	0.8711078943715093	0.0050065456502636375
342.	0.8676188549912192	0.0049572969576914296
343.	0.864001144323235	0.004908158459406768
344.	0.8604264204980386	0.004859708321982325
345.	0.8568013024997991	0.004812712081364856
346.	0.8531882309685861	0.004765625485242833
347.	0.8495387289738927	0.004719840724403096
348.	0.8458229852562764	0.004674489200282383
349.	0.8421211039772369	0.0046296134241063215
350.	0.8383815870464876	0.004585160750199685
351.	0.8346239688299412	0.004540678792905074
352.	0.8309321430401084	0.0044974172456698
353.	0.827175138497872	0.00445478566720712
354.	0.8234284200951181	0.004413009410989359
355.	0.819627514301397	0.004370391987673177
356.	0.8158216330456833	0.004329184021582269
357.	0.8119368262875314	0.00428651284607616
358.	0.80814535362972	0.004245930297502463
359.	0.8042077948302424	0.004206833687427629
360.	0.8003706428351391	0.004168125217636876
361.	0.7965287942108122	0.004128942039254235
362.	0.7926773361590997	0.004090394851093382
363.	0.788809136565432	0.004052474216185752
364.	0.7849099526737717	0.004014097424249845
365.	0.7810240999736868	0.003976676685856592
366.	0.7771052801942435	0.003938550530703059
367.	0.7731673229688523	0.0039013601327965858
368.	0.7692755523469108	0.0038650127721109265
369.	0.7653812103875052	0.0038294103293798425
370.	0.7614904802559708	0.003794791587880835
371.	0.7576236902164797	0.00376011922466761
372.	0.7537526093966168	0.003725639287632872
373.	0.7498658159637647	0.00369110516385995
374.	0.7460105256368761	0.0036565008124813158
375.	0.7422178791977945	0.003619243163252325
376.	0.7383723681627594	0.0035881827160494538
377.	0.7345118759590522	0.003553561424962088
378.	0.7306497151416393	0.003523446033046072
379.	0.7267975182996138	0.003491710828350808
380.	0.722943648731739	0.0034599190273040753