310.	-2.336021404912659	0.003436974719713424
311.	-2.300039780819242	0.003381838705939705
312.	-2.264727294834436	0.003332973493384812
313.	-2.229996791960542	0.0032793532950965236
314.	-2.195929838593263	0.0032301522829345313
315.	-2.1624177214203737	0.003179579383134314
316.	-2.129557297791306	0.0031269930429085675
317.	-2.0972608017657093	0.003077740775040491
318.	-2.0655094379744026	0.0030315176293500665
319.	-2.0343052391692975	0.0029854251771248997
320.	-2.003633210477058	0.0029415253792773976
321.	-1.973540549270985	0.002896513370308462
322.	-1.9439644549460984	0.0028511430158888787
323.	-1.9148995274058387	0.0028048440640878842
324.	-1.8863261593801761	0.0027630992791962523
325.	-1.8583160214260488	0.002719414719282808
326.	-1.8307012135340852	0.0026770300724158814
327.	-1.803568140846653	0.0026364081765185773
328.	-1.7769283423477367	0.002597302967292375
329.	-1.7507248455697226	0.0025570325580077423
330.	-1.72497019314418	0.002518630695443773
331.	-1.699653500812878	0.0024809046722169318
332.	-1.6747744562961304	0.0024446245456641886
333.	-1.6502882638428809	0.002407540230219068
334.	-1.6262230008448832	0.0023717872625570774
335.	-1.6025670845725037	0.0023365639197289846
336.	-1.5793148557613435	0.00230228041933064
337.	-1.556449629819199	0.0022678160487258686
338.	-1.533970062804377	0.0022330971274962105
339.	-1.511870756223198	0.002199961583997584
340.	-1.4900963359307897	0.00216703619814264
341.	-1.4687178831458911	0.0021352926851289982
342.	-1.447687634551912	0.0021040021766115147
343.	-1.4270178056484457	0.002073605112766689
344.	-1.4066716240912795	0.0020436689044812575
345.	-1.386675095089283	0.0020134944776505335
346.	-1.366987560018682	0.0019847606000887533
347.	-1.3476408622304745	0.001956005741094344
348.	-1.3285988000255984	0.0019281798074113196
349.	-1.3098431413736888	0.0019004997492219798
350.	-1.2914217087557516	0.001874289599522175
351.	-1.2732685294413595	0.0018470034718558886
352.	-1.255412546505499	0.001819275896510885
353.	-1.2378580657413416	0.0017926916740169535
354.	-1.2205855706636994	0.0017667423660841827
355.	-1.203600499505251	0.0017408444836928662
356.	-1.1868730289719005	0.0017167361082805737
357.	-1.1704206649044948	0.0016915393687500935
358.	-1.1542246783250891	0.0016674238625152577
359.	-1.1382901309588145	0.001643872429143172
360.	-1.1226087557418691	0.001620618301312379
361.	-1.107181813888182	0.001597857828326535
362.	-1.0919911899768917	0.0015757859535768394
363.	-1.077043461275119	0.001554207577884116
364.	-1.0623252406253902	0.001532599313291872
365.	-1.0478539582170219	0.0015095908603003896
366.	-1.0335940150346319	0.0014880848231231941
367.	-1.0195656511422433	0.001467257000397109
368.	-1.0057573210395168	0.0014470202700485129
369.	-0.9921643716445657	0.001426764393832923
370.	-0.9787745235944488	0.0014062706502110099
371.	-0.9656038650144372	0.0013863899484097648
372.	-0.9526715767675572	0.0013638009735777272
373.	-0.9398981498876073	0.001344845849428764
374.	-0.9273076850544	0.0013273089615199267
375.	-0.9149260973760525	0.001308730683141425
376.	-0.9027321875453981	0.0012905958550851128
377.	-0.8907189731503294	0.0012724471506906348
378.	-0.8788878380856856	0.0012544734160083281
379.	-0.8672392054113329	0.0012372631887348229
380.	-0.8557714714413367	0.001220452539700132