310.	0.000020539512000168243	8.288215220613285e-8
311.	0.000020511487606228846	8.26661853309899e-8
312.	0.000020494188970300698	8.251674791556398e-8
313.	0.000020485431815189218	8.240538256831984e-8
314.	0.000020486318023054987	8.235172256263056e-8
315.	0.00002049817084291207	8.232439653088351e-8
316.	0.000020521638501241336	8.235205614012477e-8
317.	0.000020557115556097382	8.242794942387534e-8
318.	0.000020604753032338845	8.256135204154838e-8
319.	0.000020666851340496338	8.274957219354425e-8
320.	0.000020743677621241932	8.289828556345162e-8
321.	0.000020836707056338298	8.320223799756828e-8
322.	0.000020947623100818952	8.357628159729757e-8
323.	0.000021077782515770526	8.403211983373723e-8
324.	0.000021230089903842778	8.457414679707022e-8
325.	0.000021405743475657218	8.52252082949098e-8
326.	0.000021608239911709284	8.594859060036616e-8
327.	0.000021839535085089686	8.679404184030035e-8
328.	0.000022104688011470282	8.778057655643289e-8
329.	0.000022407520138992553	8.892901079484653e-8
330.	0.00002275342916631506	9.021476922721839e-8
331.	0.000023151609532248004	9.172660537163933e-8
332.	0.000023610437396329472	9.356873470669093e-8
333.	0.00002413951364214504	9.558650826321818e-8
334.	0.000024754812632957792	9.792790493570401e-8
335.	0.00002547474642103451	1.0070618953416456e-7
336.	0.0000263268591955581	1.0401422610811413e-7
337.	0.0000273482468861988	1.0796548681931123e-7
338.	0.00002858986920668896	1.1277425400250614e-7
339.	0.000030130827034001166	1.1877855922248879e-7
340.	0.00003209484654956249	1.2642676918824943e-7
341.	0.00003469089766804974	1.3656211306446378e-7
342.	0.000038299442866617585	1.5066526512247682e-7
343.	0.00004370458885223709	1.7178871715728704e-7
344.	0.000052693657490508515	2.0696371871104462e-7
345.	0.00006909320248134834	2.712055051014064e-7
346.	0.00009497802448123686	3.7228501550671483e-7
347.	0.00012382993307488187	4.850606400838898e-7
348.	0.00015057669378478223	5.892664072892052e-7
349.	0.00017430022002947308	6.817086062075264e-7
350.	0.0001952847475649249	7.631687907136567e-7
351.	0.00021396437343022237	8.354119157576507e-7
352.	0.00023066956754656893	8.999624067221709e-7
353.	0.00024571132536207763	9.577325399194908e-7
354.	0.0002593388348049939	1.0102337024117975e-6
355.	0.0002717274711255805	1.0575847786030573e-6
356.	0.0002830280143602067	1.100841412797832e-6
357.	0.0002933648363079237	1.1402043583331739e-6
358.	0.00030284750947265365	1.1762809553635414e-6
359.	0.0003115606712643044	1.2089560368258467e-6
360.	0.0003195721651175254	1.239256381195302e-6
361.	0.00032694635203705494	1.2660947826725841e-6
362.	0.00033371720545538044	1.2925302502146802e-6
363.	0.00033996630262067215	1.3158144716912278e-6
364.	0.000345710338934739	1.3371886525955468e-6
365.	0.0003510110617169254	1.3555580361520331e-6
366.	0.00035588236748975224	1.374432758715582e-6
367.	0.0003603686760689326	1.3907635666163944e-6
368.	0.00036449112003384803	1.4058612781891874e-6
369.	0.000368281315141521	1.4193370643586904e-6
370.	0.00037174539226369417	1.431672806144881e-6
371.	0.00037490683052016023	1.4428374945588681e-6
372.	0.00037779375071627763	1.4528056729611443e-6
373.	0.0003803917711623359	1.4619379863021727e-6
374.	0.0003827725027666074	1.4700246366720725e-6
375.	0.00038491710437414857	1.4773144208803085e-6
376.	0.0003868301385158387	1.483669911306575e-6
377.	0.0003885490228131304	1.4894259761988752e-6
378.	0.00039006558343000276	1.4943319109649871e-6
379.	0.0003914084459423854	1.4984037770357454e-6
380.	0.00039256945791708934	1.5019028273167606e-6