310.	0.021009922593454963	0.000014525620536303164
311.	0.020778868361311206	0.000014370909140659431
312.	0.02055101227165559	0.000014217279967046026
313.	0.020326298153923974	0.000014062456481616469
314.	0.020104681571701973	0.000013913568614575842
315.	0.01988610347895073	0.000013766627612758522
316.	0.01967046943299971	0.000013620295040747183
317.	0.0194578029594528	0.00001347543952132479
318.	0.019248043617165367	0.000013334596916149789
319.	0.019041107117171135	0.000013195733748895297
320.	0.01883698962479689	0.00001305844068000531
321.	0.018635622448711087	0.000012923204285105013
322.	0.018436955072783635	0.000012789726405432014
323.	0.018240943106348575	0.000012657623254039057
324.	0.018047575595970658	0.000012527567912871895
325.	0.017856776712137184	0.000012399455103064163
326.	0.01766851105751615	0.000012273176793053624
327.	0.017482770230371626	0.000012150140479766077
328.	0.01729945944952577	0.000012027746143847315
329.	0.017118565431249535	0.000011907952753930622
330.	0.016940025715994542	0.000011786882213411787
331.	0.01676386626539986	0.000011668568848114128
332.	0.016590003495322886	0.000011551755743009826
333.	0.0164183749903701	0.000011436101420547266
334.	0.016248963004829375	0.000011318766653631608
335.	0.016081697088518244	0.000011205559356762986
336.	0.01591664761733928	0.000011095166213956613
337.	0.015753762831375372	0.000010984841057953294
338.	0.015592943499325548	0.000010876378641624237
339.	0.015434180495359306	0.00001076905702780688
340.	0.015277463722321302	0.00001066330584210434
341.	0.015122762537761656	0.000010559787572580604
342.	0.014969994099534485	0.000010456530631586911
343.	0.01481916413123119	0.000010354477010448276
344.	0.014670225891948226	0.000010253467659963323
345.	0.014523167134929231	0.000010153920115177218
346.	0.014377953723874876	0.000010055630451494852
347.	0.014234564744151737	9.958682193331866e-6
348.	0.01409294941056425	9.862211588141032e-6
349.	0.01395311112466456	9.767587760990287e-6
350.	0.013815009400589792	9.67408811942583e-6
351.	0.0136785129820668	9.580088881918005e-6
352.	0.013543809354580836	9.488939861099452e-6
353.	0.013410756559718951	9.399078602526595e-6
354.	0.013279348142142306	9.308222053735742e-6
355.	0.013149560920377465	9.220406008342164e-6
356.	0.01302134852222353	9.133423080511469e-6
357.	0.012894722964300859	9.045427265393253e-6
358.	0.012769579421474091	8.959270816800585e-6
359.	0.012646018410010009	8.874984484141861e-6
360.	0.012523936731258607	8.792099647834934e-6
361.	0.012403328726150803	8.71024338718301e-6
362.	0.012284174831295423	8.62931654212648e-6
363.	0.012166455879910495	8.549449987111862e-6
364.	0.012050141666914533	8.47040122786783e-6
365.	0.011935222087149172	8.392759756116196e-6
366.	0.011821690300976167	8.315099661628511e-6
367.	0.011709482660697578	8.238508447110252e-6
368.	0.01159861707775022	8.163313876665877e-6
369.	0.01148904358808327	8.08779929550888e-6
370.	0.011380777765187894	8.014886221537622e-6
371.	0.011273798276099756	7.941342606223682e-6
372.	0.011168089240672197	7.867579329089144e-6
373.	0.01106358710869129	7.796565959102343e-6
374.	0.010960335509883555	7.726324650125986e-6
375.	0.010858255340823419	7.656862268489872e-6
376.	0.010757364424529474	7.587333603881942e-6
377.	0.010657644221611124	7.519558003960888e-6
378.	0.010559079471356743	7.452510685778191e-6
379.	0.010461645922747165	7.384860760148476e-6
380.	0.010365350932494107	7.319806434995554e-6