310.	0.005072852322306112	3.5038082686798796e-6
311.	0.005015361959682319	3.4652151904073044e-6
312.	0.004958672647241339	3.42633551843306e-6
313.	0.004902800888318422	3.3888765359863148e-6
314.	0.0048477149868378	3.351905693860198e-6
315.	0.004793411560737561	3.315126839607022e-6
316.	0.004739854512619665	3.278413558980241e-6
317.	0.004687052330045099	3.2428457028880485e-6
318.	0.004634983060833692	3.2080210732286148e-6
319.	0.004583636847544901	3.173043180599072e-6
320.	0.004532994112736217	3.1390409178585264e-6
321.	0.00448306281343246	3.105169591067715e-6
322.	0.004433809102888795	3.071970942245153e-6
323.	0.004385235530331344	3.0391108154926142e-6
324.	0.0043373283396020675	3.0061745045295565e-6
325.	0.004290071481869099	2.974369330123487e-6
326.	0.004243461582122912	2.9429654702659933e-6
327.	0.00419748218439532	2.912739964946956e-6
328.	0.0041521286052047775	2.8821862649983057e-6
329.	0.004107384826647291	2.8520665831378235e-6
330.	0.00406324384941738	2.8223427348719013e-6
331.	0.004019688458859477	2.7930675608515667e-6
332.	0.003976718524923184	2.7640958455322903e-6
333.	0.003934330935972151	2.7355842464740733e-6
334.	0.003892520112970072	2.707310604014717e-6
335.	0.0038512455305463613	2.679302346549268e-6
336.	0.0038105175793326698	2.6518992237480053e-6
337.	0.0037703218565357027	2.623984004145951e-6
338.	0.003730647936750336	2.5972487078538753e-6
339.	0.0036915048503279244	2.570842905580597e-6
340.	0.003652874138204118	2.5447709515294455e-6
341.	0.003614745993657128	2.518968051379657e-6
342.	0.003577108031599173	2.493367262233362e-6
343.	0.003539966021367146	2.4683576378009204e-6
344.	0.0035033036309288852	2.4434559115969133e-6
345.	0.0034671210890980355	2.418841963315362e-6
346.	0.0034313941967411567	2.3946750273660155e-6
347.	0.0033961265888986544	2.370814175827615e-6
348.	0.003361310065455681	2.3472479871593145e-6
349.	0.003326937962259879	2.323968704485408e-6
350.	0.0032930075835172247	2.301022221309534e-6
351.	0.0032595082386269038	2.2783172554173555e-6
352.	0.003226431108230511	2.25593684452831e-6
353.	0.003193746852962009	2.2336169592219107e-6
354.	0.0031614975984109745	2.2117859321149936e-6
355.	0.003129654445165847	2.1902235215246076e-6
356.	0.0030982100477679802	2.1689438811810384e-6
357.	0.0030671543374579807	2.1477021092646734e-6
358.	0.003036482519362669	2.126780235976851e-6
359.	0.003006199805866458	2.106217807732765e-6
360.	0.0029762967069952456	2.085914251945726e-6
361.	0.002946758891933963	2.0658961448409097e-6
362.	0.002917583087340498	2.0461349132151075e-6
363.	0.0028887743676180556	2.0266064723063858e-6
364.	0.002860314827137233	2.007246637755017e-6
365.	0.002832195518256547	1.9881082414990267e-6
366.	0.0028044280444410002	1.9691808941818652e-6
367.	0.0027769981642853858	1.950428442319315e-6
368.	0.002749901108666593	1.932011318547327e-6
369.	0.002723132222512569	1.9138036843053296e-6
370.	0.0026966860691605703	1.8958369083325375e-6
371.	0.002670559860131788	1.878076775550887e-6
372.	0.0026447492143786672	1.8605248348757576e-6
373.	0.0026192532487051413	1.8430759478126789e-6
374.	0.0025940545794601085	1.8257030590147067e-6
375.	0.002569153271497831	1.808260943943304e-6
376.	0.0025445524117610648	1.7915500993942378e-6
377.	0.002520250802909032	1.7749697758830375e-6
378.	0.0024962325113565206	1.7586267419699534e-6
379.	0.0024724960881244364	1.7424106654011562e-6
380.	0.0024490396136492834	1.726426443617849e-6