310.	3.731440706295609e-8	2.5810408076284598e-11
310.25	3.738795609783139e-8	2.5862065520544412e-11
310.5	3.746365288672996e-8	2.591657516398912e-11
310.75	3.754153394003109e-8	2.5972522749835096e-11
311.	3.7621663985875014e-8	2.6023387767403925e-11
311.25	3.770405998589815e-8	2.6082401464488796e-11
311.5	3.7788693181593554e-8	2.6142170872587502e-11
311.75	3.787580442202545e-8	2.620446452541427e-11
312.	3.7965389027852354e-8	2.6266551733755215e-11
312.25	3.8057433421507533e-8	2.6332267387832456e-11
312.5	3.815200760315247e-8	2.6399931947497412e-11
312.75	3.824921817453108e-8	2.6470722965539117e-11
313.	3.8349126243648295e-8	2.6540222454492483e-11
313.25	3.8451759867842315e-8	2.6613199310935267e-11
313.5	3.855719780802877e-8	2.6688316992823046e-11
313.75	3.866550296172159e-8	2.6765424974322466e-11
314.	3.877675406250763e-8	2.6844549531107236e-11
314.25	3.88910349711774e-8	2.69247396427763e-11
314.5	3.900840654518932e-8	2.7008102678700748e-11
314.75	3.912895572476672e-8	2.709372347510963e-11
315.	3.9252764720969164e-8	2.7181577806331218e-11
315.25	3.93799182184003e-8	2.7271777034978132e-11
315.5	3.951050502147291e-8	2.7364645539978747e-11
315.75	3.964462498642938e-8	2.7459675519964148e-11
316.	3.97823534516564e-8	2.7558618188641027e-11
316.25	3.9923825608118326e-8	2.7658859315003607e-11
316.5	4.006912885236947e-8	2.7761751897611554e-11
316.75	4.021829363980835e-8	2.7868367854498925e-11
317.	4.037158586042312e-8	2.797685534802232e-11
317.25	4.052904773493376e-8	2.808812744728395e-11
317.5	4.069080357040762e-8	2.8202999055846772e-11
317.75	4.085698625136662e-8	2.8320460715347767e-11
318.	4.1027720853801884e-8	2.8441112681890616e-11
318.25	4.120315184999998e-8	2.8564805523105353e-11
318.5	4.138342355047457e-8	2.8693635629272427e-11
318.75	4.156869573961337e-8	2.8823638213493462e-11
319.	4.1759089114686106e-8	2.8959304611326932e-11
319.25	4.1954811160191735e-8	2.9098129089515273e-11
319.5	4.2156040242442287e-8	2.9240313654440977e-11
319.75	4.236295365774986e-8	2.9386186351129314e-11
320.	4.2575723655509995e-8	2.953619602876162e-11
320.25	4.279455648050914e-8	2.96904546620459e-11
320.5	4.301966172515448e-8	2.98490993109548e-11
320.75	4.325134216495775e-8	3.0006433944788025e-11
321.	4.34896628313938e-8	3.017427935614289e-11
321.25	4.373494574996381e-8	3.0347116068062825e-11
321.5	4.398744384257587e-8	3.052506297519122e-11
321.75	4.424743139520687e-8	3.0708033131698655e-11
322.	4.4515186256937834e-8	3.08965993741376e-11
322.25	4.479101272678538e-8	3.109134735692641e-11
322.5	4.50751922662646e-8	3.129118158635101e-11
322.75	4.5368069429781306e-8	3.1497145076194354e-11
323.	4.566998978625875e-8	3.170939449468996e-11
323.25	4.598132235169087e-8	3.192915814446403e-11
323.5	4.6302444708782786e-8	3.2154793954632686e-11
323.75	4.663377218380114e-8	3.2387518826943205e-11
324.	4.697574360481078e-8	3.262982923013005e-11
324.25	4.73287859211405e-8	3.287831965459041e-11
324.5	4.7693414876092585e-8	3.3134127512938734e-11
324.75	4.8070128144386124e-8	3.340103181854458e-11
325.	4.8459487035882516e-8	3.367441545831034e-11
325.25	4.886212763609177e-8	3.3959439508577935e-11
325.5	4.927854550374776e-8	3.425167327405728e-11
325.75	4.970947488534971e-8	3.455427208143906e-11
326.	5.015558470766584e-8	3.4867282092529993e-11
326.25	5.061764723475811e-8	3.519143349775649e-11
326.5	5.109646351823488e-8	3.55272908756391e-11
326.75	5.1592899667381536e-8	3.587550515825727e-11
327.	5.2107862555394575e-8	3.6236432194125225e-11
327.25	5.264235931494848e-8	3.661934476149239e-11
327.5	5.3197456247700395e-8	3.700889051151145e-11
327.75	5.377430896779576e-8	3.741357707351589e-11
328.	5.4374073153418566e-8	3.783238457145898e-11
328.25	5.499822879766659e-8	3.827001255205955e-11
328.5	5.564815408169491e-8	3.872589850628863e-11
328.75	5.6325453327806315e-8	3.920068403528747e-11
329.	5.7031836339103445e-8	3.969574469322803e-11
329.25	5.776918036473898e-8	4.021244922041375e-11
329.5	5.853968140460305e-8	4.075369138396502e-11
329.75	5.9345325843522294e-8	4.1318279552466126e-11
330.	6.018859259286632e-8	4.191170446048419e-11
330.25	6.107247907961272e-8	4.253093056074742e-11
330.5	6.199990186085394e-8	4.318038963099074e-11
330.75	6.297425530328109e-8	4.386340982533711e-11
331.	6.39993252752639e-8	4.458180089511384e-11
331.25	6.507935343445095e-8	4.533819975115315e-11
331.5	6.621906468337619e-8	4.612125951479512e-11
331.75	6.742412317694851e-8	4.696435900482012e-11
332.	6.870058872368723e-8	4.785703023383295e-11
332.25	7.005589053173956e-8	4.880481343831779e-11
332.5	7.149837528492617e-8	4.981617910831724e-11
332.75	7.303770192085921e-8	5.088841938903171e-11
333.	7.468565243428636e-8	5.2041556111631386e-11
333.25	7.645592096357215e-8	5.327979377728231e-11
333.5	7.83653009509009e-8	5.4615303111654426e-11
333.75	8.043417334539151e-8	5.606369342062972e-11
334.	8.268770180580553e-8	5.7639439993744085e-11
334.25	8.515720599360125e-8	5.936607324793066e-11
334.5	8.788214888880177e-8	6.127097710311627e-11
334.75	9.091263844341608e-8	6.338938422655022e-11
335.	9.431268131438941e-8	6.576564272559933e-11
335.25	9.81640446946831e-8	6.845720149312312e-11
335.5	1.0257026982667828e-7	7.153613606167223e-11
335.75	1.076589888235299e-7	7.509171425797189e-11
336.	1.1357804139076814e-7	7.922716116365572e-11
336.25	1.2047347348071088e-7	8.40394196159158e-11
336.5	1.2842341510698474e-7	8.959288088328458e-11
336.75	1.3727231243823336e-7	9.57747828074066e-11
337.	1.4626704685505427e-7	1.0205931487445021e-10
337.25	1.533797756467836e-7	1.0703165588295565e-10
337.5	1.5439856229020998e-7	1.0775195087320716e-10
337.75	1.4275688585497202e-7	9.963610089755793e-11
338.	1.1284838201224733e-7	7.876793096012853e-11
338.25	6.932610065511709e-8	4.8393743880083966e-11
338.5	3.5512594652714766e-8	2.4791894564132147e-11
338.75	4.189595386296874e-8	2.9250507503818306e-11
339.	9.496699929489505e-8	6.630881406695116e-11
339.25	1.676269246949843e-7	1.1705208888013596e-10
339.5	2.2870576945114356e-7	1.5971646052464157e-10
339.75	2.683701266776631e-7	1.8743217030228955e-10
340.	2.9400628420053123e-7	2.053545762465122e-10
340.25	3.160663893143748e-7	2.2078195990651978e-10
340.5	3.413316339148001e-7	2.3845134165626794e-10
340.75	3.733561292093541e-7	2.608639752897977e-10
341.	4.144775913668851e-7	2.896184258965302e-10
341.25	4.6693029842410774e-7	3.2629809162145693e-10
341.5	5.331762376584545e-7	3.7262371265670104e-10
341.75	6.157575857511729e-7	4.3037478983614583e-10
342.	7.165157396164701e-7	5.008464751338281e-10
342.25	8.346452163049533e-7	5.834826672288587e-10
342.5	9.629547067999033e-7	6.732277606238404e-10
342.75	1.0828488506655909e-6	7.571702972923014e-10
343.	1.1627972759232698e-6	8.131427402441666e-10
343.25	1.1706445034344396e-6	8.186997150489519e-10
343.5	1.1019008773915383e-6	7.707166355375082e-10
343.75	9.945592964992706e-7	6.956847272607651e-10
344.	9.003036648463244e-7	6.298079202972124e-10
344.25	8.446873809614161e-7	5.909598313433692e-10
344.5	8.226070159568749e-7	5.755179021804978e-10
344.75	8.181909611354644e-7	5.724773606023384e-10
345.	8.197239224775441e-7	5.735989008889132e-10
345.25	8.221977583115605e-7	5.753823023762759e-10
345.5	8.243372425026469e-7	5.769293264228625e-10
345.75	8.260689891241297e-7	5.781912737163876e-10
346.	8.27532866081588e-7	5.792655955425696e-10
346.25	8.288457404298794e-7	5.802351913380378e-10
346.5	8.300784015671216e-7	5.811526550053134e-10
346.75	8.312696852803359e-7	5.8201735841328e-10
347.	8.324406244278109e-7	5.828749970473232e-10
347.25	8.336001467611333e-7	5.83735534797771e-10
347.5	8.347520844038613e-7	5.845922125376642e-10
347.75	8.35897489101575e-7	5.854430628960471e-10
348.	8.370352282354102e-7	5.862886840703073e-10
348.25	8.381635616992583e-7	5.871279408128288e-10
348.5	8.392806382352668e-7	5.879565463140264e-10
348.75	8.403839763842142e-7	5.887786877982286e-10
349.	8.414717314973705e-7	5.895900404336576e-10
349.25	8.425420858296042e-7	5.903894749856088e-10
349.5	8.435874245697657e-7	5.910782247641092e-10
349.75	8.446181831034028e-7	5.918507567549235e-10
350.	8.456270531523237e-7	5.926036340239601e-10
350.25	8.466132687158257e-7	5.933476094146566e-10
350.5	8.475754797201792e-7	5.940632191826506e-10
350.75	8.485135021511995e-7	5.947731474301727e-10
351.	8.494260827808142e-7	5.954372382541656e-10
351.25	8.503133365946407e-7	5.96120057399992e-10
351.5	8.511748427446915e-7	5.966557591435321e-10
351.75	8.520102218405907e-7	5.972951625554959e-10
352.	8.528192654860621e-7	5.979123983124026e-10
352.25	8.536021158065327e-7	5.985057913966749e-10
352.5	8.543581162380005e-7	5.990860235259973e-10
352.75	8.550875734918456e-7	5.996400568372394e-10
353.	8.557905352385529e-7	6.001831321244956e-10
353.25	8.564678175023871e-7	6.007161334988507e-10
353.5	8.571181114611247e-7	6.012233818083596e-10
353.75	8.577417450806617e-7	6.017493949781417e-10
354.	8.583399636250606e-7	6.022201680834838e-10
354.25	8.589124913526145e-7	6.026732103912434e-10
354.5	8.594600567805932e-7	6.030696357917324e-10
354.75	8.599817579644141e-7	6.034718354909494e-10
355.	8.604784836755363e-7	6.038723590441273e-10
355.25	8.609505140910681e-7	6.042561772765621e-10
355.5	8.613980692845645e-7	6.046024397565451e-10
355.75	8.618214487841618e-7	6.049518140008554e-10
356.	8.622211619803394e-7	6.052886777123502e-10
356.25	8.625969884082387e-7	6.056017937204283e-10
356.5	8.629496573007889e-7	6.059034111884202e-10
356.75	8.632793288416151e-7	6.061879297968116e-10
357.	8.635863489121584e-7	6.064543047122517e-10
357.25	8.638708240878158e-7	6.067065550448756e-10
357.5	8.641333968774721e-7	6.069431881924083e-10
357.75	8.643725882572544e-7	6.071305847688753e-10
358.	8.64592800507687e-7	6.072963308703873e-10
358.25	8.647911298145301e-7	6.074872553857049e-10
358.5	8.649680190524147e-7	6.076555812279469e-10
358.75	8.651251045097284e-7	6.078192092483618e-10
359.	8.652619297802828e-7	6.07966900232828e-10
359.25	8.653788664704307e-7	6.081006478131712e-10
359.5	8.654762074745075e-7	6.082211572648611e-10
359.75	8.655542529321929e-7	6.083277166942341e-10
360.	8.656132714732857e-7	6.084200141825939e-10
360.25	8.656536193072561e-7	6.084993624495614e-10
360.5	8.656754049042147e-7	6.085646012398864e-10
360.75	8.656791437454227e-7	6.086185773772738e-10
361.	8.656647440552054e-7	6.087313743120506e-10
361.25	8.656330398398446e-7	6.08760434656696e-10
361.5	8.655840237560611e-7	6.087772623214044e-10
361.75	8.655179547278962e-7	6.087821088780832e-10
362.	8.654351009493775e-7	6.087752091910179e-10
362.25	8.653357294901363e-7	6.087567976830688e-10
362.5	8.652200040466539e-7	6.087274974234534e-10
362.75	8.650884117859547e-7	6.086906309523026e-10
363.	8.649412088720572e-7	6.085631683822249e-10
363.25	8.647782531204685e-7	6.084987787623479e-10
363.5	8.645999930887599e-7	6.084243762032762e-10
363.75	8.644066428070231e-7	6.083371014332423e-10
364.	8.64198511973701e-7	6.082414531363867e-10
364.25	8.639757735386401e-7	6.081355467768868e-10
364.5	8.637386624628272e-7	6.080196628119865e-10
364.75	8.634874007164787e-7	6.078945560641521e-10
365.	8.632222524375752e-7	6.077591623010498e-10
365.25	8.62942915210065e-7	6.07613590612275e-10
365.5	8.626505396518226e-7	6.074574568162516e-10
365.75	8.623449384951668e-7	6.072968243948221e-10
366.	8.620263922401252e-7	6.071246810857809e-10
366.25	8.616937657739404e-7	6.068818060694155e-10
366.5	8.613495798252484e-7	6.066912105519067e-10
366.75	8.609929650602925e-7	6.064931344949702e-10
367.	8.606240533962385e-7	6.062849451408483e-10
367.25	8.602400743115317e-7	6.060208356567206e-10
367.5	8.598474839691263e-7	6.058263512641962e-10
367.75	8.59442884612258e-7	6.055932585773614e-10
368.	8.59026757554447e-7	6.053520218263908e-10
368.25	8.58599274602717e-7	6.051027667705896e-10
368.5	8.581606244219784e-7	6.048455941262201e-10
368.75	8.577109606332023e-7	6.045806823402416e-10
369.	8.572505062318109e-7	6.04309756252363e-10
369.25	8.567790366742312e-7	6.040319630758516e-10
369.5	8.562974573097317e-7	6.037430709220636e-10
369.75	8.558055377083616e-7	6.034483094574155e-10
370.	8.553052552450889e-7	6.030275130694282e-10
370.25	8.547932868044372e-7	6.027130804672391e-10
370.5	8.542714759815958e-7	6.024007727807212e-10
370.75	8.537399704963016e-7	6.02097758056693e-10
371.	8.531988435802314e-7	6.017682961294203e-10
371.25	8.526481796046974e-7	6.014365619349852e-10
371.5	8.520884200818244e-7	6.010935194063805e-10
371.75	8.515195412684734e-7	6.007456280497716e-10
372.	8.509416431213842e-7	6.003891137054929e-10
372.25	8.503580616841292e-7	5.999467335429321e-10
372.5	8.497625558996054e-7	5.995849106712892e-10
372.75	8.491585328866604e-7	5.992098828400474e-10
373.	8.485462485954534e-7	5.988271184192376e-10
373.25	8.479256705697973e-7	5.984405537847131e-10
373.5	8.472969130091653e-7	5.980478108708601e-10
373.75	8.466601778227694e-7	5.976499887793428e-10
374.	8.460155801232122e-7	5.972405379867718e-10
374.25	8.453633155245282e-7	5.968279627956232e-10
374.5	8.447042116361078e-7	5.964140033154223e-10
374.75	8.440367164451949e-7	5.959942359796133e-10
375.	8.433618038178693e-7	5.955693081851179e-10
375.25	8.4267958398924e-7	5.951388396111824e-10
375.5	8.419903358520766e-7	5.946994753153433e-10
375.75	8.412938957375306e-7	5.94258401813056e-10
376.	8.405896807400118e-7	5.937399100902074e-10
376.25	8.398794365959328e-7	5.932892384311562e-10
376.5	8.39162361740932e-7	5.928342201964339e-10
376.75	8.38438904728448e-7	5.923770560456687e-10
377.	8.377085445373666e-7	5.918195313762435e-10
377.25	8.369712598238184e-7	5.913362564204172e-10
377.5	8.362284871647663e-7	5.908607831393559e-10
377.75	8.354794925952388e-7	5.903820855137488e-10
378.	8.347243659201712e-7	5.898978656337313e-10
378.25	8.339632466659472e-7	5.894106137481896e-10
378.5	8.331962037134632e-7	5.889190857935389e-10
378.75	8.324233107028225e-7	5.884240230765668e-10
379.	8.316444975499033e-7	5.879217433945414e-10
379.25	8.308604003317243e-7	5.874200295873798e-10
379.5	8.300703915015559e-7	5.86913423530993e-10
379.75	8.292747220960522e-7	5.86440072152015e-10
380.	8.284746875420495e-7	5.859129172314632e-10