310   0.0000246021606534791   1.507694664819225e-7
311   0.000024224921444533817   1.490026897411609e-7
312   0.000023848643606084015   1.4787156492708327e-7
313   0.000023486281236379994   1.4583978092878635e-7
314   0.000023135997518143327   1.4350037675991052e-7
315   0.000022795852572152336   1.414321981752596e-7
316   0.00002244678599139894   1.407382775580255e-7
317   0.000022128046357668073   1.369731071008319e-7
318   0.00002179961170881426   1.3517172571044817e-7
319   0.000021466961928639076   1.3315621603197596e-7
320   0.000021147260621934464   1.3239212783329224e-7
321   0.000020832651107445395   1.307168796739707e-7
322   0.000020526476867764667   1.2904732809380906e-7
323   0.00002020189608354326   1.273846523685543e-7
324   0.000019900640718971886   1.2519976247770198e-7
325   0.00001960857279453538   1.2397018165773436e-7
326   0.000019329594190594647   1.222997174743091e-7
327   0.00001904360762642921   1.2119722418698908e-7
328   0.000018764296117993846   1.1961528471846783e-7
329   0.000018481542046876684   1.1826004892446325e-7
330   0.00001822158308766899   1.1641417399039246e-7
331   0.00001794183369115339   1.1532704160436408e-7
332   0.00001769243377595212   1.135837406569886e-7
333   0.000017424491226505156   1.1264883154027422e-7
334   0.00001716766144695536   1.1160099489632386e-7
335   0.000016911678129326264   1.1016947579577385e-7
336   0.00001665825101061381   1.0887892468580648e-7
337   0.000016414241205509497   1.0777806032833381e-7
338   0.00001617365811778312   1.062362051027213e-7
339   0.000015929848145771923   1.0414575361781804e-7
340   0.000015694875788106918   1.0279522367464966e-7
341   0.000015472543716030312   1.0155036695949706e-7
342   0.000015248639340560328   1.004720648842701e-7
343   0.000015027272007117378   9.887372860514202e-8
344   0.000014814001705586387   9.802631095470893e-8
345   0.000014593356641996091   9.664373468277618e-8
346   0.000014388503843940069   9.5234181203085e-8
347   0.000014189380724891063   9.42928715436747e-8
348   0.000013983454796758421   9.329435676172068e-8
349   0.000013782247528687222   9.225748971376556e-8
350   0.000013584882690145815   9.084158351501105e-8
351   0.000013394763152565338   8.982170664464215e-8
352   0.000013204669364287462   8.937208976310349e-8
353   0.000013017088328899292   8.80337793412818e-8
354   0.000012832720033915455   8.69319591194176e-8
355   0.00001264861665150815   8.600464090225788e-8
356   0.000012464494338715547   8.506002842411164e-8
357   0.000012290940648332439   8.390848058071971e-8
358   0.000012118891937812977   8.331243634411104e-8
359   0.00001195347212820996   8.22636130363821e-8
360   0.000011785733488297189   8.166172171970778e-8
361   0.00001162093813511063   8.088298443519464e-8
362   0.000011457009134823097   7.982723657987232e-8
363   0.00001129526594926849   7.870143747385118e-8
364   0.0000111387359641112   7.783181170147844e-8
365   0.000010980610219686376   7.713978634994336e-8
366   0.00001082731287829559   7.635981466667985e-8
367   0.000010686864419833514   7.529734290744716e-8
368   0.000010534980041031813   7.433811422550053e-8
369   0.000010388830231387432   7.343169993581302e-8
370   0.000010244206869099074   7.259876272239547e-8
371   0.0000101000236706213   7.154934162343301e-8
372   9.961212046770713e-6   7.10590869412405e-8
373   9.823798465346635e-6   6.973092935994848e-8
374   9.69121910631882e-6   6.907738587990212e-8
375   9.561298887898166e-6   6.863391587773175e-8
376   9.425185621968853e-6   6.816210647019082e-8
377   9.296104956929799e-6   6.740744471514666e-8
378   9.167980349781698e-6   6.674266259349526e-8
379   9.040187111331811e-6   6.603456952591848e-8
380   8.917656959453939e-6   6.536743566825002e-8
