310.   0.011583129091649639   0.000037965203333293406
310.25   0.011586581849421771   0.000037973412112742915
310.5   0.011590182967016407   0.00003798026712500672
310.75   0.011593971853402624   0.0000379863547563558
311.   0.011597988395497394   0.00003799226769639483
311.25   0.011602272973143249   0.00003799860513336411
311.5   0.011606866474641795   0.00003800597295652316
311.75   0.011611810312868585   0.00003801498396593707
312.   0.011617146441996264   0.00003802625809000372
312.25   0.01162313328118323   0.0000380499429584319
312.5   0.011629512640092094   0.000038073388565550395
312.75   0.011636240615890848   0.00003809337544796621
313.   0.01164327288743478   0.000038106646667835387
313.25   0.011650382227207849   0.0000380882393438333
313.5   0.011657778032863624   0.00003806504882275193
313.75   0.011665488714638557   0.000038042493099244995
314.   0.011673543118387876   0.00003802605555660285
314.25   0.01168220403596048   0.00003804563792419014
314.5   0.011691175494840384   0.00003807289067613007
314.75   0.011700392906927932   0.00003810361677787328
315.   0.011709790970223333   0.000038133567278802955
315.25   0.011718772668781725   0.000038141700236456126
315.5   0.011728011822029085   0.000038147005977618065
315.75   0.011737656630287729   0.00003815187181392454
316.   0.011747857357943038   0.000038158716380325743
316.25   0.011759373258012294   0.00003817672541463547
316.5   0.01177151262643039   0.00003819899131303929
316.75   0.01178418557817783   0.000038225294620176075
317.   0.011797301167419076   0.00003825541374977344
317.25   0.01181038741534652   0.00003828897199759383
317.5   0.011823880910200476   0.00003832595651063922
317.75   0.011837841916325803   0.00003836620108940909
318.   0.011852331728590642   0.00003840953799731665
318.25   0.011867553368465683   0.000038458247482322474
318.5   0.011883374221515584   0.0000385087435958789
318.75   0.011899801631834808   0.00003855985599422304
319.   0.011916843271756078   0.000038610397385317636
319.25   0.011934574754318934   0.00003865382459405111
319.5   0.011952910231103148   0.00003869635516872341
319.75   0.011971830893373923   0.00003873892298577727
320.   0.011991317883041891   0.00003878247690998038
320.25   0.012011552706654804   0.000038829333365451845
320.5   0.012032237123706588   0.00003887858899778368
320.75   0.012053270363879192   0.00003893068977187133
321.   0.012074550241043517   0.000038986089997850415
321.25   0.012094650111654595   0.000039044219089656574
321.5   0.012115307996953272   0.0000391069891412642
321.75   0.012136957398144776   0.00003917530377972381
322.   0.012160039659561101   0.000039250083919815316
322.25   0.012187363164587246   0.00003933864119621981
322.5   0.012216100393069064   0.000039433057073202664
322.75   0.01224575400821364   0.000039531703814561005
323.   0.012275818139807642   0.00003963292602549783
323.25   0.012303667912068003   0.000039733052760077286
323.5   0.012331717541608512   0.000039833136056858206
323.75   0.01236029683251948   0.000039932243114756845
324.   0.012389742283500073   0.000040029424088059726
324.25   0.012421729978442578   0.000040123895420173685
324.5   0.012454755721682923   0.00004021441453309355
324.75   0.012488632004856644   0.000040299900201654886
325.   0.012523168133729657   0.00004037924923831925
325.25   0.012556917065562712   0.00004043435226075529
325.5   0.012591425013630456   0.00004048769310522399
325.75   0.012627004969603579   0.000040545064883624155
326.   0.012663977329896414   0.00004061238632120544
326.25   0.01270395151424518   0.00004071777672545791
326.5   0.012745481561666487   0.00004083672557527365
326.75   0.012788385982174088   0.0000409664994458214
327.   0.012832480185450308   0.000041104308406402966
327.25   0.012876644429773177   0.000041242313292959225
327.5   0.012921983334328317   0.000041384540784042515
327.75   0.012968685667627163   0.000041530066946289885
328.   0.01301694591245254   0.00004167794906542215
328.25   0.013067508608893464   0.00004182226200978458
328.5   0.013119824583205741   0.00004196892025247244
328.75   0.013173883271330544   0.000042118965027541715
329.   0.013229675432475876   0.00004227346837435031
329.25   0.01328691596532493   0.000042435824028152275
329.5   0.013345983834020289   0.00004260399155100753
329.75   0.01340698904054737   0.00004277820157319081
330.   0.013470046645812911   0.00004295869737749799
330.25   0.013535564057209966   0.000043141741372271854
330.5   0.013603269177888143   0.00004333315108058284
330.75   0.01367317569151692   0.00004353486805057743
331.   0.013745300367855462   0.00004374890105341357
331.25   0.01381947138269874   0.000043988268172552523
331.5   0.01389597884240765   0.00004423995102960326
331.75   0.013974930201096518   0.000044501648033967125
332.   0.014056439868517038   0.00004477099691271122
332.25   0.014140577769722114   0.00004503585643894101
332.5   0.014227546183904408   0.00004530719935098519
332.75   0.01431750583323715   0.000045586501830515755
333.   0.014410627919493277   0.000045875305674672806
333.25   0.014507244520778182   0.000046180688314916594
333.5   0.014607343701306046   0.00004649676978412439
333.75   0.014711071739229507   0.00004682303996041435
334.   0.014818587421105991   0.00004715899066354919
334.25   0.01492957064796169   0.000047496888747391505
334.5   0.015044890924657906   0.00004784623474542653
334.75   0.015164959526803141   0.00004820956518513618
335.   0.01529021523836299   0.000048589553731580484
335.25   0.015422007468476707   0.00004899642659547355
335.5   0.015559622343923635   0.00004942294385437847
335.75   0.015703228721473006   0.00004986915808307853
336.   0.015853019124669628   0.000050335175206681044
336.25   0.016008441597696182   0.00005081545300630972
336.5   0.01617080961435585   0.000051318105621079414
336.75   0.01634073359637818   0.00005184586906973209
337.   0.016518880314348554   0.000052401700447862196
337.25   0.016706519446702116   0.00005299744801196056
337.5   0.016903711118094755   0.000053624696192144976
337.75   0.01711111019479234   0.000054283561704460304
338.   0.017329451564583504   0.00005497429910988209
338.25   0.017558910755588616   0.0000556851450986237
338.5   0.017801316665803934   0.00005643344218613621
338.75   0.018058007566653118   0.000057225271064201645
339.   0.018330486270599255   0.00005806735313743286
339.25   0.01862125018510247   0.000058978231911639086
339.5   0.018931122251578943   0.000059951078776292675
339.75   0.01926194201162138   0.000060990436029892284
340.   0.0196158378841152   0.00006210165808723306
340.25   0.01999436391812318   0.00006329188026879571
340.5   0.020401669528564297   0.00006456752126829775
340.75   0.02084156509574472   0.00006593718163918742
341.   0.02131852649218378   0.00006741119418852006
341.25   0.021839070245602544   0.00006897803286466284
341.5   0.02240785679014448   0.00007068535284565079
341.75   0.023031921857851446   0.00007256250325587106
342.   0.023719834581614953   0.00007464449157718381
342.25   0.024482629884728286   0.00007700895303487211
342.5   0.025332612071411027   0.00007965969629622552
342.75   0.02628571435248662   0.00008264322505234337
343.   0.027361874035700704   0.00008601811583592878
343.25   0.028580102091352453   0.00008983954018937127
343.5   0.029979374072749934   0.00009422403554423883
343.75   0.03160077839671039   0.00009929363413541288
344.   0.03349311873463404   0.00010519276030814605
344.25   0.03572064726549041   0.00011206054310317316
344.5   0.03832401274194039   0.00012007525447892866
344.75   0.041337801530412485   0.00012935338404490628
345.   0.04476555869703036   0.00013991825905384557
345.25   0.04856097214757874   0.00015171491600979311
345.5   0.05265762480682318   0.00016447204636800918
345.75   0.056963224007287636   0.00017789622331497286
346.   0.06138689734273484   0.00019169568324471203
346.25   0.0658573300012431   0.00020559715051077985
346.5   0.07031172857913379   0.00021943994082088687
346.75   0.07470885183647492   0.00023309766514384214
347.   0.07902139422256872   0.00024648812018467954
347.25   0.08322896468337423   0.00025953589627584665
347.5   0.08732582109857122   0.00027224754638324815
347.75   0.09130828157535972   0.00028462402827708703
348.   0.09517597068717064   0.00029667824076149313
348.25   0.09893052776673714   0.0003085069857776409
348.5   0.10257525815486819   0.00032003580300715354
348.75   0.10611418361210236   0.0003312590816769494
349.   0.10955181013044041   0.0003421696034538715
349.25   0.1128963208818926   0.00035269916136243973
349.5   0.11614794360271007   0.0003629153693799668
349.75   0.11930994654858695   0.00037283100637783187
350.   0.12238537879014127   0.00038245886988339623
350.25   0.12537490519580305   0.00039190570517387243
350.5   0.12828396739695802   0.00040105614814532864
350.75   0.13111580264668063   0.0004098799913621076
351.   0.13387346665514765   0.0004183432161618842
351.25   0.13655808135193967   0.0004261313972453589
351.5   0.13917475070575624   0.0004335813531938453
351.75   0.1417267953501465   0.0004407712769703533
352.   0.14421743721171373   0.00044778504071080205
352.25   0.1466529305859429   0.00045497977994136057
352.5   0.14903203815184432   0.00046208296048798456
352.75   0.15135636016843634   0.00046907702209824607
353.   0.15362733837678233   0.000475941800502778
353.25   0.1558439396474176   0.00048256045861110383
353.5   0.15801051347274195   0.0004890374007246294
353.75   0.16012908767492823   0.0004953860635858868
354.   0.16220162336077731   0.0005016200014257234
354.25   0.1642311612733092   0.000507795043774073
354.5   0.16621797309791464   0.0005138669458008033
354.75   0.1681633605438376   0.0005198315676804303
355.   0.17006855262326837   0.0005256839893786047
355.25   0.17193959232633818   0.0005313779213827361
355.5   0.1737708420965322   0.0005369630224999613
355.75   0.17556126040542186   0.0005424495254509952
356.   0.17730965415220115   0.0005478477995524127
356.25   0.178999319622441   0.0005532226207260297
356.5   0.18065000595608788   0.0005585096635842342
356.75   0.18226660715978754   0.0005636967360918847
357.   0.18385416145641018   0.0005687708220617158
357.25   0.18543366233952954   0.0005736582171135332
357.5   0.18698855480825075   0.0005784271766347155
357.75   0.1885176291811533   0.0005830876074038185
358.   0.19001955172565804   0.0005876496673158722
358.25   0.19148542153331924   0.0005922178198080675
358.5   0.1929239807772947   0.0005966724884919215
358.75   0.19433667357128365   0.0006009850971742624
359.   0.19572494731884   0.0006051258999145245
359.25   0.1970956637687329   0.0006088354943402832
359.5   0.1984427814381796   0.0006123985467335318
359.75   0.19976549921801004   0.0006158775188391324
360.   0.20106294666568333   0.0006193369784581896
360.25   0.20232562048260966   0.0006230968221079782
360.5   0.20356439654497618   0.0006268744571332716
360.75   0.20478177896544797   0.0006306349261791284
361.   0.20598032072772318   0.0006343419362762005
361.25   0.20716476193146263   0.0006378965482284084
361.5   0.2083347828064912   0.0006413450203395618
361.75   0.20949218943003695   0.0006446727415197624
362.   0.21063880813413277   0.0006478646253553553
362.25   0.211800186536032   0.0006507948152522019
362.5   0.2129452836608576   0.0006536004615240548
362.75   0.21406616040477064   0.0006563108476437939
363.   0.21515463174243188   0.0006589560617266415
363.25   0.2161624569328596   0.0006616330019495892
363.5   0.21713628516510108   0.0006642816002552602
363.75   0.21808369638865466   0.0006669069481031069
364.   0.21901246516178458   0.0006695141815651215
364.25   0.21995677762822527   0.0006721747466989508
364.5   0.22088834441687322   0.0006748017733824901
364.75   0.2218046753883582   0.0006773731724714274
365.   0.2227031997599732   0.0006798662409195717
365.25   0.22356941594555751   0.0006821317497478805
365.5   0.22441707565991717   0.0006843208872922143
365.75   0.22524826122663527   0.0006864610818724118
366.   0.2260650922652749   0.0006885803778794002
366.25   0.22687509376184387   0.0006908183788166266
366.5   0.22767299092555268   0.0006930500020856269
366.75   0.22845880257409984   0.0006952594165527132
367.   0.229232534778443   0.0006974303770272966
367.25   0.22999424583398556   0.0006994718018782639
367.5   0.23074382742944022   0.0007014702010687191
367.75   0.2314812228677767   0.0007034387175250263
368.   0.2322063634659156   0.0007053907389234493
368.25   0.2329184905719352   0.0007073895459550695
368.5   0.23361845645638493   0.0007093798979903881
368.75   0.2343064365840324   0.0007113555177487022
369.   0.23498260102133953   0.00071330995834605
369.25   0.2356481243746241   0.0007152522913604831
369.5   0.23630176062417296   0.0007171539046194527
369.75   0.23694325075648973   0.0007190014335521786
370.   0.23757232326496827   0.0007207812367576886
370.25   0.2381861483481373   0.000722381948612735
370.5   0.2387879758091318   0.0007239250942686373
370.75   0.239378540582238   0.000725436126505048
371.   0.2399585847084382   0.0007269409508375353
371.25   0.24053286117568445   0.0007285495827322738
371.5   0.24109654910538095   0.0007301722770709468
371.75   0.241648773958699   0.0007318020372313764
372.   0.2421886401030668   0.0007334317071647943
372.25   0.24270650070439814   0.0007350963838924358
372.5   0.24321358217550407   0.0007367295168326519
372.75   0.2437124949411069   0.0007383061606346195
373.   0.24420588806739268   0.0007398009383189101
373.25   0.24470994094429754   0.0007410664943474029
373.5   0.245208577244142   0.0007422459898806451
373.75   0.2456990507195502   0.000743362414857731
374.   0.24617856518011413   0.0007444391322908315
374.25   0.2466338591713931   0.0007455228063411079
374.5   0.24707655627069902   0.000746605565249774
374.75   0.24750796382077797   0.0007477025024799834
375.   0.2479294063228983   0.0007488289212221211
375.25   0.2483435876097083   0.0007501541692720011
375.5   0.24874996660457918   0.0007514795141016832
375.75   0.24914936256573716   0.0007527581700092934
376.   0.24954260292743985   0.0007539426412344381
376.25   0.2499347036310178   0.0007547401970256516
376.5   0.2503206797822444   0.0007554428860764192
376.75   0.2506996801373986   0.0007561007400644637
377.   0.2510708374991706   0.0007567645103374088
377.25   0.2514303142502637   0.0007576530510092408
377.5   0.251781332162576   0.00075858510403532
377.75   0.2521241802636302   0.0007595453869140325
378.   0.25245914875952435   0.0007605183806586954
378.25   0.2527873310971523   0.0007614636478079442
378.5   0.253107901253479   0.0007623996337974743
378.75   0.2534208267139593   0.0007633201717148491
379.   0.2537260719038298   0.0007642190018099577
379.25   0.2540235982443302   0.0007650897728609477
379.5   0.25431336420744965   0.0007659260435110115
379.75   0.2545953253692327   0.0007667212835768681
380.   0.2548694344617085   0.0007674688753298386
