310.   -0.0031871115301915125   6.330003274348232e-6
310.25   -0.003189282324193831   6.332718148207829e-6
310.5   -0.003191750576798481   6.338736663265056e-6
310.75   -0.0031945058677499984   6.347450488487818e-6
311.   -0.0031975376435257547   6.358240013912411e-6
311.25   -0.0032008352120355362   6.370473894090899e-6
311.5   -0.003204387737071211   6.383508569308127e-6
311.75   -0.0032081842324919972   6.396687763266278e-6
312.   -0.0032122135561298004   6.409341955846237e-6
312.25   -0.0032164524325029777   6.419220594891918e-6
312.5   -0.003220906046772396   6.427806970030564e-6
312.75   -0.0032255676614068663   6.435031519842761e-6
313.   -0.0032304304616818107   6.4408229743372546e-6
313.25   -0.0032354393111745892   6.4421621549951244e-6
313.5   -0.0032406543449731333   6.443072830796471e-6
313.75   -0.003246088317195257   6.44468856940867e-6
314.   -0.0032517543413138257   6.448168403757699e-6
314.25   -0.003257719072013983   6.459818748100551e-6
314.5   -0.0032639224502141084   6.473731219020501e-6
314.75   -0.0032703568976324626   6.489041739574662e-6
315.   -0.003277014744455882   6.5048663894069546e-6
315.25   -0.0032837758889372494   6.52093697394173e-6
315.5   -0.0032907886474388215   6.535442150789318e-6
315.75   -0.00329809132938086   6.547170508934031e-6
316.   -0.0033057232974461753   6.55488019097966e-6
316.25   -0.0033138675725646756   6.547040975996708e-6
316.5   -0.0033223676618907056   6.536599869592073e-6
316.75   -0.0033312075918764538   6.526446200353628e-6
317.   -0.0033403711100278063   6.519544410757399e-6
317.25   -0.003349774137058991   6.528984388684922e-6
317.5   -0.003359493641379648   6.543935475374532e-6
317.75   -0.003369540359131772   6.563459128738069e-6
318.   -0.0033799254681959566   6.58659247944462e-6
318.25   -0.003390662341404898   6.612806379091115e-6
318.5   -0.0034017607116258114   6.640447572944287e-6
318.75   -0.0034132325151379254   6.668282051884936e-6
319.   -0.0034250902138417516   6.695040234301841e-6
319.25   -0.003437309290935169   6.713448438699401e-6
319.5   -0.0034499554452361385   6.730441174042701e-6
319.75   -0.003463058472204588   6.747105066041627e-6
320.   -0.0034766493127023476   6.764560164283345e-6
320.25   -0.003490849590922204   6.785722147962771e-6
320.5   -0.0035055686305188955   6.8093419778468986e-6
320.75   -0.003520804032412429   6.835920255070305e-6
321.   -0.003536553600279814   6.865975163239184e-6
321.25   -0.0035527197345096386   6.903147372249719e-6
321.5   -0.003569433249594041   6.943690454156892e-6
321.75   -0.0035867324915359895   6.986888562734542e-6
322.   -0.003604657486402301   7.032002221103472e-6
322.25   -0.003623301785912389   7.077964142318869e-6
322.5   -0.0036426374312532833   7.124402318154807e-6
322.75   -0.0036626885560138486   7.1706233759470135e-6
323.   -0.0036834806405704177   7.215908369969392e-6
323.25   -0.0037051448790311205   7.255064846424354e-6
323.5   -0.0037275653710985893   7.29347284208076e-6
323.75   -0.0037507285227291365   7.33218920640744e-6
324.   -0.003774620723744974   7.3723134229643406e-6
324.25   -0.003798964241109618   7.418191212609898e-6
324.5   -0.0038241107647425682   7.466589509179335e-6
324.75   -0.0038501576993425247   7.51740920517275e-6
325.   -0.0038772073146868223   7.570548609466744e-6
325.25   -0.0039056266764027226   7.625042181477685e-6
325.5   -0.003935170236169986   7.681972433159826e-6
325.75   -0.0039658476727936825   7.741592155832348e-6
326.   -0.003997670037008005   7.804167938330399e-6
326.25   -0.004030509707136034   7.871175150774153e-6
326.5   -0.004064574309406441   7.941263406908069e-6
326.75   -0.00409993914978181   8.014241820810556e-6
327.   -0.004136684497030362   8.089912421016788e-6
327.25   -0.004174946179544702   8.165780628074254e-6
327.5   -0.0042147465730017625   8.244788129640037e-6
327.75   -0.004256162249726493   8.327686755297006e-6
328.   -0.004299275569543599   8.415273279685251e-6
328.25   -0.004344151943157451   8.511203672581938e-6
328.5   -0.004390919034442276   8.612509139336026e-6
328.75   -0.004439690034530401   8.718944748630922e-6
329.   -0.004490587102886978   8.830256018158669e-6
329.25   -0.004543665380602634   8.944561787830673e-6
329.5   -0.004599173448087319   9.063806517280479e-6
329.75   -0.004657299390595919   9.18839757207118e-6
330.   -0.004718246863690782   9.318775712416162e-6
330.25   -0.004782445890558929   9.4593928535473e-6
330.5   -0.004849849812981195   9.605317587416994e-6
330.75   -0.004920629263851264   9.755387928570628e-6
331.   -0.004994971806129739   9.908361385680687e-6
331.25   -0.005072870547735433   0.000010053811338457342
331.5   -0.005154845108147065   0.000010202744027597794
331.75   -0.005241240585635329   0.000010357597959124684
332.   -0.005332436938997081   0.00001052102396328595
332.25   -0.005429045544825521   0.000010697067412648817
332.5   -0.005531268524427149   0.000010887318969770897
332.75   -0.005639535502168652   0.000011094743043494234
333.   -0.005754325661074577   0.000011322610346698915
333.25   -0.0058758800560062404   0.000011590255923269626
333.5   -0.006005199938707433   0.000011880359068093365
333.75   -0.006143093297072881   0.000012190352653154942
334.   -0.006290469331022503   0.000012517417562795368
334.25   -0.006448654076588858   0.00001284520080181283
334.5   -0.0066184063534120655   0.000013188131341888239
334.75   -0.006800913042842295   0.000013548375952248863
335.   -0.006997531260317196   0.00001392840042828074
335.25   -0.007209776411841181   0.000014321726426338855
335.5   -0.007439501525008886   0.000014744076223763624
335.75   -0.007688805905821185   0.000015203524445396878
336.   -0.007960131530973701   0.000015709424908276795
336.25   -0.00825628959113895   0.000016292024946740494
336.5   -0.008580692720371885   0.000016938393007452397
336.75   -0.008937325995307452   0.000017654398457277217
337.   -0.009330926175576524   0.000018447028486527144
337.25   -0.009767017969477555   0.000019312496825858487
337.5   -0.010252605804771027   0.00002027678838110711
337.75   -0.010796025819559251   0.000021358053774092554
338.   -0.01140745619416603   0.000022578489696465855
338.25   -0.012099547447203849   0.000023977238420497105
338.5   -0.012887653623255255   0.000025573123867846353
338.75   -0.013791099505534568   0.000027402614664499935
339.   -0.014834214024841284   0.000029511480638933126
339.25   -0.01604802105522974   0.00003194561842407793
339.5   -0.017471698469471636   0.00003479335768394337
339.75   -0.01915567851447891   0.000038154936201132034
340.   -0.021164759521349236   0.000042159139525438275
340.25   -0.02358148990459502   0.000046966984341729685
340.5   -0.02651115123129515   0.000052791399583750504
340.75   -0.030082240895951334   0.00005988977708360995
341.   -0.034441531451533405   0.00006855713942404554
341.25   -0.039730884466302276   0.00007916418724356904
341.5   -0.0460277935064782   0.0000917785842959256
341.75   -0.05322011664381359   0.00010613250864233586
342.   -0.060814994056605884   0.0001211722562691013
342.25   -0.06779044055669749   0.00013440929939940473
342.5   -0.072767376069653   0.00014346390040117035
342.75   -0.07473459495027829   0.00014650347474006419
343.   -0.07382162647303428   0.00014398421104995192
343.25   -0.07122694810359802   0.00013880331848399317
343.5   -0.06835551599155129   0.00013323140455706275
343.75   -0.06607456037536336   0.00012889241583342447
344.   -0.0645798748901452   0.00012611285276914
344.25   -0.06366463424087485   0.00012430517096974345
344.5   -0.06304925435605452   0.00012306735044298253
344.75   -0.0625580652904108   0.0001220601634442768
345.   -0.0621242996452991   0.00012115699881514611
345.25   -0.06173825397640312   0.00012033672180679968
345.5   -0.061406980112573444   0.00011962490852724598
345.75   -0.061134849602144006   0.00011903593155348778
346.   -0.06091924094617208   0.00011857054092670864
346.25   -0.06075263405821827   0.00011827949045699797
346.5   -0.060626301246175685   0.00011806871542823767
346.75   -0.06053176699314815   0.00011790398059470423
347.   -0.0604617911710305   0.00011775327579387863
347.25   -0.060410854423346504   0.00011748862208158764
347.5   -0.0603738924567671   0.00011722000197352888
347.75   -0.06034720014574537   0.00011696169859496872
348.   -0.06032788214550118   0.00011672985797987688
348.25   -0.06031242341499882   0.00011660147468771988
348.5   -0.06030076537109787   0.00011651274966754129
348.75   -0.0602919842524021   0.00011645952312712162
349.   -0.060285441376429154   0.00011643816447789564
349.25   -0.0602818333894093   0.00011645905244805678
349.5   -0.06027935857921274   0.00011650027095170359
349.75   -0.06027745067892041   0.00011655356845037474
350.   -0.060275643456332996   0.00011661078378178207
350.25   -0.060273789584207954   0.00011665317735519778
350.5   -0.06027122837421467   0.00011668747073885433
350.75   -0.06026758582432386   0.0001167098840747631
351.   -0.060262526054491485   0.00011671667030761342
351.25   -0.060254052261116076   0.00011666145841228156
351.5   -0.06024424187055065   0.00011659999627569478
351.75   -0.06023352101888137   0.00011654590710583224
352.   -0.06022234037481581   0.00011651303252987116
352.25   -0.060214965255338156   0.00011660042380704077
352.5   -0.06020659538299722   0.00011670377823428977
352.75   -0.060196195675185374   0.00011680298804365907
353.   -0.060182726346844   0.0001168777002513735
353.25   -0.06016058172339953   0.00011683807192783158
353.5   -0.060135070404749705   0.00011675986134055092
353.75   -0.06010698509010454   0.00011665012589408914
354.   -0.0600771327078099   0.00011651602628092605
354.25   -0.060048506725823105   0.00011634216890157917
354.5   -0.06001890820821346   0.0001161675200864974
354.75   -0.05998829971196488   0.00011600873348447118
355.   -0.059956645000476316   0.00011588266243392556
355.25   -0.059923560492286906   0.0001158974121623846
355.5   -0.05988949732796128   0.00011594316646600404
355.75   -0.05985456243543065   0.00011600040034940991
356.   -0.059818864485906204   0.000116049360891866
356.25   -0.05978394418008052   0.00011599436160176134
356.5   -0.059747916810262224   0.00011592086072593774
356.75   -0.059710315000321666   0.00011583915144990293
357.   -0.05967066626032146   0.00011575964276936128
357.25   -0.05962684565270207   0.00011575575455315006
357.5   -0.059580669681268406   0.00011575033382241049
357.75   -0.059532318348765816   0.00011572862652662888
358.   -0.05948197348182531   0.0001156757232219758
358.25   -0.059429468781522166   0.00011549785283487607
358.5   -0.059375477839933306   0.00011528967149610155
358.75   -0.05932032922455066   0.0001150677100831139
359.   -0.05926435443154001   0.00011484867053012727
359.25   -0.059209224104680214   0.00011469863522996916
359.5   -0.05915340982094791   0.00011456593655517465
359.75   -0.05909671020845071   0.00011444784150763042
360.   -0.05903892135429388   0.00011434158605267738
360.25   -0.05897932605006587   0.00011424587607517778
360.5   -0.0589184285188779   0.00011415579205483653
360.75   -0.058856224138472815   0.00011406787246378198
361.   -0.05879270775459549   0.00011397862112427522
361.25   -0.0587268440272943   0.00011386409786501587
361.5   -0.05866006445713541   0.00011374923777246338
361.75   -0.05859277889621766   0.00011363870231867012
362.   -0.05852540035535155   0.00011353719379553838
362.25   -0.058461087901637177   0.00011347835518122478
362.5   -0.05839643026455617   0.0001134266099569963
362.75   -0.058330740178623004   0.00011337508980752446
363.   -0.0582633238107705   0.00011331686447075252
363.25   -0.058190652011300185   0.00011321446080764559
363.5   -0.05811596884396638   0.00011310339817718444
363.75   -0.058039705092109435   0.00011298889028862927
364.   -0.05796229483530686   0.00011287619474947318
364.25   -0.057884830045433544   0.00011279861005050214
364.5   -0.057806836873991845   0.00011272237513351871
364.75   -0.057728494376586316   0.00011264155976226007
365.   -0.05764998257268355   0.0001125501843943255
365.25   -0.0575728948816542   0.00011240871607957474
365.5   -0.05749544027543728   0.00011225787891115685
365.75   -0.05741723092102983   0.00011210508641617172
366.   -0.057337875475832745   0.00011195781047354528
366.25   -0.0572554291860126   0.00011186197319706819
366.5   -0.05717165900812681   0.00011177152899643194
366.75   -0.05708678938939637   0.00011167861332766555
367.   -0.057001046162138615   0.00011157530046382471
367.25   -0.056915236464246205   0.00011141699750532697
367.5   -0.056828778645700614   0.00011124679957312108
367.75   -0.056741668411209714   0.00011107138317391807
368.   -0.056653901070315066   0.00011089747435113382
368.25   -0.0565654390644492   0.0001107578966516179
368.5   -0.056476322307752604   0.00011062308004163173
368.75   -0.05638655807018454   0.00011048938053455624
369.   -0.05629615334248034   0.00011035312696128256
369.25   -0.056205096712368806   0.0001101977656036083
369.5   -0.05611341995400688   0.00011003753422385174
369.75   -0.056021136561822914   0.00010987387010969477
370.   -0.05592825981811191   0.00010970822025004101
370.25   -0.055835007239585475   0.00010954239511840841
370.5   -0.05574110602975942   0.00010937736613385534
370.75   -0.05564648638052161   0.00010921446574861996
371.   -0.055551077741243404   0.00010905503460922891
371.25   -0.05545455940941348   0.00010894182848845327
371.5   -0.055357207914729964   0.0001088183433161856
371.75   -0.05525905113946869   0.00010866924381256748
372.   -0.05516011691127591   0.0001084790955425828
372.25   -0.05505998606686796   0.00010813145079349795
372.5   -0.05495931089731846   0.00010775170484404284
372.75   -0.05485829928272492   0.00010736482455439008
373.   -0.05475716017281012   0.00010699593612529261
373.25   -0.05465603717190896   0.00010676295887282498
373.5   -0.05455523411899618   0.00010656187035339844
373.75   -0.054454989850100104   0.00010638091802923229
374.   -0.05435554437368067   0.00010620827433149723
374.25   -0.054259390012631574   0.00010599384560682616
374.5   -0.05416362287995248   0.00010577903426518801
374.75   -0.054067579126488755   0.0001055671864552374
375.   -0.05397059068928234   0.00010536166776408327
375.25   -0.053869287261148174   0.00010517075127083269
375.5   -0.05376676353055422   0.00010499100842766225
375.75   -0.05366342631981397   0.00010482389180759252
376.   -0.0535596846708167   0.00010467086112344282
376.25   -0.053456878029704426   0.00010455836934544622
376.5   -0.05335412240046194   0.0001044529664169739
376.75   -0.05325145936146687   0.00010434606693905068
377.   -0.05314893051676927   0.00010422903642254203
377.25   -0.05304714180950778   0.00010407251718713129
377.5   -0.05294534610692067   0.00010389667743156243
377.75   -0.05284335779441907   0.00010370106682362971
378.   -0.05274099005565784   0.00010348523353128597
378.25   -0.05263730585696343   0.00010325670919049154
378.5   -0.052533163057168084   0.00010300387732991595
378.75   -0.05242867297317672   0.00010272306615021112
379.   -0.052323947369966935   0.00010241058553466752
379.25   -0.052219098454780746   0.0001020627272958515
379.5   -0.05211423887140528   0.00010167576541830124
379.75   -0.052009481694539436   0.0001012459562973644
380.   -0.05190494042424525   0.00010076953897426092
