310.   0.026505138886140884   0.000016108309856550522
310.25   0.02649744117758435   0.000016120862024796804
310.5   0.0264905427222821   0.00001612156473016672
310.75   0.026484433489419736   0.000016113774567659032
311.   0.02647910349898541   0.000016100883159305356
311.25   0.02647454282378856   0.000016086318235533633
311.5   0.026470741591588156   0.00001607354475547956
311.75   0.02646768998733643   0.000016066066068004856
312.   0.02646537825554417   0.00001606742511527497
312.25   0.026463741162181365   0.000016102864667288324
312.5   0.026462846580905672   0.000016145787276773638
312.75   0.026462707481832454   0.00001619107583821602
313.   0.026463337171231647   0.000016233554475208805
313.25   0.02646466556296921   0.000016245745761783278
313.5   0.026466823508338892   0.000016253381754247732
313.75   0.026469859384430937   0.000016260126211282833
314.   0.02647382237157701   0.0000162696869221849
314.25   0.026478951674038232   0.000016302856977870948
314.5   0.02648503423121642   0.000016339665481750758
314.75   0.02649204496397812   0.000016377040681420126
315.   0.026499958731267283   0.000016411872525629163
315.25   0.02650859247076787   0.000016428705842220748
315.5   0.026518141100925992   0.000016441514117521
315.75   0.02652864344440587   0.000016452065363186585
316.   0.02654013911485305   0.000016462150461986267
316.25   0.026552773873311206   0.00001647907845353828
316.5   0.026566442115081856   0.000016497025759766876
316.75   0.026581143174297973   0.000016515622342568603
317.   0.026596876705420665   0.00001653449333692838
317.25   0.02661355792579347   0.000016554354428978474
317.5   0.026631305374435796   0.000016573292976476015
317.75   0.02665015425120229   0.00001659047271391654
318.   0.02667014063755058   0.000016605045325734764
318.25   0.026691368919803653   0.000016609460263837148
318.5   0.026713783104846456   0.00001661216998924413
318.75   0.026737394693121225   0.00001661501190023207
319.   0.02676221580185518   0.000016619850912273403
319.25   0.026788231193262922   0.00001663238810859366
319.5   0.026815493327213436   0.0000166492394962836
319.75   0.026844027753464516   0.000016670807025195173
320.   0.026873860938595007   0.00001669749994766587
320.25   0.026905022814679186   0.000016733543396227494
320.5   0.026937538312234024   0.00001677405513210752
320.75   0.02697143587975772   0.000016817914414302156
321.   0.027006745043184826   0.00001686398307659406
321.25   0.027043567372434463   0.000016911350678321923
321.5   0.02708183589958924   0.000016958499500949133
321.75   0.027121554734719066   0.000017004134294297788
322.   0.027162728774834465   0.000017046937553303404
322.25   0.027205093819437046   0.000017080983256394686
322.5   0.027249032436770262   0.00001711129325633807
322.75   0.02729466248903279   0.000017138351911347242
323.   0.027342104848120666   0.000017162651915070866
323.25   0.0273917896937428   0.000017181128117343263
323.5   0.027443418038231054   0.000017199257406076674
323.75   0.027496995378202705   0.000017219019470549568
324.   0.027552528402566764   0.00001724243243244584
324.25   0.027609913096520357   0.000017280488591236057
324.5   0.027669314606593776   0.00001732285163012651
324.75   0.027730789508658538   0.00001736800517589191
325.   0.02779439682037686   0.00001741440360227406
325.25   0.027860260023282183   0.000017457763443331715
325.5   0.027928357311484416   0.00001750024367315961
325.75   0.02799873048453349   0.00001754131302240653
326.   0.02807142382984348   0.000017580429098726882
326.25   0.02814631282456508   0.000017611140070256434
326.5   0.02822368569441383   0.000017641084090784357
326.75   0.028303665586355314   0.000017672105585904975
327.   0.028386380435666124   0.000017706091613978515
327.25   0.028472106327417222   0.000017749785675894565
327.5   0.028560782698838265   0.000017798476360891787
327.75   0.028652494762126095   0.000017852212402816514
328.   0.028747332345135494   0.000017911046386042748
328.25   0.0288453789808401   0.000017976507242737236
328.5   0.028946750246616287   0.000018046609705377423
328.75   0.029051556357768692   0.000018120812384595954
329.   0.029159913634567936   0.000018198562871027217
329.25   0.0292719166455303   0.000018277749951035204
329.5   0.02938773451407885   0.00001835994672575984
329.75   0.029507516249018494   0.000018445203261498474
330.   0.029631419219952035   0.00001853357398518109
330.25   0.029759659796994527   0.000018624474520623336
330.5   0.029892344507340525   0.000018718862507956254
330.75   0.030029638991046763   0.00001881707410670282
331.   0.03017171943095122   0.000018919459479217965
331.25   0.03031861651359039   0.00001902888932320789
331.5   0.03047074775792386   0.000019142268471253364
331.75   0.03062839145759577   0.000019258955170659846
332.   0.030791842456173044   0.000019378292151499156
332.25   0.03096160681430721   0.000019497404223197537
332.5   0.031137748751223663   0.000019618652322849767
332.75   0.03132054110240631   0.00001974224331428
333.   0.03151027681341864   0.00001986839686753021
333.25   0.03170718673290314   0.000019990198776574722
333.5   0.03191172620714956   0.000020117799772382683
333.75   0.032124295579563436   0.000020254453020214697
334.   0.03234532543536405   0.00002040354694194166
334.25   0.03257525236519654   0.00002059326387683882
334.5   0.032814614453276277   0.00002079319087845317
334.75   0.03306396390294171   0.00002099685365070443
335.   0.03332389804837459   0.000021197521959325263
335.25   0.033595143336071644   0.00002135402274967683
335.5   0.03387829330560995   0.0000215062623978018
335.75   0.03417407930667382   0.00002166100140932778
336.   0.03448330010573982   0.000021825326292481026
336.25   0.03480677644806203   0.000022028638757664004
336.5   0.035145541174296725   0.00002224848179642467
336.75   0.035500671421103386   0.000022483826698689097
337.   0.03587335336070957   0.00002273363243748615
337.25   0.036264876587765095   0.000023000487387962027
337.5   0.036676718999318736   0.000023278310822155757
337.75   0.037110499649956136   0.00002356447135223385
338.   0.037568021708107566   0.000023856231769636445
338.25   0.03805136645002799   0.00002412509904526805
338.5   0.03856270204671149   0.00002440332146862626
338.75   0.0391045429026079   0.000024698823899209886
339.   0.039679731947827306   0.000025020159701380434
339.25   0.04029137751332298   0.000025402951846005218
339.5   0.0409433242936155   0.00002582123552255426
339.75   0.04163984224066568   0.000026274624776067344
340.   0.042385845214348114   0.000026762915158245696
340.25   0.04318725539831238   0.000027277660823653596
340.5   0.04405036703459708   0.00002783070495014122
340.75   0.04498282338036571   0.000028426443014416203
341.   0.04599364106392629   0.000029070093093225787
341.25   0.047093183829988644   0.0000297631037766109
341.5   0.04829473463057493   0.0000305194529726695
341.75   0.04961389788150247   0.00003135038391669409
342.   0.051069620164290265   0.00003226942159952753
342.25   0.052685330627251566   0.0000333022672197779
342.5   0.054489308714671114   0.00003445659200005761
342.75   0.056516964956185925   0.00003575290197846613
343.   0.058812516030840443   0.00003721697408580025
343.25   0.06143115716106128   0.00003887940856279513
343.5   0.06444194048723492   0.0000407829981045449
343.75   0.06792945462448263   0.00004297817340838565
344.   0.07199397638776486   0.00004552442288146046
344.25   0.07674695432799361   0.000048444464436471905
344.5   0.08229458215553478   0.000051853286139214434
344.75   0.0887120827899962   0.00005581248165978641
345.   0.09600877041062787   0.00006034771055221039
345.25   0.10410395438535289   0.00006552942278666402
345.5   0.11284034133143474   0.00007117690068989865
345.75   0.12201832780563099   0.00007715752834918109
346.   0.13144117257306182   0.00008333404150011511
346.25   0.14094549154305364   0.0000895411539648505
346.5   0.15040471095569358   0.00009572505508065812
346.75   0.15973182570152267   0.00010181866727578845
347.   0.16887013167764708   0.00010777208752408665
347.25   0.1777835708474274   0.00011349863680663987
347.5   0.18645517894199498   0.00011903366901691645
347.75   0.19487713288918648   0.00012437784144901296
348.   0.20304854930438296   0.00012953859950210354
348.25   0.2109741977696965   0.00013454889306563364
348.5   0.21865882933009753   0.00013939782080787502
348.75   0.22610986953512713   0.00014409503849016554
349.   0.23333557615423742   0.0001486514727382549
349.25   0.24034366639793114   0.0001531003451531925
349.5   0.2471439645891026   0.00015742530395174115
349.75   0.25374533717100256   0.00016162948250988314
350.   0.26015639497446796   0.0001657154360257869
350.25   0.26638518334714784   0.0001696899277926416
350.5   0.27243993623090096   0.00017354776339772762
350.75   0.2783282882938375   0.00017728751694075993
351.   0.28405749675177694   0.00018090699778329847
351.25   0.2896354953403988   0.0001843490616636426
351.5   0.29506738601064886   0.00018768412642313842
351.75   0.3003588964884697   0.00019093192525985005
352.   0.3055154002451674   0.00019411328823363581
352.25   0.310541449922938   0.00019732842366511168
352.5   0.31544244076555544   0.00020049288037410725
352.75   0.32022302042358103   0.0002035962843496024
353.   0.32488757653865563   0.00020662703152884195
353.25   0.3294405179869759   0.00020949948307030582
353.5   0.33388540191391514   0.00021229985786026386
353.75   0.3382258233419865   0.00021504468778426206
354.   0.3424651748857358   0.00021775124835422626
354.25   0.34660622451086737   0.00022048066824151893
354.5   0.3506525999694077   0.00022319224265638803
354.75   0.35460735112467495   0.00022588684779539488
355.   0.3584733834764329   0.0002285650817847596
355.25   0.3622539919223199   0.00023127357535793425
355.5   0.36595109832324013   0.00023394854126218225
355.75   0.36956700674358905   0.00023657010309332714
356.   0.37310390093111373   0.00023911724826164557
356.25   0.3765628295878267   0.00024152100128937732
356.5   0.3799471691667581   0.0002438229307966787
356.75   0.3832592169554675   0.0002460186761157989
357.   0.3865011942420328   0.0002481037114517758
357.25   0.3896758720294038   0.0002499942356262864
357.5   0.3927844751150922   0.00025179483453894946
357.75   0.3958287629593947   0.00025353385149129876
358.   0.39881042633728225   0.00025524076930400933
358.25   0.4017316129325118   0.00025705287576702814
358.5   0.404593165143349   0.0002588541219358477
358.75   0.4073963709318167   0.0002606324667258419
359.   0.41014245571322067   0.00026237530128072446
359.25   0.4128316877098095   0.0002640060659376585
359.5   0.41546642038914816   0.0002655989150574399
359.75   0.4180480846962289   0.00026716613272143583
360.   0.4205780727178322   0.0002687203703353687
360.25   0.42305832100099977   0.00027039748777176544
360.5   0.42548934401810196   0.0002720404879573086
360.75   0.4278721870399112   0.000273611881476865
361.   0.43020785658801414   0.00027507293866423365
361.25   0.43249867785036816   0.0002761674732587704
361.5   0.43474370396310325   0.0002771544341082245
361.75   0.4369432721034435   0.0002780814115148891
362.   0.4390976709876509   0.0002789974566681424
362.25   0.44120371629190247   0.00028005923582018584
362.5   0.44326636226035615   0.00028117118948771565
362.75   0.445287182860348   0.00028234253663310215
363.   0.4472677485260291   0.00028358264146024695
363.25   0.4492118460987762   0.00028503998312712616
363.5   0.4511179576788829   0.0002865311563360936
363.75   0.452986728440741   0.0002880084597889224
364.   0.4548187787847984   0.000289422864378664
364.25   0.45661387703947354   0.00029055332114137015
364.5   0.45837374787701557   0.00029158549387274144
364.75   0.4600992847317463   0.00029253701828615665
365.   0.4617913679473822   0.00029342600409609825
365.25   0.4634528677834814   0.0002942903595880117
365.5   0.4650818560931388   0.00029512223249646445
365.75   0.4666783521535243   0.00029593312993842223
366.   0.46824234557863165   0.0002967348151273656
366.25   0.4697723024748733   0.0002975840064503829
366.5   0.4712702345668173   0.0002984307872514315
366.75   0.4727366624451024   0.00029926926603042204
367.   0.4741720934914816   0.00030009339182061006
367.25   0.47557564815890085   0.0003008433695613759
367.5   0.47694972074270536   0.00030158739805313806
367.75   0.4782953463115848   0.00030234098470085873
368.   0.4796135600367406   0.0003031199412996379
368.25   0.48090700636415884   0.00030406990619220745
368.5   0.4821744818098842   0.00030502701034038586
368.75   0.48341636261654425   0.00030595479687344065
369.   0.4846330128592601   0.0003068160540519986
369.25   0.48582500270066414   0.00030739688368112717
369.5   0.4869923696146172   0.0003079035502588998
369.75   0.48813535399554464   0.00030836876681683664
370.   0.48925418377374763   0.0003088258876575829
370.25   0.49034757446833566   0.000309329023224604
370.5   0.4914178192712598   0.0003098847510631439
370.75   0.4924657248827529   0.000310520044263836
371.   0.4934920977499838   0.00031126232759105945
371.25   0.4945013260584739   0.0003123692867277301
371.5   0.49548922697598785   0.0003135491239679716
371.75   0.496455141935673   0.00031473658823693613
372.   0.49739838753894766   0.00031586524954286155
372.25   0.4983141034796814   0.0003165816708127098
372.5   0.49920734341001227   0.0003172153577027203
372.75   0.5000790489792456   0.0003178132492940891
373.   0.5009301666018808   0.0003184230884532753
373.25   0.5017641804449621   0.00031930798600530747
373.5   0.5025785168055235   0.0003202182494997827
373.75   0.5033731023335107   0.00032111636297726004
374.   0.5041478522007478   0.00032196419172435514
374.25   0.5049003318257896   0.0003226063419960469
374.5   0.5056336933829554   0.00032316604880318106
374.75   0.5063487728570035   0.0003236509583968593
375.   0.5070464100302664   0.0003240688523319124
375.25   0.5077299208223159   0.00032440909917504703
375.5   0.5083967062018299   0.00032470559770114645
375.75   0.5090466096385508   0.00032497408181059287
376.   0.5096794637729847   0.00032523052201487705
376.25   0.5102935617738376   0.00032553758979738653
376.5   0.5108908467652746   0.0003258469325716636
376.75   0.51147174278507   0.0003261562843043372
377.   0.5120366725137646   0.00032646333804126694
377.25   0.5125865884213158   0.00032676825227418414
377.5   0.5131211700804483   0.0003270651460616653
377.75   0.5136406202767881   0.00032735057360239075
378.   0.5141451377504171   0.00032762103693629425
378.25   0.5146354360023581   0.00032785205095858984
378.5   0.5151109825377858   0.000328069213202542
378.75   0.5155717535058387   0.00032827738943422773
379.   0.5160177186232657   0.0003284815065887295
379.25   0.5164488412934757   0.00032868655191507025
379.5   0.5168650787224425   0.0003288975721382749
379.75   0.5172663820315428   0.00032911967263804076
380.   0.5176526963674609   0.00032935801664355635
