310.   0.1389199281091078   0.0003160185115437233
310.25   0.13880345363647525   0.00031616065386587774
310.5   0.13869503248966697   0.0003162987675285628
310.75   0.13859419515939078   0.00031643045248341324
311.   0.1385004682706364   0.00031655328979316794
311.25   0.1384133744650511   0.00031666483792488326
311.5   0.13833243227929445   0.00031676262958865796
311.75   0.1382571560191966   0.0003168441691387996
312.   0.13818705562953362   0.00031690693055522965
312.25   0.13812063635772992   0.00031696092900261304
312.5   0.13805879471769933   0.0003169860301881896
312.75   0.1380014324994212   0.0003169745095715353
313.   0.13794845134930786   0.0003169185494641373
313.25   0.13789908117706076   0.00031671084459288206
313.5   0.13785416036861037   0.0003164820768388869
313.75   0.13781386273700724   0.0003162644833760877
314.   0.13777836529718476   0.000316090683148071
314.25   0.1377490944715353   0.0003160938110091405
314.5   0.13772449566776787   0.00031616762855181266
314.75   0.137704250097908   0.00031630534303219115
315.   0.1376880361758252   0.000316500086542555
315.25   0.13767360920498617   0.000316781065738468
315.5   0.137663320116753   0.0003170908312690843
315.75   0.13765761876764504   0.000317407577348487
316.   0.13765696225062443   0.0003177092108710908
316.25   0.13766255884442008   0.0003179450274413116
316.5   0.1376738437590679   0.0003181318222078302
316.75   0.13769099497153206   0.000318258111158958
317.   0.13771419460136652   0.00031831224965598464
317.25   0.1377450179149084   0.0003181222892465662
317.5   0.13778171924569252   0.00031789954720508627
317.75   0.13782392891389234   0.00031769702357430985
318.   0.13787127384526218   0.000317568468462383
318.25   0.13792153796002699   0.0003177177472363911
318.5   0.13797690551931102   0.000317992009894255
318.75   0.13803774177240435   0.00031838662785033274
319.   0.1381044195029793   0.0003188969315190453
319.25   0.13817778643016135   0.0003196299560501652
319.5   0.1382575802862169   0.00032042524251972815
319.75   0.13834400795885304   0.0003212324444818271
320.   0.13843728215416343   0.0003220004115298979
320.25   0.13853798261108516   0.00032253056571130166
320.5   0.13864583143203937   0.0003229743335263357
320.75   0.13876091308595814   0.0003233378151388448
321.   0.13888331649445848   0.00032362720279521914
321.25   0.13901251172496779   0.0003237561951104099
321.5   0.13914946595107144   0.0003238601907072512
321.75   0.13929453740706657   0.0003239834944758768
322.   0.13944809418254728   0.00032417117119205494
322.25   0.13961183255779042   0.00032473555181007895
322.5   0.1397843061022504   0.00032535215931120816
322.75   0.13996537657387204   0.0003259596274214415
323.   0.14015490761651464   0.00032649548558700853
323.25   0.1403509503945622   0.0003265316563048812
323.5   0.14055589940728722   0.0003265109069490977
323.75   0.1407703674156094   0.00032651632122637124
324.   0.14099498415371522   0.0003266325357476993
324.25   0.14123187313544258   0.0003273190555862675
324.5   0.14147964599862758   0.0003281443051066407
324.75   0.14173838390058405   0.00032904521695260695
325.   0.14200817623651923   0.000329957485401871
325.25   0.14228971624094325   0.00033057655795824174
325.5   0.14258228310214752   0.00033116798697415046
325.75   0.14288574979152505   0.0003317614206936928
326.   0.14319999434949   0.0003323871462271588
326.25   0.143523002456071   0.0003332292142200699
326.5   0.14385730350454895   0.0003341063396012131
326.75   0.14420357299185482   0.0003349880208553669
327.   0.14456251124957267   0.0003358430751893669
327.25   0.14493513701014588   0.00033639180457977245
327.5   0.14532179863554226   0.0003369462172378092
327.75   0.1457231600241018   0.00033757489914753783
328.   0.14613991353638126   0.00033834809135730993
328.25   0.14657167870135715   0.00033973404523192515
328.5   0.1470207436224596   0.0003412559231710431
328.75   0.14748835238939256   0.00034282623206306604
329.   0.14797579770712552   0.00034435525240475017
329.25   0.14849062829156623   0.00034532423405059015
329.5   0.14902562477249787   0.00034623144836305313
329.75   0.14957968216544926   0.0003471560910278215
330.   0.15015168606784798   0.0003481795380967093
330.25   0.15073182310217662   0.0003498335210997311
330.5   0.15133102438156196   0.00035158215759484155
330.75   0.15195174540624917   0.0003533287390311949
331.   0.1525965412677076   0.00035497373572487243
331.25   0.15327426242516873   0.000355808329034616
331.5   0.15397909886117922   0.0003565682527376468
331.75   0.15471138102505652   0.00035739616053270665
332.   0.1554714879204407   0.00035843923229242065
332.25   0.15625651058332846   0.0003604294399188211
332.5   0.15707157114415668   0.00036272013678698015
332.75   0.1579186144208239   0.0003652329745715502
333.   0.15879970445033256   0.00036788709631508195
333.25   0.15971800457830326   0.000370455229299204
333.5   0.16067450738457054   0.0003730499529021489
333.75   0.16167129807360983   0.00037564175576448557
334.   0.1627106155476506   0.00037820011941948865
334.25   0.1637955841849458   0.00038040463348595584
334.5   0.164927805811506   0.00038262224682687485
334.75   0.16610977818757197   0.0003849401360448411
335.   0.1673442126356292   0.00038744930152788875
335.25   0.1686340652408651   0.00039058075132572995
335.5   0.16998253627414397   0.0003939701258302038
335.75   0.17139312685386793   0.0003975806939846986
336.   0.17286966541972562   0.0004013745024338202
336.25   0.1744147146460043   0.0004051912909411715
336.5   0.1760351340153811   0.0004091572828160915
336.75   0.17773668640781082   0.0004132814955866415
337.   0.17952569608755808   0.0004175739946353838
337.25   0.181409605037735   0.00042214655794584505
337.5   0.1833954311866014   0.0004268733304026227
337.75   0.18549147401893995   0.00043172553426211663
338.   0.18770696286947303   0.0004366735379187084
338.25   0.19005901584409565   0.0004412892402510903
338.5   0.1925497937027892   0.00044608749337074255
338.75   0.19518931977714613   0.00045120702352426323
339.   0.19798907464023868   0.0004567975578592787
339.25   0.2009488666301131   0.0004634927047912141
339.5   0.20410223959926663   0.00047082429496440056
339.75   0.20747263961498624   0.00047878144811027025
340.   0.21108686947412286   0.0004873562149135487
340.25   0.21498665615254292   0.0004963525074521077
340.5   0.21919279029319444   0.0005060320936925655
340.75   0.22374197964551715   0.0005164858484100066
341.   0.22867761378064186   0.0005278205818628019
341.25   0.2340456597161817   0.0005402097805994843
341.5   0.23991566186898447   0.000553740561547662
341.75   0.2463648784315112   0.0005685730001810839
342.   0.25348707829820555   0.0005849028313147621
342.25   0.26140267191994504   0.0006026865997657813
342.5   0.2702454937977996   0.0006226045741328463
342.75   0.2801885244947454   0.0006451622044065462
343.   0.2914478509789581   0.0006709824939152878
343.25   0.30428628721412676   0.000701594216599923
343.5   0.3190505020188138   0.0007369608915027159
343.75   0.3361571317247267   0.0007778920164584726
344.   0.3560997711411598   0.0008253402254452995
344.25   0.37942379501409035   0.0008795367780462418
344.5   0.4066541638397353   0.0009423876411626053
344.75   0.4381603294453382   0.0010147396913254426
345.   0.4739868640763953   0.0010966886445715508
345.25   0.5137606445485557   0.0011868461070965086
345.5   0.5566765700668274   0.001284046480319992
345.75   0.6017414255847787   0.0013863607511661964
346.   0.6479752933618297   0.0014920248195389276
346.25   0.6945255886546569   0.0016021896800142647
346.5   0.740802141605564   0.0017130507925007315
346.75   0.7863812443428242   0.0018231620414081262
347.   0.8309906510711882   0.0019312616275828766
347.25   0.8744918618821275   0.002033599260619359
347.5   0.9167721625346988   0.002132452839101787
347.75   0.957789812953816   0.0022279807359029194
348.   0.9975362411903339   0.002320489544009697
348.25   1.0360003129323732   0.0024118157481660017
348.5   1.0732386085861552   0.002500584769113689
348.75   1.1092947421412744   0.002586711492162184
349.   1.1442172588591881   0.002670094105016772
349.25   1.1780728559753293   0.0027497154109081367
349.5   1.2108922608082369   0.002826637626145104
349.75   1.2427199597624046   0.0029011054193022285
350.   1.2735989260200364   0.0029733802434697308
350.25   1.3035748955839148   0.003043895149941069
350.5   1.332680657879899   0.003112726927504496
350.75   1.360951093830022   0.0031801070302991427
351.   1.3884188089980498   0.0032462726134743413
351.25   1.4151085613877632   0.0033131726422221315
351.5   1.4410563009785595   0.003378724658533213
351.75   1.466290754762002   0.0034424245725493334
352.   1.4908389103869235   0.0035037179879982157
352.25   1.5147188996679686   0.003559278124114943
352.5   1.5379644343618013   0.0036121908806332078
352.75   1.5606010533678667   0.0036629559374251907
353.   1.582653155768545   0.0037121064878843537
353.25   1.6041575410761069   0.00376181514269505
353.5   1.6251180744814846   0.0038104693859791453
353.75   1.6455503852133804   0.003858000405903441
354.   1.665468931566254   0.0039043291712359935
354.25   1.6848791788564428   0.003948691521856205
354.5   1.7038043329369073   0.003991919426136028
354.75   1.7222591465240646   0.004034195412269173
355.   1.7402576368618856   0.00407570807198341
355.25   1.7577992566456668   0.004117794769685258
355.5   1.77491583782363   0.0041590792028565835
355.75   1.791625376856642   0.0041992806690173655
356.   1.8079455786994205   0.004238101661442906
356.25   1.8239034053066616   0.004273507514584791
356.5   1.839502903031964   0.00430754636206992
356.75   1.8547570234382749   0.004340602197127752
357.   1.8696783524746627   0.0043730747723610425
357.25   1.884292872801026   0.00440627076580304
357.5   1.898593508200262   0.004439387019385777
357.75   1.9125860972458129   0.004472492401532947
358.   1.9262759760707282   0.004505655439775639
358.25   1.939678360817919   0.004539541872860185
358.5   1.9527833114587863   0.004573392665249833
358.75   1.9655904480398387   0.004607025202764212
359.   1.9780988200867435   0.0046402478067509145
359.25   1.9902692168324527   0.004672524813484025
359.5   2.0021518693378777   0.004704111562546055
359.75   2.0137600088711256   0.004734930620209443
360.   2.0251068983917815   0.004764900979720455
360.25   2.036226619303293   0.004793917152913743
360.5   2.047103692434654   0.004821920578117514
360.75   2.0577428417524066   0.004848829210331499
361.   2.0681485725352555   0.00487455817985405
361.25   2.078310093713574   0.004898732135730184
361.5   2.088252436472184   0.0049216599275552
361.75   2.0979857745083015   0.004943368145542919
362.   2.107520278170584   0.004963884279253724
362.25   2.1169092143534765   0.004982575155331036
362.5   2.1261029201401658   0.0050003887131322
362.75   2.135093709415564   0.005017629219202241
363.   2.143873421862479   0.005034609053206398
363.25   2.152400849951696   0.005052054185327209
363.5   2.16071219010687   0.005069729187393951
363.75   2.1688114145282165   0.005087802122736076
364.   2.176702413063218   0.005106444367188476
364.25   2.18439401096304   0.005126909830958669
364.5   2.1918829758222467   0.005147876644421066
364.75   2.199170901794096   0.0051690803470094485
365.   2.2062592645742556   0.005190248744154516
365.25   2.213084814580012   0.005211625820173786
365.5   2.2197386342975944   0.005232196136966401
365.75   2.2262484948227987   0.005251449389490567
366.   2.232642669329607   0.005268863295509736
366.25   2.239081440687186   0.0052805616657043124
366.5   2.2454111383214452   0.005290648159499575
366.75   2.251607376253128   0.005299941485538708
367.   2.2576450699464656   0.005309278752527452
367.25   2.2633823486107163   0.005323092070559551
367.5   2.268954311579322   0.005337277512968276
367.75   2.274381566899058   0.005351256149980639
368.   2.2796850574988845   0.00536443616149536
368.25   2.284962889964944   0.005373277204746958
368.5   2.2901297252800035   0.005381249044564024
368.75   2.2951759518296333   0.005388927430876579
369.   2.30009165639079   0.005396899480802596
369.25   2.3048327007829026   0.0054087623793398565
369.5   2.309435822394386   0.005420950388001008
369.75   2.3139041448839937   0.005432854994814543
370.   2.3182407728916865   0.0054438555855302944
370.25   2.322427764741232   0.005449526639084765
370.5   2.326497472124547   0.005454506481459242
370.75   2.330461556478872   0.005459692163411531
371.   2.3343318169026035   0.00546599679819432
371.25   2.3381780763606423   0.005480379237773268
371.5   2.3419317736259213   0.005495386046597921
371.75   2.3455814358183513   0.0055095118120574126
372.   2.349115317123549   0.005521224043611737
372.25   2.35247043003723   0.005520728050313071
372.5   2.3557055126910593   0.005517915710200758
372.75   2.3588288561209887   0.005514542525593581
373.   2.3618488374826385   0.005512392665814575
373.25   2.3647705764068983   0.005519876735693754
373.5   2.367607276891656   0.0055296411204589025
373.75   2.370368932671331   0.0055408629828289395
374.   2.373065640850772   0.005552705372010185
374.25   2.3757983703204855   0.005562189372844874
374.5   2.3784509130264935   0.005571415845403991
374.75   2.3809966451547675   0.005580374451113306
375.   2.3834084838217877   0.0055890545928926035
375.25   2.385515937468665   0.0055975564209962535
375.5   2.387490304807485   0.005605714104262831
375.75   2.3893614337791416   0.005613471074899305
376.   2.391159584996089   0.005620769870364659
376.25   2.393018467415853   0.005627237061056431
376.5   2.394825487935758   0.005633252743480676
376.75   2.396570142912503   0.005638885234806569
377.   2.3982417331081116   0.005644203819398324
377.25   2.399792727780182   0.005649438008557492
377.5   2.4012631358407583   0.005654436907467159
377.75   2.402656601766821   0.005659207797074408
378.   2.4039767866536987   0.005663757988315087
378.25   2.405225650138847   0.005667921404103931
378.5   2.406409282242662   0.005671947280741038
378.75   2.407532092181812   0.005675913554647095
379.   2.4085985144869473   0.005679899112008474
379.25   2.409613008779771   0.005683983816090595
379.5   2.4105800595511324   0.005688248558447406
379.75   2.4115041759400597   0.005692775334836486
380.   2.412389891513902   0.00569764734656181
