310.   0.08194729882094606   0.00006948878176396335
310.25   0.08189431943631773   0.00006988074474379722
310.5   0.0818432341545546   0.00007012805996632023
310.75   0.08179404986170626   0.00007025059780940697
311.   0.08174677392746768   0.0000702686787139238
311.25   0.0817014142214845   0.00007020298645947371
311.5   0.0816579791303476   0.00007007450138429136
311.75   0.08161647757531132   0.00006990445071628722
312.   0.08157691903077052   0.00006971427485313448
312.25   0.08153877664641165   0.00006956605107784647
312.5   0.08150281025815588   0.00006942514679841376
312.75   0.08146924892447534   0.0000692972440421989
313.   0.08143832490848663   0.0000691880848754958
313.25   0.08141087515642524   0.00006911553786345042
313.5   0.08138629960659645   0.00006906864854843284
313.75   0.08136459668937283   0.00006904847688455509
314.   0.08134576549207148   0.00006905610409316745
314.25   0.08132951523922602   0.00006913898584055914
314.5   0.08131625172794453   0.00006923361910764561
314.75   0.0813060941725247   0.00006932231651020482
315.   0.08129916405986999   0.00006938714432989778
315.25   0.08129623808536147   0.00006931319142699931
315.5   0.0812965319075935   0.00006921701456943242
315.75   0.08129990901129389   0.00006911929541017875
316.   0.08130623196143257   0.00006904095935847752
316.25   0.08131469281595254   0.00006909488097475164
316.5   0.08132608599005775   0.00006917467261983683
316.75   0.08134054341692672   0.0000692648378027731
317.   0.08135819978717374   0.00006934965666469452
317.25   0.08137941345444387   0.0000693536892210463
317.5   0.08140401706984396   0.00006934371836969774
317.75   0.08143206439129208   0.00006932756180831063
318.   0.08146361108018459   0.00006931314431020416
318.25   0.08149878165006985   0.00006934106456711526
318.5   0.08153754258573254   0.00006937406604586804
318.75   0.08157992851317715   0.00006940715844921147
319.   0.0816259758876755   0.00006943527787681226
319.25   0.08167581429732389   0.00006942990440854843
319.5   0.0817293569521242   0.0000694184168597082
319.75   0.0817866091118206   0.00006940504566874602
320.   0.08184757762198033   0.00006939408359916244
320.25   0.08191224535356326   0.00006941271319239035
320.5   0.08198065828268225   0.00006943355042210259
320.75   0.08205283894732206   0.00006945178816908955
321.   0.08212881197916161   0.00006946254468502192
321.25   0.08220782023967878   0.00006941578365302837
321.5   0.08229098510039155   0.00006936930791038895
321.75   0.08237865827281231   0.00006933638965021485
322.   0.08247119964150565   0.00006933051037834344
322.25   0.08257020212070046   0.00006943864434442532
322.5   0.08267433752427723   0.0000695727023727433
322.75   0.08278349198984748   0.00006971697185934981
323.   0.08289755218048574   0.00006985545256909334
323.25   0.08301546782693545   0.00006988075665586165
323.5   0.08313843228117979   0.0000699031425119598
323.75   0.08326671781167236   0.00006994296247048473
324.   0.08340060493865309   0.00007002094377399402
324.25   0.08354028500806904   0.00007027555689432989
324.5   0.08368619253752674   0.00007056516378689148
324.75   0.08383867552318267   0.00007086374157109579
325.   0.08399809288604085   0.00007114468669811354
325.25   0.08416506134385489   0.0000713017354164402
325.5   0.084339620697271   0.00007141709965087982
325.75   0.08452206521240646   0.00007149488050853607
326.   0.08471270043384324   0.0000715392760705566
326.25   0.0849132424963345   0.00007152706587150416
326.5   0.0851220757557807   0.00007150096640664819
326.75   0.08533896885227614   0.0000714767494254471
327.   0.085563691233353   0.00007147050058155184
327.25   0.08579469358731967   0.00007155010977827054
327.5   0.08603358253954775   0.00007166075695682731
327.75   0.08628067407564632   0.00007179848797070149
328.   0.08653629905070043   0.00007195927217488668
328.25   0.08680056506826117   0.00007212032630531767
328.5   0.08707416798861811   0.00007230339738843409
328.75   0.08735758794451218   0.00007251188870910755
329.   0.08765132687166977   0.0000727493079139696
329.25   0.08795667686207634   0.00007304349931386198
329.5   0.0882731226095787   0.0000733645456308084
329.75   0.08860092389516044   0.00007370629454469944
330.   0.0889403600226651   0.0000740624385694802
330.25   0.08929074935770816   0.00007444352406913464
330.5   0.0896537782196957   0.00007481928477781432
330.75   0.09003020065620203   0.00007517583229203669
331.   0.09042080943859797   0.0000754988653411189
331.25   0.09082696826891445   0.00007565189522645541
331.5   0.0912488221999859   0.00007578877550671672
331.75   0.09168707935959819   0.00007594437616329766
332.   0.09214249307400169   0.0000761546336349927
332.25   0.09261613334793845   0.00007666698373543014
332.5   0.09310848457011545   0.00007722827200841549
332.75   0.09362034861926259   0.00007779072354347421
333.   0.09415258638346534   0.00007830487048901265
333.25   0.09470529245077113   0.00007847149458674805
333.5   0.09528061337909421   0.00007858145193097779
333.75   0.09587996933133419   0.00007868337034981804
334.   0.09650487876982414   0.0000788275167874459
334.25   0.09715869064322773   0.00007919965431693971
334.5   0.09784076606364914   0.00007966880411902066
334.75   0.09855225777758854   0.00008023546659085987
335.   0.0992944316843319   0.00008090030205288768
335.25   0.1000672103578844   0.0000817364887083985
335.5   0.10087415580019665   0.00008264513755630327
335.75   0.10171757532456097   0.00008359695350779588
336.   0.10259998081115546   0.00008456130777932157
336.25   0.10352446759952019   0.00008541437560452247
336.5   0.10449354401559063   0.00008624908785298661
336.75   0.10551034638607844   0.00008706911288407974
337.   0.10657832927743685   0.00008787839273693819
337.25   0.10770122752974691   0.00008864130525158157
337.5   0.10888337702537956   0.00008941740946519564
337.75   0.11012950521375013   0.00009022867172167391
338.   0.11144487764878143   0.00009109847020613006
338.25   0.1128352999091098   0.00009210620426067612
338.5   0.11430747933899782   0.0000932038799774702
338.75   0.1158688780414924   0.00009439704648956407
339.   0.11752792688552399   0.00009569205686366581
339.25   0.11929391504958745   0.00009711138827271454
339.5   0.12117812306359763   0.00009864263906459535
339.75   0.12319315567740077   0.00010028889212495715
340.   0.1253535126890676   0.0001020542256713451
340.25   0.12767717017585842   0.00010388653787285449
340.5   0.13018199589476728   0.00010587086235990851
340.75   0.13289029563829985   0.00010804118744178759
341.   0.13582839253684992   0.00011043637128759579
341.25   0.13902591384877516   0.00011322674455813069
341.5   0.14252252542530644   0.00011629463694923924
341.75   0.1463641100337986   0.00011964467239437215
342.   0.15060636538344538   0.00012328546830082715
342.25   0.1553200811100288   0.00012705824213037203
342.5   0.16058577331473176   0.00013121474960293286
342.75   0.16650657916963096   0.00013586438218854473
343.   0.17321132572100342   0.00014114111750020188
343.25   0.18085799157218108   0.00014731287097010856
343.5   0.18965153998017514   0.00015444861959041238
343.75   0.19983974970277585   0.0001627486616126383
344.   0.21171619971239677   0.0001724506376320465
344.25   0.22560913405483804   0.0001838674661355323
344.5   0.24182592503905842   0.00019718749369245135
344.75   0.2605842912962266   0.000212560355596122
345.   0.28190788867051864   0.00022996711743509567
345.25   0.30555134536529427   0.0002489675796370511
345.5   0.3310549581594545   0.0002693565392766694
345.75   0.35783223156920113   0.00029067840549833337
346.   0.38530650664943766   0.0003125014992347006
346.25   0.4130058649880708   0.0003346270508806292
346.5   0.44055487001630433   0.0003566534944301755
346.75   0.4676991617995127   0.00037839127211114254
347.   0.4942733338634091   0.00039972372362770755
347.25   0.5201725179149537   0.0004206371774373751
347.5   0.5453476941276516   0.00044103924837267036
347.75   0.5697765315801454   0.00046090261380777
348.   0.5934568986515103   0.0004802120602897051
348.25   0.6163996329236554   0.0004990178953064306
348.5   0.6386234370269783   0.0005172349407618245
348.75   0.6601517487014118   0.0005348289826601599
349.   0.6810105068219265   0.0005517611160158777
349.25   0.7012325953934341   0.0005676766151968641
349.5   0.7208372183909935   0.0005829448366399403
349.75   0.7398483440395556   0.0005976533803372767
350.   0.7582888553646324   0.0006118978300431743
350.25   0.7761684049634155   0.0006260071269554953
350.5   0.7935234541005691   0.0006397837222391671
350.75   0.8103782046523231   0.0006532420795105662
351.   0.82675590746466   0.0006663943703047894
351.25   0.8426876227200479   0.000679281261043425
351.5   0.8581828199438228   0.0006918689728425182
351.75   0.8732581766022809   0.0007041497334785521
352.   0.887929280646488   0.0007161126889827573
352.25   0.9022061166860151   0.0007276461364371649
352.5   0.9161085580159027   0.0007388677321315547
352.75   0.929651304157386   0.0007498014013694269
353.   0.9428483384663645   0.0007604714052354905
353.25   0.9557152659062207   0.0007710363917573004
353.5   0.9682616413813648   0.0007813371381700071
353.75   0.9804985991432087   0.0007913408972159416
354.   0.9924366837872657   0.0008010119059329015
354.25   1.0040863759983092   0.0008100066516567492
354.5   1.015456489147616   0.000818703581277779
354.75   1.0265558188598134   0.0008271894864307472
355.   1.037392703467063   0.0008355552665751684
355.25   1.047978679592261   0.0008442409528095396
355.5   1.0583162553541903   0.0008528691901010478
355.75   1.0684110216980232   0.0008613955351038814
356.   1.0782681468213993   0.0008697724145035198
356.25   1.0878820458546599   0.0008779052268051848
356.5   1.0972714148311358   0.0008858012110051109
356.75   1.1064446731237378   0.0008934226574524348
357.   1.1154100863213978   0.0009007299207232827
357.25   1.1241875544921496   0.0009075973178949536
357.5   1.1327687840907104   0.0009140980023155319
357.75   1.1411566879220927   0.0009202224584395489
358.   1.1493538775486303   0.0009259608904882036
358.25   1.1573512563431205   0.0009309790915320976
358.5   1.1651666873210642   0.0009357157733804836
358.75   1.1728067512276743   0.0009402962101656607
359.   1.1802779493680857   0.0009448500278676017
359.25   1.1875914276574178   0.0009501055513939774
359.5   1.1947470100741637   0.000955376858373781
359.75   1.2017490240475468   0.0009605578612836599
360.   1.208601675377337   0.0009655384329553838
360.25   1.2153120059522975   0.0009694339516410581
360.5   1.221879904266965   0.0009731954064049707
360.75   1.2283080179036459   0.0009770219582926512
361.   1.2345988580691696   0.0009811187679915358
361.25   1.2407563405454296   0.0009868930311155984
361.5   1.2467805906378646   0.0009929028562838122
361.75   1.252673105954864   0.0009988743823874848
362.   1.2584352506371768   0.00100452466640865
362.25   1.2640601382448722   0.001008772440778868
362.5   1.269560157738066   0.001012413947828797
362.75   1.2749396688931793   0.0010154688296500232
363.   1.280203007531048   0.0010179577527276724
363.25   1.285364207451255   0.0010193114199856428
363.5   1.290414060265722   0.0010203737660261071
363.75   1.2953528210543968   0.0010214119038314709
364.   1.3001806260437125   0.0010226993995819404
364.25   1.30489077185181   0.0010257939176065956
364.5   1.3094925135569406   0.001029208113969856
364.75   1.3139884286748713   0.001032708816031803
365.   1.3183810564841922   0.0010360558383182995
365.25   1.322679206123055   0.0010376472244925524
365.5   1.3268765774303395   0.0010391146689799648
365.75   1.3309730060270237   0.001040758477077061
366.   1.3349682365934439   0.0010428854223893784
366.25   1.3388463456284505   0.001047649022736246
366.5   1.342628573039665   0.0010528106109930187
366.75   1.346320816228316   0.0010579400131586728
367.   1.3499290295982442   0.0010625965119667978
367.25   1.3534769582865407   0.0010644931381983361
367.5   1.3569459949294371   0.0010657249085246872
367.75   1.3603349756011154   0.0010665772984511125
368.   1.3636426420388275   0.0010673417059740332
368.25   1.3668610974818054   0.0010693448609305006
368.5   1.3699980128638463   0.0010714562404593856
368.75   1.3730545464008415   0.001073562149247866
369.   1.3760318230258788   0.0010755464629788433
369.25   1.3789238694485175   0.0010768776658567362
369.5   1.3817415840541218   0.00107801059185364
369.75   1.3844888937680342   0.0010789917635777837
370.   1.3871697500293467   0.0010798683763536727
370.25   1.3898000084629063   0.001080585103882431
370.5   1.3923671263946171   0.0010813343249227365
370.75   1.3948702649601628   0.0010822079573874013
371.   1.3973085228547732   0.0010832994376204705
371.25   1.399673928474285   0.0010851278549579282
371.5   1.4019752225492457   0.0010871990029384685
371.75   1.4042141909370673   0.0010894375652587874
372.   1.4063926110770253   0.0010917667522688014
372.25   1.4085182135836605   0.0010937610192217194
372.5   1.4105844552116502   0.0010958244547093412
372.75   1.412590654794494   0.0010980178984657276
373.   1.4145360844177466   0.0011004031565760167
373.25   1.4164112448042556   0.0011037924341658993
373.5   1.4182274761259015   0.0011072054788156367
373.75   1.419987477789219   0.001110400618472066
374.   1.4216939619392357   0.0011131319901353841
374.25   1.4233558858798796   0.0011144771468817318
374.5   1.4249673008372485   0.0011151200914503703
374.75   1.426528414901249   0.0011150784176518162
375.   1.4280394105037095   0.0011143703859581762
375.25   1.4295033293807253   0.0011122000565663263
375.5   1.4309162834773343   0.0011097235546283864
375.75   1.4322772058674098   0.0011072920788739741
376.   1.4335849890370291   0.0011052611417416173
376.25   1.4348262878890004   0.0011053502657090428
376.5   1.4360169220494075   0.0011060283533066686
376.75   1.437160634455986   0.0011071124382154268
377.   1.4382611995328467   0.0011084168486139494
377.25   1.4393327837312628   0.0011093977082559186
377.5   1.4403647759364306   0.0011103592963698599
377.75   1.4413568259659961   0.0011112523507413458
378.   1.4423085570843348   0.001112026920143605
378.25   1.4432171158172125   0.0011124911510410214
378.5   1.4440854915069161   0.001112790747244399
378.75   1.444914227398409   0.0011129311870021934
379.   1.4457038549452967   0.0011129180235841306
379.25   1.44645489405888   0.001112756892509099
379.5   1.4471678533500132   0.0011124535256745113
379.75   1.4478432303639452   0.0011120137727215337
380.   1.448481511808467   0.0011114436299894104
