310.   0.037574936427163606   0.00011269239234100945
310.25   0.03762165524842262   0.00011278418185059227
310.5   0.037670775110316475   0.00011291755525710545
310.75   0.03772230021055464   0.00011308628210282409
311.   0.03777623548517431   0.00011328401806209401
311.25   0.03783258663972499   0.00011350430033182217
311.5   0.037891360182065785   0.0001137405428007334
311.75   0.03795256345687114   0.0001139860309843318
312.   0.038016204681947635   0.00011423391671161129
312.25   0.038082085675455936   0.00011443994417990778
312.5   0.03815050501522911   0.00011464884404554905
312.75   0.03822155884770511   0.00011486862581339463
313.   0.03829534620008005   0.00011510747237833025
313.25   0.03837223913748   0.00011541585081023367
313.5   0.03845196716721142   0.00011574373953465352
313.75   0.038534527805272376   0.00011608259008514774
314.   0.03861991947856786   0.00011642366681460128
314.25   0.03870805932684735   0.0001167417840496943
314.5   0.03879906211216031   0.00011705041419971409
314.75   0.03889296309975494   0.00011734689626318568
315.   0.03898979946380384   0.00011762850529068696
315.25   0.03908970757446065   0.00011783298566811651
315.5   0.03919259357683861   0.000118040147675301
315.75   0.03929846090797344   0.00011827155196866045
316.   0.039407314312218535   0.00011854929694709714
316.25   0.03951825825127994   0.00011899994419304611
316.5   0.039632553402884636   0.00011950235010754892
316.75   0.03975058087299519   0.00012003752327411393
317.   0.03987273321842859   0.00012058598999232756
317.25   0.04000059708572935   0.0001210651656966132
317.5   0.04013294757551555   0.0001215415118336189
317.75   0.040269726726761775   0.0001220198296338359
318.   0.040410876933817744   0.00012250505388752676
318.25   0.04055600740384057   0.0001230599033359825
318.5   0.04070552452004975   0.00012360955635941183
318.75   0.0408595100131934   0.0001241355291922036
319.   0.04101805017161218   0.00012461879869714014
319.25   0.04118036743926871   0.00012490107195859866
319.5   0.04134776366407755   0.00012515468164431078
319.75   0.0415207007950841   0.00012541633889176268
320.   0.04169965779469159   0.00012572388020881447
320.25   0.04188641625451899   0.0001262750865020626
320.5   0.04207971018750354   0.00012689002502685472
320.75   0.04227954175757088   0.00012754433858849751
321.   0.04248591674399758   0.00012821289310140793
321.25   0.04269799283428462   0.00012876581496340482
321.5   0.04291696486185247   0.00012932033720143907
321.75   0.04314320597083862   0.00012989200311127455
322.   0.043377106593316554   0.0001304969072308006
322.25   0.043619908579419796   0.0001311981717392684
322.5   0.04387088629231003   0.00013194875982246832
322.75   0.044130141029831316   0.0001327472369943005
323.   0.044397783188338646   0.0001335921411974546
323.25   0.04467320394527408   0.00013450288756587856
323.5   0.044957543028208334   0.00013544901091292738
323.75   0.0452512476609344   0.00013642019413457728
324.   0.04555478950440367   0.0001374057270346494
324.25   0.045868921607825304   0.0001383473786382781
324.5   0.046193816985097856   0.00013929871849143873
324.75   0.04652992455541866   0.00014026748628423344
325.   0.04687772103746492   0.00014126177124942305
325.25   0.04723678690581678   0.00014231815361659574
325.5   0.04760894101896286   0.00014340665044589178
325.75   0.04799514806298503   0.00014452470180370915
326.   0.048396428919100454   0.0001456696557675033
326.25   0.04881649827060647   0.00014676686513831393
326.5   0.04925286885728682   0.00014791271964284257
326.75   0.049705643391240104   0.0001491347183077852
327.   0.0501749444905852   0.0001504618045611413
327.25   0.050657934183403884   0.0001520367635924869
327.5   0.05115889197413377   0.00015373703144229184
327.75   0.05167928179618059   0.00015554887467832582
328.   0.05222066721760742   0.00015745790172571144
328.25   0.05278580128394588   0.00015943381911712773
328.5   0.053374988260101   0.00016148162788711794
328.75   0.05398968797140417   0.00016359106652088351
329.   0.05463147541779321   0.0001657513251358241
329.25   0.055300661709777446   0.000167919489467103
329.5   0.05600099955688176   0.00017012677287940188
329.75   0.056735084505413494   0.00017237394413498428
330.   0.05750572399189908   0.00017466188548593504
330.25   0.058321412597700746   0.00017689477558111556
330.5   0.05917797660171788   0.0001792065610496795
330.75   0.06007664166626637   0.00018164060960474342
331.   0.061018777653199414   0.00018424366198109654
331.25   0.06199960144624284   0.0001872032988266207
331.5   0.06302946200790113   0.00019038678108589642
331.75   0.064113041328134   0.0001937935648381111
332.   0.06525548622359523   0.00019742335601047006
332.25   0.06646529580192417   0.00020128290896882775
332.5   0.0677448826456704   0.0002053632831808135
332.75   0.06909993867053545   0.00020966211505852092
333.   0.07053680597195075   0.00021417713306308905
333.25   0.07206249877185594   0.0002188108983906416
333.5   0.07368505200904996   0.00022369074561633465
333.75   0.07541341739790207   0.00022885748776706904
334.   0.07725768418721975   0.00023435683337791644
334.25   0.07922792168192293   0.00024026223155618453
334.5   0.0813388845788749   0.00024660192463300264
334.75   0.08360592504311969   0.0002534316752983905
335.   0.08604658466763225   0.00026081509905557783
335.25   0.08868147852818313   0.0002688922080135585
335.5   0.0915331391592923   0.00027765679719123543
335.75   0.09462818075246489   0.00028717464239524535
336.   0.0979975589240937   0.00029752241367025163
336.25   0.10167988894052103   0.0003086408910061705
336.5   0.10571446550610725   0.0003208338863040641
336.75   0.11015038233019545   0.00033429758403652715
337.   0.1150459990200339   0.00034926533048966203
337.25   0.12046778437165337   0.0003664094013382016
337.5   0.12650414835117998   0.0003855510519587525
337.75   0.13325859829693557   0.0004069050983379264
338.   0.14085752197626947   0.00043073173279566405
338.25   0.14945810413438057   0.0004566469066157553
338.5   0.15925092076675446   0.00048594010252850947
338.75   0.17047594629023013   0.0005194512438207854
339.   0.18343531985389888   0.0005582449220119306
339.25   0.19851181069774504   0.0006042810511930897
339.5   0.2161952402053347   0.0006585692638703251
339.75   0.23711353033900182   0.0007230604013011122
340.   0.2620737848272234   0.0008002630420705911
340.25   0.2921130567767258   0.0008935158111013702
340.5   0.3285342453534084   0.001006733338934642
340.75   0.37293613378792223   0.001144816061888195
341.   0.42714551644233106   0.0013133292394616268
341.25   0.49291732326823146   0.0015171524837216
341.5   0.5712331499138026   0.0017594883887160594
341.75   0.6607125815803658   0.002035877503645616
342.   0.7552456221062029   0.002327174870255686
342.25   0.842147874092683   0.0025931451589424393
342.5   0.9042685209013765   0.002781589800426489
342.75   0.9290125727120189   0.0028541191256698634
343.   0.9179543979536221   0.0028161952362468503
343.25   0.8859698312105357   0.0027145335223943347
343.5   0.8505172950411429   0.0026024542755292823
343.75   0.8223870149652858   0.0025130550275233197
344.   0.8040229260299652   0.002453778680301885
344.25   0.792849174825106   0.0024156480351813056
344.5   0.785400270039591   0.0023896218912176827
344.75   0.7794928874666466   0.0023695055737380844
345.   0.7742985641779577   0.0023532526739173656
345.25   0.7697025200177416   0.0023451791150181254
345.5   0.7657910858115266   0.0023401573244782882
345.75   0.7626204895305297   0.0023371982997989534
346.   0.7601597873679039   0.002335052774747482
346.25   0.7583222308984036   0.002327603302115887
346.5   0.7569931066616   0.0023198778750908003
346.75   0.7560660720492702   0.0023122402048303824
347.   0.7554500923411097   0.0023051039245531022
347.25   0.7550722002862201   0.002300270943488331
347.5   0.7548729763334894   0.0022964169646842772
347.75   0.7548066234243671   0.0022935823085630472
348.   0.7548374231395956   0.0022918413746144126
348.25   0.754926599874992   0.0022924930482009303
348.5   0.7550672620391459   0.0022939897151197696
348.75   0.7552463515053773   0.0022959836159258534
349.   0.7554543373871362   0.002298133482218141
349.25   0.7556996197525013   0.002299022747521748
349.5   0.7559562922217807   0.0022998207460148672
349.75   0.7562151193797113   0.002300631688349829
350.   0.7564680822398621   0.002301565331701463
350.25   0.7566900203633221   0.0023030660858009214
350.5   0.7568998362465382   0.002304792523797499
350.75   0.757099153969265   0.002306732662132047
351.   0.7572901608886535   0.002308875940684691
351.25   0.7575002864341929   0.0023116335001725167
351.5   0.7576980198420071   0.0023144102626286634
351.75   0.7578766521325528   0.002317027308149248
352.   0.7580296204795915   0.002319304039301497
352.25   0.7581267824066289   0.0023201448141282528
352.5   0.7581947998212334   0.0023206392857533717
352.75   0.7582369785302097   0.0023209726942769737
353.   0.7582567783372814   0.0023213330503665535
353.25   0.7582682532575202   0.0023225226262403214
353.5   0.7582605305852006   0.0023238815810941015
353.75   0.7582331854621241   0.0023253572572127248
354.   0.7581858389696995   0.002326896451684942
354.25   0.7581226144034773   0.002328112591890301
354.5   0.7580369724842544   0.0023294156681533925
354.75   0.7579268147671123   0.002330885913653007
355.   0.7577900417879124   0.0023326045505688508
355.25   0.7576031048209899   0.002335466079483065
355.5   0.7573938144304149   0.002338420137042036
355.75   0.7571687505151918   0.002341221084018733
356.   0.7569345771693742   0.0023436204914279992
356.25   0.7567352189988268   0.0023447766590069404
356.5   0.7565256119563072   0.0023452598229733593
356.75   0.7562975726085799   0.0023450529738720904
357.   0.7560428278294998   0.002344139057330023
357.25   0.7557186593664769   0.0023418284761013153
357.5   0.755364567314896   0.0023390427109442192
357.75   0.7549859398420836   0.0023360371621512213
358.   0.754588221392468   0.0023330699674695998
358.25   0.754191144527891   0.0023309354966445845
358.5   0.7537803930143201   0.0023291524366663807
358.75   0.7533558034886236   0.002327770678610058
359.   0.752917205642759   0.0023268405267238314
359.25   0.7524570829054523   0.002326741748239584
359.5   0.7519854958574717   0.002327066075215677
359.75   0.7515052239994059   0.0023277317504349806
360.   0.751019067405305   0.002328656126845564
360.25   0.7505557923760636   0.002329548555344705
360.5   0.7500820125747644   0.0023306138328244162
360.75   0.7495900834914277   0.0023318505681308873
361.   0.7490722824125796   0.0023332573087712465
361.25   0.7484815723921512   0.0023360115665028375
361.5   0.7478648657555436   0.0023384654986028934
361.75   0.747230088354713   0.002340140383433775
362.   0.7465852333471934   0.002340553192625751
362.25   0.7459664567991925   0.0023368887169131158
362.5   0.7453426468422287   0.002331906691953205
362.75   0.7447106274618481   0.0023260533152383435
363.   0.7440671879635523   0.002319778760613559
363.25   0.7434034687864207   0.00231406143902132
363.5   0.7427240328223446   0.0023086269154617162
363.75   0.7420278384577729   0.0023037249617159214
364.   0.7413138302227745   0.002299607380582907
364.25   0.7405551991120196   0.002298015172450509
364.5   0.739786813303402   0.0022971270078263714
364.75   0.7390179796534386   0.0022965996035726618
365.   0.7382580750343123   0.002296086757734211
365.25   0.7375749759705434   0.002294115867299748
365.5   0.7368965793929126   0.0022919044076773116
365.75   0.736208858845457   0.0022895516706083275
366.   0.7354976710657095   0.0022871577334937013
366.25   0.7346951197320887   0.0022851467694719927
366.5   0.7338617612194049   0.0022831687205320432
366.75   0.7330047759963926   0.0022811953610743026
367.   0.7321313968723187   0.0022791982293076784
367.25   0.7312539981744011   0.0022771039878972834
367.5   0.7303728041305445   0.0022749460823054735
367.75   0.729493144582909   0.0022727133936035846
368.   0.7286203836323417   0.002270394712383754
368.25   0.7277995633608766   0.0022680271407051066
368.5   0.7269807275494193   0.002265531683702192
368.75   0.7261533382545462   0.0022628773412816127
369.   0.725306777507753   0.0022600328917254725
369.25   0.724398180285544   0.0022560358525775936
369.5   0.7234617175974539   0.002252155441106315
369.75   0.7224995191257019   0.0022487354483041763
370.   0.721513727534784   0.0022461219906129747
370.25   0.720490803276756   0.0022469374711286735
370.5   0.7194548447612609   0.002248355309215037
370.75   0.7184143639888112   0.002249811140000881
371.   0.7173779269491057   0.0022507366982391754
371.25   0.716380873927669   0.0022485551747259227
371.5   0.7153945373977184   0.002245492103194419
371.75   0.7144168637641678   0.0022417765782495602
372.   0.7134457813513446   0.0022376392371970663
372.25   0.7124862878547846   0.0022336507507235833
372.5   0.7115263723106154   0.002229571654111589
372.75   0.7105610527740448   0.0022255005658472107
373.   0.709585312509826   0.0022215367180559993
373.25   0.7085804099795902   0.002218140943952058
373.5   0.7075603931071863   0.0022149091758660424
373.75   0.7065256626616637   0.0022117969202424467
374.   0.7054766199073624   0.002208759389675
374.25   0.7044063267693942   0.002205876066559441
374.5   0.7033254435518976   0.002202927502664857
374.75   0.7022373311369738   0.0021998178540838845
375.   0.7011453682431106   0.002196450706378011
375.25   0.7000642171506404   0.0021917585763060825
375.5   0.6989815455612806   0.002187000393790306
375.75   0.6978962447055962   0.0021824691184970644
376.   0.6968071967940626   0.002178459381949151
376.25   0.6957064407019388   0.0021765827808981762
376.5   0.6946023936295121   0.002175298822447702
376.75   0.6934966648163977   0.00217437719640185
377.   0.6923908702603664   0.0021735862428063236
377.25   0.6912938247628589   0.0021732348547040324
377.5   0.6901971045254396   0.0021723312858224924
377.75   0.6890994484283827   0.0021704216785126775
378.   0.6879995861213802   0.00216704974699951
378.25   0.6868948878579924   0.0021581182915972035
378.5   0.6857859527087549   0.0021482527229494336
378.75   0.6846720271659364   0.0021384548874103784
379.   0.6835523518497776   0.0021297318176133526
379.25   0.6824261615901006   0.0021230956995521334
379.5   0.6812926855065498   0.002119563911280251
379.75   0.6801511470874789   0.002120159135919193
380.   0.6790007642675241   0.002125909545772128
