310.	4.848320922716803e-8	3.3336068054453426e-11
310.25	4.847465543939769e-8	3.333267099390237e-11
310.5	4.846738652598887e-8	3.333011487486388e-11
310.75	4.8461417849429406e-8	3.3328166341722836e-11
311.	4.845677509283163e-8	3.3327474001114036e-11
311.25	4.845346825898232e-8	3.332770370876782e-11
311.5	4.845151804884662e-8	3.3328186525873964e-11
311.75	4.845093548092024e-8	3.333024576418083e-11
312.	4.845175511707275e-8	3.3332528692211143e-11
312.25	4.845397671417009e-8	3.3335858090728e-11
312.5	4.845761865486093e-8	3.334106494607551e-11
312.75	4.8462702429310437e-8	3.3346879639115796e-11
313.	4.846923270338031e-8	3.334723121770274e-11
313.25	4.847727188824831e-8	3.335531887112943e-11
313.5	4.848684245868067e-8	3.3365941832748656e-11
313.75	4.849791927695799e-8	3.3376101512230286e-11
314.	4.8510550486128235e-8	3.338735034800615e-11
314.25	4.8524759452400613e-8	3.339969254910168e-11
314.5	4.8540545374081905e-8	3.34086952740644e-11
314.75	4.8557975584016914e-8	3.3419800205438965e-11
315.	4.857692929857002e-8	3.343477253542579e-11
315.25	4.859769166180182e-8	3.345145900355582e-11
315.5	4.8620162897962636e-8	3.346972016552496e-11
315.75	4.8644367029301096e-8	3.348899261657718e-11
316.	4.867033637756071e-8	3.3509047039428826e-11
316.25	4.8698084983254484e-8	3.353062118171431e-11
316.5	4.87276272264541e-8	3.3551545032528564e-11
316.75	4.875906648835208e-8	3.357584148213465e-11
317.	4.879240273345453e-8	3.360156685975095e-11
317.25	4.8827656390836766e-8	3.362823640126124e-11
317.5	4.886486089250574e-8	3.3655819039948145e-11
317.75	4.8904063211514446e-8	3.368543499465103e-11
318.	4.8945300993339653e-8	3.3716549996775546e-11
318.25	4.898860511830913e-8	3.374901162861588e-11
318.5	4.903401216150797e-8	3.378348773331022e-11
318.75	4.908157965401103e-8	3.381889532825641e-11
319.	4.9131396613600195e-8	3.385802455985851e-11
319.25	4.918339866117155e-8	3.389652313833526e-11
319.5	4.923768398630448e-8	3.393662700282082e-11
319.75	4.929431095625639e-8	3.397822265785503e-11
320.	4.935331320078068e-8	3.402157898534868e-11
320.25	4.941474826630201e-8	3.4066624815661536e-11
320.5	4.947869124419301e-8	3.4113809436445223e-11
320.75	4.954512745493463e-8	3.41627533585283e-11
321.	4.961418617660353e-8	3.421302625026045e-11
321.25	4.9685896723351544e-8	3.4265241540913495e-11
321.5	4.976032852840162e-8	3.4319248433838514e-11
321.75	4.9837541239460345e-8	3.437518897603587e-11
322.	4.9917588674501116e-8	3.443327997224812e-11
322.25	5.000056012337344e-8	3.44932445172665e-11
322.5	5.0086497945118574e-8	3.4555199928554184e-11
322.75	5.017553534445308e-8	3.4623586533664395e-11
323.	5.0267688546771014e-8	3.469004112782312e-11
323.25	5.0363060136740206e-8	3.475406262006385e-11
323.5	5.046172539486238e-8	3.482944540803676e-11
323.75	5.056377357616737e-8	3.490261201728272e-11
324.	5.066929546586216e-8	3.4978193921485376e-11
324.25	5.077838464071999e-8	3.505625560391289e-11
324.5	5.089114309142899e-8	3.513689286320356e-11
324.75	5.10076673822352e-8	3.5220178534768106e-11
325.	5.112804618844456e-8	3.530466008307601e-11
325.25	5.125243265380432e-8	3.539728984230748e-11
325.5	5.138090752465514e-8	3.5488832207789375e-11
325.75	5.151360358774817e-8	3.558336310705054e-11
326.	5.165063755423155e-8	3.56809886650455e-11
326.25	5.1792147677801954e-8	3.578170297863649e-11
326.5	5.1938271237972605e-8	3.588562896380551e-11
326.75	5.208916702337917e-8	3.599252176570326e-11
327.	5.224495856521344e-8	3.610312030211534e-11
327.25	5.240588440734608e-8	3.6220152610790445e-11
327.5	5.2571974173727113e-8	3.6337936166773736e-11
327.75	5.2743470664316044e-8	3.645948825260128e-11
328.	5.292055820744971e-8	3.6585251702494204e-11
328.25	5.3103367255088734e-8	3.671739992168263e-11
328.5	5.3292216454444725e-8	3.685101927684349e-11
328.75	5.34873539615568e-8	3.699374711990967e-11
329.	5.368881565611049e-8	3.71361385797127e-11
329.25	5.3897045942616136e-8	3.728647517616029e-11
329.5	5.411206773366172e-8	3.7438386243050235e-11
329.75	5.4334253002408346e-8	3.759528557883249e-11
330.	5.456387934105706e-8	3.775735938093426e-11
330.25	5.480123390483125e-8	3.792543663812854e-11
330.5	5.504663716236619e-8	3.809823210060855e-11
330.75	5.530040842413273e-8	3.8277461310725994e-11
331.	5.556289754543912e-8	3.846246120289918e-11
331.25	5.583446253752766e-8	3.865347725938497e-11
331.5	5.6115504926433265e-8	3.88513563311481e-11
331.75	5.6406388284218114e-8	3.905469814899267e-11
332.	5.6707650611689576e-8	3.9267180022715664e-11
332.25	5.701970385554102e-8	3.948662436149301e-11
332.5	5.734300080199922e-8	3.9705475073780184e-11
332.75	5.7678032656232786e-8	3.993904716242572e-11
333.	5.802560438627681e-8	4.0183228341580104e-11
333.25	5.838622574804406e-8	4.0436257140490884e-11
333.5	5.8760522607215784e-8	4.069891769858759e-11
333.75	5.9149202579714955e-8	4.097158825372483e-11
334.	5.955300891787363e-8	4.1254865903157414e-11
334.25	5.997276699343243e-8	4.1549196000437885e-11
334.5	6.04093510455502e-8	4.1855115232381273e-11
334.75	6.08637035539943e-8	4.2173504054849146e-11
335.	6.133682420330043e-8	4.249604188721169e-11
335.25	6.182976104888515e-8	4.284020407075858e-11
335.5	6.234402257369876e-8	4.3195616545541304e-11
335.75	6.288058210600466e-8	4.3571082165782927e-11
336.	6.344097635842442e-8	4.3963192079814396e-11
336.25	6.402675638942861e-8	4.4372799921153776e-11
336.5	6.463980210367003e-8	4.480130605432518e-11
336.75	6.528158200153357e-8	4.525139882330668e-11
337.	6.595440079179867e-8	4.572166871568296e-11
337.25	6.666049444140981e-8	4.621525791460559e-11
337.5	6.740232033856597e-8	4.673354506926667e-11
337.75	6.818266033605735e-8	4.727863126715945e-11
338.	6.9004601804982e-8	4.7853833194831534e-11
338.25	6.987153630101211e-8	4.845920018174991e-11
338.5	7.078730984585615e-8	4.909855068061593e-11
338.75	7.175622199263069e-8	4.977487521580721e-11
339.	7.278311861072937e-8	5.049140715271402e-11
339.25	7.387346633504462e-8	5.125201176612712e-11
339.5	7.50335319412332e-8	5.206287627073809e-11
339.75	7.627045397572676e-8	5.292550232257272e-11
340.	7.759224312153309e-8	5.384735085792855e-11
340.25	7.90083689817059e-8	5.4834834760721534e-11
340.5	8.052968732646884e-8	5.589264306505066e-11
340.75	8.216895038607131e-8	5.703537469531716e-11
341.	8.394100970769361e-8	5.827033645363684e-11
341.25	8.586344599151625e-8	5.96098969253979e-11
341.5	8.795715717128627e-8	6.106858787439776e-11
341.75	9.02471858551354e-8	6.266388864309268e-11
342.	9.276376630726893e-8	6.441730506768679e-11
342.25	9.554365165418475e-8	6.635363168569281e-11
342.5	9.863195730879643e-8	6.850389995011219e-11
342.75	1.0208442826164001e-7	7.090763146867808e-11
343.	1.0597042775786259e-7	7.361320747934438e-11
343.25	1.1037652084773755e-7	7.668004970848952e-11
343.5	1.154111067836234e-7	8.018440125332523e-11
343.75	1.2120889916768625e-7	8.421966455779645e-11
344.	1.2793430203602727e-7	8.890022265059716e-11
344.25	1.357800641463848e-7	9.435997487649646e-11
344.5	1.4495471728554984e-7	1.0074422392302568e-10
344.75	1.5565023238741052e-7	1.0818873375161215e-10
345.	1.6798612684304468e-7	1.1677303301684133e-10
345.25	1.8194618913273187e-7	1.2648791131600955e-10
345.5	1.973462609114667e-7	1.3720692394914105e-10
345.75	2.138654767977893e-7	1.4870444211287071e-10
346.	2.311244168296291e-7	1.6069354368709274e-10
346.25	2.487650807044048e-7	1.729724271065995e-10
346.5	2.6649442380815604e-7	1.8531535095586311e-10
346.75	2.8409664382039716e-7	1.97571586913092e-10
347.	3.014244102366331e-7	2.0963929112442843e-10
347.25	3.183832269157981e-7	2.2143318212372951e-10
347.5	3.349184298301005e-7	2.3294159242209653e-10
347.75	3.510006349737204e-7	2.4414733839809895e-10
348.	3.6661817610576184e-7	2.5502853483302086e-10
348.25	3.8177216601863396e-7	2.655915386902136e-10
348.5	3.964697119682906e-7	2.758335503407192e-10
348.75	4.10720639794859e-7	2.8576510067000154e-10
349.	4.245451475185009e-7	2.9540737267909835e-10
349.25	4.379565438143089e-7	3.04764893646736e-10
349.5	4.509714574575779e-7	3.1384792816794093e-10
349.75	4.636063391165309e-7	3.2266584924550024e-10
350.	4.7587772113989246e-7	3.3123450187069976e-10
350.25	4.878011677044142e-7	3.3956242595846086e-10
350.5	4.993915758029743e-7	3.4764604080933794e-10
350.75	5.106642084225833e-7	3.5548654884334054e-10
351.	5.216310278170612e-7	3.631482006701666e-10
351.25	5.323056630959634e-7	3.7061026727293637e-10
351.5	5.427001384344956e-7	3.7787956227423864e-10
351.75	5.528257600439763e-7	3.8496693199057467e-10
352.	5.626932232131782e-7	3.9184917470075495e-10
352.25	5.723130475457855e-7	3.9858445248416664e-10
352.5	5.816943636670186e-7	4.051427846344677e-10
352.75	5.908463260855638e-7	4.1155155069379207e-10
353.	5.997773988891454e-7	4.1780815833128e-10
353.25	6.084955027439942e-7	4.2391724550964314e-10
353.5	6.170082542081922e-7	4.298860153928688e-10
353.75	6.253226530824424e-7	4.3571883494968643e-10
354.	6.33445922381763e-7	4.414148936691685e-10
354.25	6.413838324092525e-7	4.4698378895638745e-10
354.5	6.491426521641543e-7	4.524260937791298e-10
354.75	6.567282786997126e-7	4.5775145367296057e-10
355.	6.641460749729448e-7	4.629607600676113e-10
355.25	6.714011382733114e-7	4.680365426796413e-10
355.5	6.784967949280075e-7	4.729109652434772e-10
355.75	6.854413554059082e-7	4.777909282872131e-10
356.	6.922396586837603e-7	4.825703388456455e-10
356.25	6.988914352080394e-7	4.872452187199961e-10
356.5	7.054030254392707e-7	4.918231471296446e-10
356.75	7.117786047458011e-7	4.963100045113265e-10
357.	7.180217011653379e-7	5.007052495338529e-10
357.25	7.241357209095814e-7	5.050097185735264e-10
357.5	7.301243596581106e-7	5.092321318961164e-10
357.75	7.359906110587609e-7	5.133524878068464e-10
358.	7.4173800256017e-7	5.17404678264123e-10
358.25	7.473693209740228e-7	5.213766923041159e-10
358.5	7.528886474631423e-7	5.252068614913737e-10
358.75	7.58296422396545e-7	5.290239246045252e-10
359.	7.635964806781945e-7	5.327668430810672e-10
359.25	7.68791402847353e-7	5.36436584649159e-10
359.5	7.738836717409043e-7	5.400353386802578e-10
359.75	7.788756734711563e-7	5.435647438835344e-10
360.	7.837697383011604e-7	5.470272499242395e-10
360.25	7.88568034034412e-7	5.504227318867759e-10
360.5	7.93272729238427e-7	5.537535368553392e-10
360.75	7.978858789662945e-7	5.57021261375351e-10
361.	8.024095054093038e-7	5.6022682076569e-10
361.25	8.068455310884078e-7	5.633718033542528e-10
361.5	8.111957385899325e-7	5.664637698676122e-10
361.75	8.154621390158753e-7	5.694922451956507e-10
362.	8.19646333392501e-7	5.724630613674334e-10
362.25	8.23749913272327e-7	5.753771752101787e-10
362.5	8.277747945477993e-7	5.782376479864696e-10
362.75	8.317224171406859e-7	5.810448484847742e-10
363.	8.35594359297026e-7	5.837989659990853e-10
363.25	8.393921120701883e-7	5.865039458236933e-10
363.5	8.431176974144971e-7	5.891571038630562e-10
363.75	8.467713182611387e-7	5.917608968593157e-10
364.	8.503544722196966e-7	5.943183120587847e-10
364.25	8.538694637776845e-7	5.968263111421496e-10
364.5	8.573172513263683e-7	5.992891784052615e-10
364.75	8.606987965534875e-7	6.017047532659938e-10
365.	8.640154631364287e-7	6.040751738984049e-10
365.25	8.672683044658872e-7	6.063909094426847e-10
365.5	8.704587626764997e-7	6.086729586861866e-10
365.75	8.735879273396156e-7	6.109161352499834e-10
366.	8.766566259021546e-7	6.13114519019547e-10
366.25	8.796661400266439e-7	6.152711003788335e-10
366.5	8.826173992365255e-7	6.173877074075947e-10
366.75	8.855114887012604e-7	6.194641725875221e-10
367.	8.883494450008528e-7	6.215019684588068e-10
367.25	8.911315137819548e-7	6.23446604862359e-10
367.5	8.938599213763034e-7	6.254039162347418e-10
367.75	8.965350662613523e-7	6.273281763455288e-10
368.	8.991576749477179e-7	6.292160532573164e-10
368.25	9.017286825946933e-7	6.310677875782414e-10
368.5	9.042490582943516e-7	6.329012348057656e-10
368.75	9.067194336731595e-7	6.346835746989951e-10
369.	9.091404005434471e-7	6.364267251978708e-10
369.25	9.115160438703913e-7	6.380727416787599e-10
369.5	9.138415341551044e-7	6.397545223972495e-10
369.75	9.161203214480268e-7	6.414029034413662e-10
370.	9.183530540184914e-7	6.430203676647863e-10
370.25	9.205405117528425e-7	6.446066175528203e-10
370.5	9.226833757307595e-7	6.461591731053878e-10
370.75	9.247824041513161e-7	6.476838440875225e-10
371.	9.26838232710509e-7	6.491779113442142e-10
371.25	9.288514962733981e-7	6.506409532815223e-10
371.5	9.308229491905834e-7	6.520769733647501e-10
371.75	9.327534591155272e-7	6.534867360934097e-10
372.	9.346465023804051e-7	6.5478962802584e-10
372.25	9.36496184489712e-7	6.561406720173746e-10
372.5	9.383070759612002e-7	6.574722118674811e-10
372.75	9.400780765588074e-7	6.587587320131498e-10
373.	9.41811362170509e-7	6.600289325776342e-10
373.25	9.435067199062467e-7	6.612686203891775e-10
373.5	9.451652706745427e-7	6.62485673477299e-10
373.75	9.467872538968421e-7	6.636785394900259e-10
374.	9.483733751098261e-7	6.648431912593684e-10
374.25	9.499222772413562e-7	6.659301555626117e-10
374.5	9.514377688308115e-7	6.670485172962243e-10
374.75	9.529187785776849e-7	6.681439546756422e-10
375.	9.543655076066995e-7	6.691961169127087e-10
375.25	9.557792732832827e-7	6.702448603245478e-10
375.5	9.571597630158247e-7	6.712717752771045e-10
375.75	9.585076444806192e-7	6.72275195074621e-10
376.	9.598234925836286e-7	6.73254255194167e-10
376.25	9.611076959703576e-7	6.742112992617322e-10
376.5	9.623606968666107e-7	6.751466494271257e-10
376.75	9.635828460707406e-7	6.759191813078616e-10
377.	9.647747359202e-7	6.768117504561062e-10
377.25	9.659367030529794e-7	6.776834926607194e-10
377.5	9.670694675066186e-7	6.785473407352268e-10
377.75	9.681725534034077e-7	6.793756175246405e-10
378.	9.692470865977167e-7	6.801867084597872e-10
378.25	9.702931680551233e-7	6.809763706021998e-10
378.5	9.71310707457943e-7	6.817915555335158e-10
378.75	9.723014169954338e-7	6.825417366037134e-10
379.	9.732651649794476e-7	6.832769782142848e-10
379.25	9.742020259100805e-7	6.839915382483939e-10
379.5	9.751115961535877e-7	6.846613375940921e-10
379.75	9.759959030206275e-7	6.853390853256914e-10
380.	9.768544397665192e-7	6.859989145319722e-10