 M_min,GeV M_max,GeV   xsec[LO],pb/GeV   stat,% mu_neg,% mu_pos,%  xsec[NLO],pb/GeV   stat,% mu_neg,% mu_pos,% xsec[NNLO],pb/GeV   stat,% mu_neg,% mu_pos,%
     340.0     340.5        0.0000e+00      nan      nan      nan        0.0000e+00      nan      nan      nan        0.0000e+00      nan      nan      nan
     340.5     341.0        0.0000e+00      nan      nan      nan        0.0000e+00      nan      nan      nan        0.0000e+00      nan      nan      nan
     341.0     341.5        0.0000e+00      nan      nan      nan        0.0000e+00      nan      nan      nan        0.0000e+00      nan      nan      nan
     341.5     342.0        0.0000e+00      nan      nan      nan        0.0000e+00      nan      nan      nan        0.0000e+00      nan      nan      nan
     342.0     342.5        0.0000e+00      nan      nan      nan        0.0000e+00      nan      nan      nan        0.0000e+00      nan      nan      nan
     342.5     343.0        0.0000e+00      nan      nan      nan        0.0000e+00      nan      nan      nan        0.0000e+00      nan      nan      nan
     343.0     343.5        0.0000e+00      nan      nan      nan        0.0000e+00      nan      nan      nan        0.0000e+00      nan      nan      nan
     343.5     344.0        0.0000e+00      nan      nan      nan        0.0000e+00      nan      nan      nan        0.0000e+00      nan      nan      nan
     344.0     344.5        0.0000e+00    98.78      nan      nan        0.0000e+00    98.78      nan      nan        0.0000e+00    98.78      nan      nan
     344.5     345.0        0.0000e+00      nan      nan      nan        0.0000e+00      nan      nan      nan        0.0000e+00      nan      nan      nan
     345.0     345.5        3.4120e-01     0.16    20.28    27.77        7.4408e-01     0.16    18.95    27.12        2.5578e+00     0.16    27.49    44.66
     345.5     346.0        6.2219e-01     0.08    20.30    27.77        1.0882e+00     0.08    16.08    21.99        1.7924e+00     0.08    16.95    22.83
     346.0     346.5        8.0291e-01     0.08    20.31    27.77        1.3077e+00     0.08    15.02    20.06        1.7703e+00     0.08    12.23    13.94
     346.5     347.0        9.4921e-01     0.08    20.33    27.77        1.4857e+00     0.08    14.37    18.89        1.8512e+00     0.08    10.13    10.12
     347.0     347.5        1.0728e+00     0.08    20.34    27.77        1.6344e+00     0.08    13.91    18.04        1.9172e+00     0.08     8.29     6.86
     347.5     348.0        1.1823e+00     0.09    20.36    27.77        1.7663e+00     0.09    13.60    17.48        1.9673e+00     0.09     6.53     3.69
     348.0     348.5        1.2829e+00     0.09    20.38    27.77        1.8870e+00     0.09    13.36    17.04        2.0819e+00     0.09     6.43     3.62
     348.5     349.0        1.3722e+00     0.09    20.39    27.77        1.9954e+00     0.09    13.17    16.69        2.1129e+00     0.09     4.96     0.97
     349.0     349.5        1.4583e+00     0.09    20.41    27.77        2.0972e+00     0.09    12.97    16.32        2.2139e+00     0.09     4.96     1.04
     349.5     350.0        1.5366e+00     0.09    20.43    27.77        2.1874e+00     0.09    12.79    15.99        2.2549e+00     0.09     3.99     0.22
     350.0     350.5        1.6102e+00     0.09    20.44    27.77        2.2719e+00     0.09    12.63    15.68        2.3202e+00     0.09     3.73     0.35
     350.5     351.0        1.6806e+00     0.10    20.46    27.77        2.3564e+00     0.10    12.50    15.45        2.4121e+00     0.10     3.84     0.31
     351.0     351.5        1.7449e+00     0.09    20.47    27.77        2.4282e+00     0.09    12.36    15.18        2.4236e+00     0.09     5.02     0.26
     351.5     352.0        1.8090e+00     0.09    20.49    27.77        2.5043e+00     0.09    12.27    15.01        2.4902e+00     0.09     5.39     0.35
     352.0     352.5        1.8700e+00     0.09    20.51    27.77        2.5728e+00     0.09    12.18    14.84        2.5670e+00     0.09     4.76     0.26
     352.5     353.0        1.9249e+00     0.09    20.52    27.77        2.6340e+00     0.09    12.08    14.63        2.5716e+00     0.09     6.93     0.43
     353.0     353.5        1.9823e+00     0.09    20.54    27.77        2.7095e+00     0.09    12.07    14.62        2.6688e+00     0.09     5.71     0.36
     353.5     354.0        2.0331e+00     0.09    20.55    27.77        2.7586e+00     0.09    11.93    14.34        2.6693e+00     0.09     7.66     0.54
     354.0     354.5        2.0824e+00     0.10    20.57    27.77        2.8167e+00     0.10    11.89    14.26        2.7281e+00     0.10     7.32     0.43
     354.5     355.0        2.1324e+00     0.09    20.58    27.77        2.8718e+00     0.09    11.80    14.09        2.8082e+00     0.09     6.46     0.41
     355.0     355.5        2.1766e+00     0.10    20.60    27.77        2.9228e+00     0.10    11.76    14.00        2.8075e+00     0.10     8.19     0.57
     355.5     356.0        2.2245e+00     0.10    20.62    27.77        2.9716e+00     0.10    11.66    13.81        2.8855e+00     0.10     6.57     0.35
     356.0     356.5        2.2679e+00     0.10    20.63    27.78        3.0233e+00     0.10    11.62    13.73        2.9186e+00     0.10     7.01     0.37
     356.5     357.0        2.3076e+00     0.10    20.65    27.81        3.0697e+00     0.10    11.59    13.66        2.9181e+00     0.10     8.47     0.48
     357.0     357.5        2.3506e+00     0.10    20.66    27.84        3.1111e+00     0.10    11.47    13.43        3.0143e+00     0.10     7.05     0.43
     357.5     358.0        2.3887e+00     0.10    20.67    27.86        3.1525e+00     0.10    11.45    13.38        3.0075e+00     0.10     8.28     0.54
     358.0     358.5        2.4249e+00     0.10    20.69    27.89        3.1900e+00     0.10    11.38    13.25        2.9982e+00     0.10     9.66     0.57
     358.5     359.0        2.4650e+00     0.10    20.71    27.92        3.2404e+00     0.10    11.39    13.25        3.1194e+00     0.10     7.19     0.45
     359.0     359.5        2.4976e+00     0.11    20.72    27.95        3.2676e+00     0.11    11.30    13.07        3.0518e+00     0.11    10.25     0.70
     359.5     360.0        2.5345e+00     0.11    20.73    27.97        3.3121e+00     0.11    11.28    13.04        3.1547e+00     0.11     8.32     0.49
     360.0     360.5        2.5673e+00     0.10    20.75    28.00        3.3497e+00     0.10    11.25    12.98        3.1696e+00     0.10     8.82     0.61
     360.5     361.0        2.5975e+00     0.10    20.76    28.03        3.3736e+00     0.10    11.16    12.79        3.1590e+00     0.10     9.75     0.66
     361.0     361.5        2.6315e+00     0.11    20.78    28.05        3.4062e+00     0.11    11.07    12.62        3.2481e+00     0.11     8.13     0.48
     361.5     362.0        2.6599e+00     0.11    20.79    28.08        3.4382e+00     0.11    11.05    12.56        3.2281e+00     0.11     9.58     0.64
     362.0     362.5        2.6900e+00     0.11    20.81    28.11        3.4800e+00     0.11    11.08    12.60        3.2697e+00     0.11     9.14     0.61
     362.5     363.0        2.7194e+00     0.11    20.82    28.14        3.4985e+00     0.11    10.99    12.43        3.3225e+00     0.11     7.99     0.37
     363.0     363.5        2.7436e+00     0.11    20.84    28.16        3.5206e+00     0.11    10.93    12.32        3.2664e+00     0.11    10.62     0.68
     363.5     364.0        2.7740e+00     0.11    20.85    28.19        3.5592e+00     0.11    10.92    12.28        3.3471e+00     0.11     9.26     0.62
     364.0     364.5        2.8007e+00     0.11    20.86    28.21        3.5903e+00     0.11    10.92    12.27        3.3906e+00     0.11     8.91     0.66
     364.5     365.0        2.8228e+00     0.11    20.88    28.24        3.6059e+00     0.11    10.85    12.13        3.3472e+00     0.11    10.37     0.66
     365.0     365.5        2.8521e+00     0.11    20.89    28.27        3.6301e+00     0.11    10.79    12.01        3.4056e+00     0.11     9.82     0.71
     365.5     366.0        2.8742e+00     0.11    20.90    28.29        3.6604e+00     0.11    10.82    12.07        3.4030e+00     0.11    10.24     0.68
     366.0     366.5        2.8957e+00     0.12    20.92    28.32        3.6773e+00     0.12    10.73    11.88        3.3925e+00     0.12    11.30     0.95
     366.5     367.0        2.9221e+00     0.11    20.93    28.35        3.6999e+00     0.11    10.71    11.83        3.5101e+00     0.11     8.40     0.58
     367.0     367.5        2.9403e+00     0.12    20.95    28.37        3.7200e+00     0.12    10.66    11.72        3.4575e+00     0.12    10.28     0.68
     367.5     368.0        2.9640e+00     0.11    20.96    28.40        3.7437e+00     0.11    10.63    11.67        3.5234e+00     0.11     9.03     0.53
     368.0     368.5        2.9847e+00     0.12    20.97    28.42        3.7568e+00     0.12    10.60    11.60        3.5339e+00     0.12     9.18     0.61
     368.5     369.0        3.0014e+00     0.11    20.99    28.45        3.7873e+00     0.11    10.64    11.66        3.4783e+00     0.11    11.44     1.04
     369.0     369.5        3.0253e+00     0.11    21.00    28.47        3.8003e+00     0.11    10.54    11.47        3.5819e+00     0.11     8.84     0.51
     369.5     370.0        3.0423e+00     0.12    21.01    28.50        3.8136e+00     0.12    10.50    11.38        3.5416e+00     0.12    10.56     0.76
     370.0     370.5        3.0588e+00     0.12    21.03    28.53        3.8331e+00     0.12    10.52    11.41        3.5244e+00     0.12    11.30     1.02
     370.5     371.0        3.0807e+00     0.12    21.04    28.55        3.8595e+00     0.12    10.49    11.34        3.6440e+00     0.12     8.61     0.56
     371.0     371.5        3.0974e+00     0.12    21.05    28.57        3.8725e+00     0.12    10.46    11.28        3.5900e+00     0.12    10.41     0.73
     371.5     372.0        3.1115e+00     0.12    21.07    28.60        3.8650e+00     0.12    10.34    11.05        3.5687e+00     0.12    10.76     1.02
     372.0     372.5        3.1322e+00     0.12    21.08    28.62        3.8943e+00     0.12    10.33    11.00        3.6567e+00     0.12     9.35     0.58
     372.5     373.0        3.1453e+00     0.31    21.09    28.65        3.8977e+00     0.31    10.32    10.99        3.5812e+00     0.31    11.59     1.19
     373.0     373.5        3.1610e+00     0.30    21.11    28.67        3.9478e+00     0.30    10.42    11.15        3.6471e+00     0.30    10.41     0.72
     373.5     374.0        3.1787e+00     0.12    21.12    28.70        3.9341e+00     0.12    10.30    10.92        3.6558e+00     0.12    10.37     0.81
     374.0     374.5        3.1879e+00     0.13    21.13    28.72        3.9488e+00     0.13    10.30    10.92        3.6128e+00     0.13    12.12     1.34
     374.5     375.0        3.2075e+00     0.12    21.15    28.75        3.9601e+00     0.12    10.25    10.81        3.6971e+00     0.12     9.76     0.69
     375.0     375.5        3.2204e+00     0.12    21.16    28.77        3.9820e+00     0.12    10.27    10.83        3.7268e+00     0.12     9.34     0.62
     375.5     376.0        3.2288e+00     0.12    21.17    28.80        3.9774e+00     0.12    10.17    10.63        3.6281e+00     0.12    12.36     1.52
     376.0     376.5        3.2465e+00     0.12    21.19    28.82        3.9932e+00     0.12    10.20    10.68        3.7286e+00     0.12     9.73     0.62
     376.5     377.0        3.2556e+00     0.12    21.20    28.84        3.9910e+00     0.12    10.06    10.41        3.6491e+00     0.12    11.89     1.43
     377.0     377.5        3.2671e+00     0.13    21.21    28.87        4.0181e+00     0.13    10.18    10.63        3.7011e+00     0.13    11.03     1.10
     377.5     378.0        3.2824e+00     0.13    21.22    28.89        4.0288e+00     0.13    10.14    10.53        3.7535e+00     0.13     9.75     0.71
     378.0     378.5        3.2932e+00     0.13    21.24    28.92        4.0348e+00     0.13    10.12    10.50        3.7327e+00     0.13    10.53     0.84
     378.5     379.0        3.3006e+00     0.13    21.25    28.94        4.0310e+00     0.13    10.03    10.30        3.6553e+00     0.13    12.90     1.86
     379.0     379.5        3.3151e+00     0.14    21.26    28.97        4.0436e+00     0.14    10.04    10.31        3.7556e+00     0.14    10.44     0.78
     379.5     380.0        3.3225e+00     0.14    21.27    28.99        4.0511e+00     0.14    10.00    10.22        3.7330e+00     0.14    10.88     1.07
     380.0     380.5        3.3325e+00     0.13    21.29    29.02        4.0595e+00     0.13     9.99    10.19        3.7582e+00     0.13    10.49     0.87
     380.5     381.0        3.3441e+00     0.13    21.30    29.04        4.0751e+00     0.13    10.01    10.22        3.8607e+00     0.13     8.03     0.52
     381.0     381.5        3.3496e+00     0.13    21.31    29.06        4.0693e+00     0.13     9.96    10.12        3.6876e+00     0.13    12.75     1.84
     381.5     382.0        3.3605e+00     0.13    21.33    29.09        4.0669e+00     0.13     9.86     9.93        3.7753e+00     0.13    10.29     0.87
     382.0     382.5        3.3704e+00     0.14    21.34    29.11        4.0808e+00     0.14     9.86     9.91        3.8060e+00     0.14     9.92     0.68
     382.5     383.0        3.3742e+00     0.16    21.35    29.13        4.0942e+00     0.16     9.92    10.02        3.7592e+00     0.16    11.49     1.26
     383.0     383.5        3.3857e+00     0.13    21.36    29.16        4.0897e+00     0.13     9.85     9.88        3.8151e+00     0.13     9.94     0.71
     383.5     384.0        3.3924e+00     0.14    21.37    29.18        4.1060e+00     0.14     9.88     9.93        3.8108e+00     0.14    10.47     0.85
     384.0     384.5        3.3960e+00     0.13    21.39    29.20        4.0948e+00     0.13     9.79     9.74        3.7423e+00     0.13    11.69     1.52
     384.5     385.0        3.4071e+00     0.14    21.40    29.23        4.1077e+00     0.14     9.81     9.76        3.8248e+00     0.14     9.96     0.71
     385.0     385.5        3.4145e+00     0.14    21.41    29.25        4.1145e+00     0.14     9.84     9.81        3.8236e+00     0.14     9.99     0.74
     385.5     386.0        3.4152e+00     0.14    21.42    29.27        4.0993e+00     0.14     9.71     9.55        3.7356e+00     0.14    12.75     1.75
     386.0     386.5        3.4269e+00     0.14    21.43    29.30        4.1209e+00     0.14     9.75     9.62        3.8142e+00     0.14    10.05     0.82
     386.5     387.0        3.4296e+00     0.14    21.45    29.32        4.1086e+00     0.14     9.68     9.49        3.8704e+00     0.14     9.29     0.76
     387.0     387.5        3.4338e+00     0.14    21.46    29.34        4.1178e+00     0.14     9.73     9.56        3.7579e+00     0.14    11.90     1.58
     387.5     388.0        3.4447e+00     0.14    21.47    29.37        4.1296e+00     0.14     9.70     9.50        3.8709e+00     0.14     9.17     0.61
     388.0     388.5        3.4450e+00     0.14    21.48    29.39        4.1217e+00     0.14     9.66     9.41        3.7607e+00     0.14    11.99     1.53
     388.5     389.0        3.4499e+00     0.14    21.50    29.41        4.1288e+00     0.14     9.66     9.40        3.8084e+00     0.14    10.88     1.11
     389.0     389.5        3.4566e+00     0.14    21.51    29.44        4.1318e+00     0.14     9.66     9.39        3.7952e+00     0.14    11.35     1.26
     389.5     390.0        3.4585e+00     0.15    21.52    29.46        4.1182e+00     0.15     9.61     9.28        3.7853e+00     0.15    10.90     1.30
     390.0     390.5        3.4641e+00     0.15    21.53    29.48        4.1314e+00     0.15     9.60     9.26        3.8072e+00     0.15    11.10     1.17
     390.5     391.0        3.4700e+00     0.16    21.54    29.50        4.1283e+00     0.16     9.57     9.18        3.8644e+00     0.16     9.39     0.71
     391.0     391.5        3.4680e+00     0.15    21.55    29.53        4.1175e+00     0.15     9.53     9.11        3.6777e+00     0.15    14.34     2.59
     391.5     392.0        3.4747e+00     0.16    21.57    29.55        4.1321e+00     0.16     9.55     9.12        3.8175e+00     0.16    10.73     1.06
     392.0     392.5        3.4800e+00     0.15    21.58    29.57        4.1159e+00     0.15     9.45     8.92        3.8569e+00     0.15     9.60     0.73
     392.5     393.0        3.4786e+00     0.15    21.59    29.59        4.1266e+00     0.15     9.49     8.99        3.7765e+00     0.15    11.67     1.45
     393.0     393.5        3.4828e+00     0.17    21.60    29.62        4.1126e+00     0.17     9.42     8.85        3.8008e+00     0.17    11.05     1.21
     393.5     394.0        3.4876e+00     0.17    21.61    29.64        4.1448e+00     0.17     9.56     9.10        3.8559e+00     0.17     9.70     0.78
     394.0     394.5        3.4854e+00     0.16    21.62    29.66        4.1316e+00     0.16     9.54     9.05        3.7795e+00     0.16    11.78     1.46
     394.5     395.0        3.4906e+00     0.15    21.64    29.68        4.1143e+00     0.15     9.38     8.74        3.7938e+00     0.15    11.10     1.23
     395.0     395.5        3.4939e+00     0.19    21.65    29.71        4.1097e+00     0.19     9.34     8.67        3.9033e+00     0.19     8.06     0.47
     395.5     396.0        3.4905e+00     0.19    21.66    29.73        4.1259e+00     0.19     9.47     8.88        3.7252e+00     0.19    12.76     2.05
     396.0     396.5        3.4969e+00     0.15    21.67    29.75        4.1273e+00     0.15     9.42     8.77        3.8134e+00     0.15    10.63     1.12
     396.5     397.0        3.4977e+00     0.15    21.68    29.77        4.1062e+00     0.15     9.33     8.61        3.8543e+00     0.15     9.11     0.60
     397.0     397.5        3.4944e+00     0.15    21.69    29.79        4.1098e+00     0.15     9.34     8.61        3.7327e+00     0.15    12.83     1.93
     397.5     398.0        3.5004e+00     0.15    21.70    29.82        4.1044e+00     0.15     9.29     8.50        3.8535e+00     0.15     9.00     0.61
     398.0     398.5        3.4998e+00     0.15    21.72    29.84        4.0979e+00     0.15     9.27     8.47        3.7987e+00     0.15    10.76     1.12
     398.5     399.0        3.4955e+00     0.16    21.73    29.86        4.0975e+00     0.16     9.30     8.50        3.6819e+00     0.16    13.73     2.42
     399.0     399.5        3.5022e+00     0.16    21.74    29.88        4.1182e+00     0.16     9.35     8.58        3.8146e+00     0.16    10.59     1.08
     399.5     400.0        3.5008e+00     0.16    21.75    29.91        4.0982e+00     0.16     9.27     8.42        3.8315e+00     0.16     9.67     0.76
