310.   0.0004107605717735932   4.593676066237287e-7
310.25   0.00041118859239417467   4.5987503998083505e-7
310.5   0.00041163977770378467   4.6062166693887203e-7
310.75   0.00041211446594906676   4.6152213403941385e-7
311.   0.0004126130078705085   4.6248956876711044e-7
311.25   0.00041313576720713617   4.634355201046434e-7
311.5   0.00041368312122606703   4.642698962858622e-7
311.75   0.00041425546127834607   4.6490089958771023e-7
312.   0.00041485319338260254   4.6523495799103387e-7
312.25   0.0004154775667187606   4.6442409555110235e-7
312.5   0.00041612786596223315   4.634186603792407e-7
312.75   0.0004168042057758103   4.624276193935637e-7
313.   0.00041750671128044394   4.616640895572771e-7
313.25   0.0004182332188219228   4.620620646635058e-7
313.5   0.00041898707656659676   4.6284619236491497e-7
313.75   0.00041976938706573413   4.6394923504387186e-7
314.   0.0004205812853205593   4.653026268627725e-7
314.25   0.00042142802297760317   4.668816051517187e-7
314.5   0.00042230512357479443   4.6855189709025443e-7
314.75   0.0004232121519437919   4.7022204074154296e-7
315.   0.0004241486743219053   4.717985852784887e-7
315.25   0.00042511155712962297   4.727494821433204e-7
315.5   0.000426104127209327   4.735842162591655e-7
315.75   0.00042712706632557634   4.743822888604303e-7
316.   0.0004281810840806237   4.7522501975475955e-7
316.25   0.00042926486198051204   4.764662227380971e-7
316.5   0.0004303820300879055   4.778148564417949e-7
316.75   0.0004315342369550695   4.792468172310648e-7
317.   0.0004327231857079449   4.807374478791367e-7
317.25   0.0004339543547134223   4.822692306985244e-7
317.5   0.00043522439660499543   4.838055892027387e-7
317.75   0.00043653366211208924   4.853168557678578e-7
318.   0.00043788252863361177   4.867726099616408e-7
318.25   0.00043926305960895385   4.87857894729492e-7
318.5   0.00044068728095219894   4.889349154347721e-7
318.75   0.0004421591044330467   4.900879470566498e-7
319.   0.00044368256927698404   4.91403558540501e-7
319.25   0.00044527518007092624   4.933175769643589e-7
319.5   0.00044692273727189456   4.95439823241951e-7
319.75   0.00044862418946224934   4.977209975470452e-7
320.   0.0004503784826630065   5.001104603850445e-7
320.25   0.0004521760496377866   5.024991531662242e-7
320.5   0.00045402764555494877   5.04912665076505e-7
320.75   0.0004559357371175675   5.073195093038452e-7
321.   0.00045790289728657343   5.096872622095274e-7
321.25   0.00045993343485103814   5.117625680407618e-7
321.5   0.00046202790260257515   5.138161148664669e-7
321.75   0.0004641885577026255   5.159037073684465e-7
322.   0.0004664177696729845   5.180829695995785e-7
322.25   0.00046871727186374826   5.205910933705475e-7
322.5   0.0004710907279783075   5.232433694880178e-7
322.75   0.0004735412039196697   5.260295984475786e-7
323.   0.0004760719206761723   5.289393069670434e-7
323.25   0.0004786853865282949   5.319204013915737e-7
323.5   0.00048138638087646637   5.350190778229213e-7
323.75   0.00048417902145483487   5.38241191801766e-7
324.   0.00048706764105777657   5.415928946526842e-7
324.25   0.0004900609199677439   5.450853330724962e-7
324.5   0.0004931579660542375   5.487188344064359e-7
324.75   0.0004963621278684054   5.52498607938309e-7
325.   0.0004996769676675536   5.564301731418369e-7
325.25   0.0005031023903317051   5.60572599794277e-7
325.5   0.0005066478121714931   5.648584736148579e-7
325.75   0.0005103191711211669   5.692720279187838e-7
326.   0.000514122762416261   5.737969411287053e-7
326.25   0.0005180682085700023   5.784619283988636e-7
326.5   0.0005221585398334672   5.831863574162683e-7
326.75   0.0005264000613813459   5.879327274565297e-7
327.   0.0005307995066552076   5.926618866196566e-7
327.25   0.0005353594798569121   5.970903375495197e-7
327.5   0.0005400940240134756   6.015100956517937e-7
327.75   0.0005450133335659625   6.05978950362344e-7
328.   0.0005501282979112319   6.10557668312236e-7
328.25   0.0005554610339752397   6.153273926187343e-7
328.5   0.0005610095765644388   6.203320272816021e-7
328.75   0.0005667828425065737   6.256356621493455e-7
329.   0.0005727904864579427   6.31306189103557e-7
329.25   0.0005790294108988143   6.376008070807621e-7
329.5   0.0005855296388882858   6.443412326505792e-7
329.75   0.0005923093064084795   6.515298325955833e-7
330.   0.0005993879842486912   6.591696144410752e-7
330.25   0.0006067941199728471   6.67275634161663e-7
330.5   0.0006145405954037015   6.758368078646818e-7
330.75   0.0006226491121087986   6.848536192313827e-7
331.   0.0006311433106194978   6.943271853198629e-7
331.25   0.0006400508426088493   7.041665879347467e-7
331.5   0.0006493973693804983   7.14501624024888e-7
331.75   0.0006592129777604442   7.253760789024703e-7
332.   0.000669530705039299   7.36837807294158e-7
332.25   0.0006803776390003506   7.489319290159856e-7
332.5   0.0006918065319007822   7.617260115348964e-7
332.75   0.0007038657407720874   7.752866475454096e-7
333.   0.0007166087428963976   7.896872919093523e-7
333.25   0.0007301104626940309   8.052938966763482e-7
333.5   0.0007444155003103813   8.218084174020743e-7
333.75   0.0007595904007268538   8.392047925601421e-7
334.   0.0007757096981732543   8.574560817510368e-7
334.25   0.0007928270434304495   8.759599525258309e-7
334.5   0.0008110776017298964   8.954669840010832e-7
334.75   0.0008305815344353521   9.162048901994216e-7
335.   0.000851474862088581   9.384292363891184e-7
335.25   0.000873959342812712   9.628166006504876e-7
335.5   0.0008981475624652568   9.89169099766126e-7
335.75   0.0009242198991376039   1.0176808398676104e-6
336.   0.000952384231902777   1.0485757940625194e-6
336.25   0.0009828426971460308   1.0820264319296195e-6
336.5   0.0010159266809537926   1.118451515965423e-6
336.75   0.0010519811711565102   1.1582450893530935e-6
337.   0.0010914111932541842   1.201869827323595e-6
337.25   0.0011347046449601624   1.2500779831189304e-6
337.5   0.0011824166568645865   1.3032454008613982e-6
337.75   0.001235221435361248   1.3620485800737561e-6
338.   0.0012939301763720578   1.4273016579280896e-6
338.25   0.0013595336705978208   1.4995838386646378e-6
338.5   0.0014332208379953862   1.5806292573922352e-6
338.75   0.0015164623645310352   1.6721188122721279e-6
339.   0.0016110805353564633   1.7761364139125095e-6
339.25   0.0017193435882837589   1.895635666895951e-6
339.5   0.0018441250272390251   2.033453515593668e-6
339.75   0.001989059668659057   2.1935729738392154e-6
340.   0.0021587853816168352   2.3810737712063417e-6
340.25   0.0023592478242598224   2.6024167554405517e-6
340.5   0.002598075829284032   2.866002030630137e-6
340.75   0.002885015994191614   3.18250136423574e-6
341.   0.0032323297849425944   3.5653222345491187e-6
341.25   0.0036548955935611234   4.0298253601267445e-6
341.5   0.0041694175446849256   4.59519743706985e-6
341.75   0.00479135416838726   5.278673457966529e-6
342.   0.005527245993223932   6.0878574461325714e-6
342.25   0.0063596920884967855   7.006563012321464e-6
342.5   0.007226080798927585   7.964238811371008e-6
342.75   0.008006940639383234   8.82906808283529e-6
343.   0.00855712071109107   9.440429050871177e-6
343.25   0.008790948965656806   9.700369920981268e-6
343.5   0.008750651255156384   9.6579045913246e-6
343.75   0.008572200615161604   9.463357785332617e-6
344.   0.008385528405405364   9.26047473420198e-6
344.25   0.008252065085830262   9.121662604506934e-6
344.5   0.008171747804541586   9.04136291449048e-6
344.75   0.008120975837439183   8.992335826844785e-6
345.   0.008081083170228279   8.952722361781983e-6
345.25   0.008045124147645003   8.906421628964077e-6
345.5   0.008012996810794584   8.862124619962503e-6
345.75   0.007986680426158993   8.82361407584565e-6
346.   0.007967382159811109   8.793805732315458e-6
346.25   0.007955011153344814   8.78038147190659e-6
346.5   0.007948751722045271   8.775394749430417e-6
346.75   0.007947471000516874   8.77673284545695e-6
347.   0.00795006321872452   8.782305917928403e-6
347.25   0.007955516416226511   8.787297577780924e-6
347.5   0.007963144715647564   8.79398035014262e-6
347.75   0.007972367422372348   8.801948338647212e-6
348.   0.007982740525586103   8.810950514400494e-6
348.25   0.007993988247184586   8.821483378321964e-6
348.5   0.008005773824363693   8.832647241925753e-6
348.75   0.008017883625543634   8.844231440264614e-6
349.   0.008030152258340353   8.856079163576213e-6
349.25   0.008042492198349946   8.867663519705444e-6
349.5   0.008054745718228817   8.879473157500511e-6
349.75   0.008066817108484933   8.891616569805007e-6
350.   0.008078627029676742   8.904224105193055e-6
350.25   0.008089981206884587   8.918939019087415e-6
350.5   0.008101000417300058   8.933841004491746e-6
350.75   0.008111687508850197   8.948493115877351e-6
351.   0.00812205213963753   8.962458063380075e-6
351.25   0.008132298461145568   8.974493143109509e-6
351.5   0.008142182758818221   8.985276521733535e-6
351.75   0.008151651077295614   8.994691493110924e-6
352.   0.008160651215338136   9.002622685059485e-6
352.25   0.008168778293270496   9.008717372596773e-6
352.5   0.0081764754925914   9.013193309428799e-6
352.75   0.008183837780479462   9.016033638523385e-6
353.   0.008190962672377785   9.017222831299277e-6
353.25   0.00819840456740065   9.014583625250623e-6
353.5   0.008205631777007717   9.011117172924716e-6
353.75   0.00821256282082524   9.007692540791307e-6
354.   0.008219115300259025   9.005192309435245e-6
354.25   0.00822494549118123   9.007689555423686e-6
354.5   0.008230331939403287   9.01166302647755e-6
354.75   0.008235295218124526   9.016739328472187e-6
355.   0.008239856286436698   9.022539156335555e-6
355.25   0.008244056386750924   9.028169811510228e-6
355.5   0.008247889301746556   9.03394817750532e-6
355.75   0.00825136877235016   9.039684303423447e-6
356.   0.008254508666628056   9.045185422786169e-6
356.25   0.00825733471292079   9.04919366806855e-6
356.5   0.008259844575411176   9.052992367683307e-6
356.75   0.00826204760330767   9.056812567226442e-6
357.   0.008263953142649178   9.060888137465245e-6
357.25   0.008265571263491084   9.067886528441115e-6
357.5   0.008266910249823827   9.074656233167316e-6
357.75   0.008267979086559303   9.08045137109522e-6
358.   0.008268786721983208   9.084516654836013e-6
358.25   0.008269366365289684   9.081759070506485e-6
358.5   0.008269692974951615   9.07744398358715e-6
358.75   0.008269765498389984   9.072546756329506e-6
359.   0.008269582719561767   9.068054457196533e-6
359.25   0.008269129344452422   9.068697948876825e-6
359.5   0.008268423249521472   9.070279090899549e-6
359.75   0.008267468381608318   9.072303992858215e-6
360.   0.008266268591964863   9.074272723433323e-6
360.25   0.008264815150607788   9.073124286648577e-6
360.5   0.008263129145270366   9.071912840327167e-6
360.75   0.008261219209778497   9.071157352811726e-6
361.   0.008259093940314535   9.07138226152277e-6
361.25   0.008256761356193392   9.077122209194448e-6
361.5   0.008254230732307757   9.083322587654594e-6
361.75   0.008251510772774466   9.088900214654405e-6
362.   0.008248610148062113   9.092760327841408e-6
362.25   0.008245570136496584   9.08901217657896e-6
362.5   0.00824235377965586   9.083217316011822e-6
362.75   0.008238956426205457   9.076186002686426e-6
363.   0.008235373263290019   9.068736858119357e-6
363.25   0.008231554787422083   9.064448961620224e-6
363.5   0.008227558041238725   9.060314932440194e-6
363.75   0.008223395779084465   9.056063062430457e-6
364.   0.008219080777071125   9.051418841491233e-6
364.25   0.008214700370647428   9.044741351519737e-6
364.5   0.00821016330938137   9.037654565378997e-6
364.75   0.00820545226335041   9.03042782712937e-6
365.   0.008200549647808617   9.023332922915357e-6
365.25   0.008195360405224677   9.017488121474357e-6
365.5   0.008189974284208545   9.011991342753439e-6
365.75   0.008184404207155119   9.006779940219168e-6
366.   0.008178663135572903   9.001790533046416e-6
366.25   0.008172777314159108   8.996926817644275e-6
366.5   0.008166741286048988   8.99216895095455e-6
366.75   0.00816056277138808   8.987464448314215e-6
367.   0.00815424948233456   8.982760251314027e-6
367.25   0.00814782602406052   8.978116274239294e-6
367.5   0.008141276490739873   8.973319776099206e-6
367.75   0.008134601740457569   8.968270134969448e-6
368.   0.008127802568632587   8.962865815216976e-6
368.25   0.008120848337817684   8.956346918727673e-6
368.5   0.008113783538712262   8.949528412542806e-6
368.75   0.008106621464551551   8.942571812114828e-6
369.   0.00809937545178601   8.935639893137247e-6
369.25   0.008092145332628095   8.929563178866452e-6
369.5   0.008084823769585673   8.92357591766708e-6
369.75   0.008077389299449114   8.917575282539084e-6
370.   0.008069820231401424   8.911457555509064e-6
370.25   0.00806205183824538   8.90555357875295e-6
370.5   0.008054121790936727   8.899149623782821e-6
370.75   0.008046025028697987   8.891963525568883e-6
371.   0.008037756406734493   8.88371097136072e-6
371.25   0.008029199219660962   8.871791573575954e-6
371.5   0.008020503895958122   8.859149468514157e-6
371.75   0.008011710055943429   8.846428340962061e-6
372.   0.008002857566884604   8.83427660813782e-6
372.25   0.007994118426868032   8.826327484963358e-6
372.5   0.007985348724956357   8.819075056969567e-6
372.75   0.00797653581497686   8.811978656021242e-6
373.   0.007967666910895095   8.804493642073447e-6
373.25   0.007958711011309948   8.793853806071962e-6
373.5   0.007949680315357381   8.782605250682431e-6
373.75   0.007940568925296048   8.771086628290722e-6
374.   0.007931370861770542   8.759638931035385e-6
374.25   0.007922053838795802   8.749694150467597e-6
374.5   0.007912648363405656   8.740076641692005e-6
374.75   0.007903158799208207   8.7306950248378e-6
375.   0.007893589503127504   8.721457230243904e-6
375.25   0.007883966695130645   8.712613609689542e-6
375.5   0.007874264159729465   8.703591306924135e-6
375.75   0.007864477414894475   8.69415786746481e-6
376.   0.007854601916236102   8.684079300202642e-6
376.25   0.007844580845089275   8.673116699542436e-6
376.5   0.007834482499728311   8.661037817806153e-6
376.75   0.007824323207413707   8.64760555524196e-6
377.   0.00781411936787485   8.632581369602693e-6
377.25   0.007803957656523393   8.612363629438226e-6
377.5   0.007793756504018129   8.59140894317116e-6
377.75   0.007783504221266622   8.570829717672412e-6
378.   0.00777318901686391   8.551745191865671e-6
378.25   0.0077627919846416935   8.54026594454668e-6
378.5   0.007752310935616423   8.530558199565858e-6
378.75   0.00774173660717647   8.521752172949673e-6
379.   0.007731059656849729   8.512972729495e-6
379.25   0.007720270663465457   8.503339456185823e-6
379.5   0.007709360128294481   8.491966734345478e-6
379.75   0.00769831847616803   8.477963810554285e-6
380.   0.00768713605657603   8.460434866362311e-6
