310.   0.0034946220367681156   0.000018841131462623944
310.25   0.0034904669617208447   0.000018825407897340582
310.5   0.0034863243869702612   0.000018807638236159413
310.75   0.0034822116205162085   0.000018788189695682184
311.   0.0034781461645992788   0.000018767433254133113
311.25   0.003474145721716464   0.000018745743767378697
311.5   0.003470228200855782   0.00001872350008910318
311.75   0.003466411723959776   0.000018701085195326142
312.   0.003462714632628353   0.000018678886313458894
312.25   0.003459211457501092   0.000018657777561557558
312.5   0.003455842907752938   0.000018637481763184844
312.75   0.003452605326415736   0.00001861820400173373
313.   0.003449495039767739   0.000018600151885811276
313.25   0.0034465106183165484   0.000018584309496974514
313.5   0.0034436451981344914   0.0000185698099904429
313.75   0.0034408941346242288   0.000018556554970911247
314.   0.003438252753352188   0.00001854444508595402
314.25   0.003435695412094907   0.0000185335280032976
314.5   0.0034332465828987566   0.000018523495879601038
314.75   0.003430909999002072   0.000018514186194523842
315.   0.0034286894680821477   0.000018505434576463736
315.25   0.0034265916024581212   0.000018497212250319672
315.5   0.003424616562217455   0.00001848915914636007
315.75   0.0034227672864412632   0.000018481049081003494
316.   0.003421046785346802   0.000018472653017407396
316.25   0.003419463714237692   0.000018461691979982
316.5   0.0034180134636991252   0.000018450785754111737
316.75   0.0034166970083706776   0.00001844052849123454
317.   0.0034155153741280307   0.00001843152256707924
317.25   0.0034144772580799046   0.00001842757509337945
317.5   0.0034135731723511486   0.000018424848948237757
317.75   0.0034128012095306875   0.000018422672423026478
318.   0.003412159477642123   0.000018420364530066336
318.25   0.0034116185490331765   0.00001841338685551678
318.5   0.0034112149771595023   0.000018406403277987853
318.75   0.0034109581416029828   0.000018400269782870204
319.   0.003410857610539888   0.000018395855266502076
319.25   0.003410947308974655   0.000018397458271409946
319.5   0.003411203528033234   0.0000184012131541577
319.75   0.0034116266017762964   0.00001840663828972261
320.   0.0034122169298368963   0.00001841324507679526
320.25   0.0034129580620730357   0.00001841975672273642
320.5   0.0034138741161854683   0.00001842675816834257
320.75   0.0034149726090157476   0.000018434056760385542
321.   0.0034162612508222352   0.000018441456982813402
321.25   0.003417769488524202   0.000018447252292330986
321.5   0.0034194754413574536   0.000018453342242088054
321.75   0.0034213786603123596   0.000018460137762155337
322.   0.0034234787737924084   0.000018468057151028684
322.25   0.0034257800639471755   0.000018478586978684478
322.5   0.0034282759578485415   0.00001849068390944301
322.75   0.0034309644732340877   0.000018504356826964387
323.   0.0034338436891971718   0.000018519615412107552
323.25   0.0034368567218263026   0.00001853612453376298
323.5   0.0034400784149987524   0.000018554376935601796
323.75   0.003443529571863924   0.000018574526380448102
324.   0.0034472315084951386   0.000018596730340886526
324.25   0.0034512757037916627   0.000018623530651939912
324.5   0.0034555876468325523   0.000018651778749597703
324.75   0.003460161824849798   0.000018680669137575543
325.   0.0034649927657317402   0.000018709380926871487
325.25   0.003470003491307355   0.000018734017229804603
325.5   0.003475288200870913   0.000018757982632248112
325.75   0.0034808709203967302   0.00001878166075175973
326.   0.00348677636782708   0.000018805443727827506
326.25   0.0034931587883469113   0.00001882850089482281
326.5   0.00349986521142938   0.000018852956429836122
326.75   0.003506869752368402   0.000018879736801054227
327.   0.0035141461716303958   0.00001890979051394476
327.25   0.0035215363321276887   0.000018947909004884714
327.5   0.0035291961511293452   0.000018989776468954147
327.75   0.0035371523519029985   0.00001903484316979966
328.   0.003545432556359562   0.000019082548320955848
328.25   0.00355409422095615   0.000019130696898063967
328.5   0.003563126784711582   0.00001918095977195808
328.75   0.003572549003025695   0.00001923340823273771
329.   0.003582380464170064   0.000019288117345934536
329.25   0.003592658985315631   0.000019345672967484926
329.5   0.003603381898193722   0.000019405454424488163
329.75   0.0036145644781499123   0.000019467340427488142
330.   0.003626222884736246   0.00001953120879897209
330.25   0.0036383808855503822   0.0000195967787944037
330.5   0.003651047359921199   0.00001966414540133475
330.75   0.0036642387730481158   0.000019733249039648515
331.   0.003677972686481807   0.000019804031199402506
331.25   0.003692265428992912   0.000019874119174055545
331.5   0.0037071403733496817   0.000019946670208264237
331.75   0.0037226199237211173   0.000020022590878897415
332.   0.0037387280116427967   0.0000201028205980511
332.25   0.003755465451872792   0.00002019155309424744
332.5   0.003772893980789282   0.000020285336974751278
332.75   0.003791053246922236   0.000020383885715454177
333.   0.00380998538758603   0.00002048690972938612
333.25   0.003829749308116014   0.000020591777877949818
333.5   0.00385037332677239   0.000020701434328626484
333.75   0.0038719025942688776   0.000020816556654917363
334.   0.003894385562872353   0.000020937856697980137
334.25   0.003917892462453013   0.000021068874844490215
334.5   0.003942454215015321   0.00002120653754412445
334.75   0.0039681236437251275   0.00002135050905934107
335.   0.003994958086017787   0.000021500453135520637
335.25   0.004022996396765808   0.000021653801769205123
335.5   0.004052338916812705   0.000021813304228511455
335.75   0.004083069582038074   0.000021979565467698623
336.   0.004115279666189692   0.000022153236138789742
336.25   0.0041490963838626445   0.000022335730690187046
336.5   0.0041845900669873004   0.000022526823317671862
336.75   0.004221867898678506   0.000022727034077610746
337.   0.004261048040377673   0.00002293693865504699
337.25   0.0043022175748805265   0.000023156116583283676
337.5   0.004345581093350619   0.00002338673751332265
337.75   0.004391317831247675   0.00002363004473649484
338.   0.0044396264457869745   0.000023887401681094074
338.25   0.00449075755421919   0.00002416086689550482
338.5   0.004544916800576521   0.00002445133154812995
338.75   0.004602367458867221   0.000024760395318812804
339.   0.00466340622031712   0.000025089851395812954
339.25   0.0047283782372344995   0.00002544326363019842
339.5   0.00479765189467177   0.00002582079649873847
339.75   0.004871658319403645   0.000026224371429586342
340.   0.004950892157449124   0.000026656223070838535
340.25   0.005035899778321781   0.00002711809131200536
340.5   0.005127375279000513   0.00002761422197600281
340.75   0.0052261003699248815   0.000028148602892388843
341.   0.00533299138247076   0.000028725923935447326
341.25   0.005449143897062892   0.00002935018157060864
341.5   0.005575823238934974   0.000030030097361445138
341.75   0.005714560857377853   0.000030774305896788904
342.   0.005867204581149645   0.00003159318624977493
342.25   0.006036021814323093   0.00003250167935981889
342.5   0.006223739737861388   0.00003351198707034009
342.75   0.006433750657391771   0.00003464195770107117
343.   0.006670272575175022   0.0000359138181955857
343.25   0.006938510539807201   0.00003735281713886339
343.5   0.007245135989331001   0.00003899709926347064
343.75   0.007598366407692984   0.00004089112426785924
344.   0.008008233375964693   0.00004308915080617751
344.25   0.00848650454690641   0.000045655075760700416
344.5   0.009045974202053648   0.00004865787199221015
344.75   0.009698511049062594   0.000052161870767274106
345.   0.010451706704431137   0.00005620859295992408
345.25   0.01130511991567829   0.00006080065657604114
345.5   0.012247733631468406   0.00006587504590281863
345.75   0.013260053382052849   0.00007132632456230519
346.   0.014318696144286566   0.00007702777597542747
346.25   0.01540118757143733   0.00008285438302869917
346.5   0.016489085001706597   0.00008870863243044247
346.75   0.017568612704604167   0.0000945156514054027
347.   0.01863026959182456   0.00010022346817661134
347.25   0.01966784934423327   0.00010579332017430351
347.5   0.020677778048417444   0.00011121078979504641
347.75   0.021658131511636557   0.00011646672286785606
348.   0.022608143384432604   0.00012155849958587022
348.25   0.023527792564774365   0.0001264902707357464
348.5   0.024417583191446397   0.00013126350746555702
348.75   0.02527830784071702   0.0001358835866584252
349.   0.02611093759336155   0.00014035693173647455
349.25   0.026916719365019166   0.00014469834177298103
349.5   0.027696517961631018   0.0001489046459638609
349.75   0.028451362659203987   0.00015297963715394796
350.   0.029182257007393835   0.00015692671214944198
350.25   0.029889927342354294   0.00016074050546657472
350.5   0.03057561406697695   0.00016443475435161075
350.75   0.03124029157395615   0.00016801519403356134
351.   0.03188489132760348   0.00017148739715856117
351.25   0.03251041042897945   0.00017486026813779622
351.5   0.03311754658199289   0.0001781342730003157
351.75   0.033707056815244996   0.00018131293505674475
352.   0.03427965580752978   0.00018439950921546474
352.25   0.034836097413876825   0.0001873947947438663
352.5   0.035376910095751876   0.00019030456735955812
352.75   0.03590266075889223   0.0001931323273318346
353.   0.0364138810109172   0.0001958814259066201
353.25   0.03691127441950107   0.00019858353537953905
353.5   0.03739502717961038   0.00020120265167352378
353.75   0.03786548932177328   0.00020372940249391142
354.   0.03832297878976552   0.00020615359116673152
354.25   0.03876688179929985   0.00020837647194473774
354.5   0.039198698914615214   0.00021050710405843122
354.75   0.03961905030604026   0.00021257071614606504
355.   0.04002855114986482   0.00021459379191676473
355.25   0.040428794691369875   0.00021669266336997448
355.5   0.04081903373153687   0.0002187739786123136
355.75   0.04119945387751461   0.0002208299557925365
356.   0.04157021877805835   0.00022285214791288466
356.25   0.04193095712244624   0.0002248114730952894
356.5   0.04228250210106636   0.0002267258386332488
356.75   0.042625176029290016   0.00022859341742872104
357.   0.042959292727343674   0.00023041216834140553
357.25   0.04328544492709941   0.00023217142541399717
357.5   0.04360353456334988   0.00023388038503742507
357.75   0.04391373234708077   0.00023553996179701776
358.   0.04421619783949084   0.00023715102545646507
358.25   0.0445109524851031   0.00023870500770480332
358.5   0.04479831171751144   0.00024021570163508063
358.75   0.0450784584188903   0.00024168780220846644
359.   0.045351568289634256   0.00024312611134700042
359.25   0.0456177021248338   0.0002445452228222059
359.5   0.045877172127539834   0.00024593672643494056
359.75   0.046130179830476584   0.000247301681487766
360.   0.04637692246188602   0.00024864111103635537
360.25   0.04661761400817494   0.0002499658805767119
360.5   0.04685241495927399   0.0002512632512662115
360.75   0.04708150237809019   0.00025253002880350325
361.   0.04730504965269446   0.0002537628602689784
361.25   0.047522950551270954   0.00025494630051081034
361.5   0.04773575481957927   0.0002560932557980428
361.75   0.04794374077181761   0.0002572048869833428
362.   0.048147187115850774   0.00025828235778324127
362.25   0.04834808030475077   0.0002593237594904354
362.5   0.048544329899257464   0.00026033453234103587
362.75   0.04873550810515806   0.00026131712623390924
363.   0.04892116839074724   0.00026227403008089324
363.25   0.04909877300651698   0.0002632126428101207
363.5   0.04927071870903915   0.00026412876322141546
363.75   0.04943736342833269   0.0002650229780914079
364.   0.04959907027613606   0.00026589585916782173
364.25   0.04975666493406274   0.00026675273586857954
364.5   0.049909884991746235   0.00026758752010788396
364.75   0.050058919798881864   0.00026839877110929685
365.   0.050203959043937096   0.00026918498736215634
365.25   0.05034569688377306   0.00026993357058251156
365.5   0.0504836229684093   0.000270658246913911
365.75   0.050617720370039754   0.0002713618916639431
366.   0.05074796783794964   0.0002720474296363734
366.25   0.05087375908943505   0.0002727318588767678
366.5   0.05099587237732965   0.0002733986958364796
366.75   0.051114513245301134   0.00027404523648615563
367.   0.05122988857555761   0.0002746686972475744
367.25   0.05134271048454305   0.0002752489145608818
367.5   0.051452487488836365   0.00027580702228264034
367.75   0.051559223389342636   0.0002763471190788121
368.   0.051662919031518185   0.00027687337780505364
368.25   0.05176366514741476   0.0002774004471289463
368.5   0.05186132780029154   0.00027791816691334604
368.75   0.05195586134590376   0.0002784266553117982
369.   0.05204721672467725   0.0002789260155495222
369.25   0.052134853792060086   0.0002794250809129952
369.5   0.05221939588457305   0.00027991175258992965
369.75   0.052300984108758004   0.0002803825064837039
370.   0.052379760219112975   0.0002808337375494131
370.25   0.05245627435439299   0.0002812451982337038
370.5   0.05253010182208507   0.0002816361894481374
370.75   0.05260121938163464   0.00028200965426833195
371.   0.05266960144963005   0.0002823685824547682
371.25   0.052734834287364196   0.00028272305645403147
371.5   0.05279742521268173   0.00028306634250950985
371.75   0.05285749975660594   0.00028339868363929743
372.   0.05291518401960169   0.0002837203171448211
372.25   0.0529709381182521   0.00028403350332083076
372.5   0.05302442476594747   0.0002843356424787029
372.75   0.05307563551141198   0.0002846261266908823
373.   0.05312456022969718   0.000284904329238463
373.25   0.05317097302966706   0.0002851671632352463
373.5   0.05321515891265797   0.0002854173677386093
373.75   0.053257190368858176   0.00028565525865149893
374.   0.05329713973268195   0.000285881150184584
374.25   0.05333524228281587   0.0002860935062553224
374.5   0.05337134277639998   0.0002862952143173281
374.75   0.05340544660541236   0.0002864873380372581
375.   0.053437558033162406   0.0002866709510746946
375.25   0.05346759278523529   0.0002868510835681105
375.5   0.05349567481276526   0.000287023327526911
375.75   0.05352184077265457   0.00028718717711736537
376.   0.05354612680366973   0.000287342112557846
376.25   0.05356856230260352   0.0002874870413551141
376.5   0.053589191106179775   0.0002876221958913522
376.75   0.05360805041624957   0.0002877472436653505
377.   0.053625177002103966   0.00028786184235324216
377.25   0.05364081933203515   0.0002879673188522363
377.5   0.053654717566216203   0.00028806097071396735
377.75   0.05366682089549876   0.0002881417437548447
378.   0.05367707695200719   0.0002882085653808128
378.25   0.05368503460184736   0.0002882460031886083
378.5   0.05369119241506666   0.0002882729493165672
378.75   0.05369565509802466   0.00028829411179463776
379.   0.053698528008473405   0.0002883142574502551
379.25   0.05369991714946915   0.00028833821108276787
379.5   0.053699929163326915   0.0002883708546544967
379.75   0.05369867132561383   0.0002884171264979094
380.   0.053696251539186265   0.00028848202053847143
