310.   0.011866079722538576   0.00003896697652931798
310.25   0.011873773608993027   0.000038923397843848746
310.5   0.01188026017863646   0.000038889680329757495
310.75   0.01188577648888412   0.000038864994102184535
311.   0.01189056206050213   0.00003884850148606158
311.25   0.011894858953775136   0.000038839356775825665
311.5   0.011898911847414043   0.00003883670598664337
311.75   0.011902968120327104   0.00003883968659676576
312.   0.011907277936384625   0.000038847427280615385
312.25   0.011912809686813004   0.000038856457143575004
312.5   0.01191882114557802   0.00003886950125677008
312.75   0.0119252811797646   0.00003888671104590562
313.   0.011932158398199348   0.00003890824033064804
313.25   0.011939726547438773   0.000038948871542251746
313.5   0.011947527582144258   0.00003898835646734347
313.75   0.011955405327529072   0.00003902092000280839
314.   0.011963201798771889   0.00003904071705977024
314.25   0.011969590870166177   0.00003900528296285509
314.5   0.011976037764343828   0.00003895961094800886
314.75   0.011982852358351403   0.00003891247466912914
315.   0.011990348510736638   0.00003887275736075797
315.25   0.011999965167514861   0.0000388822508946109
315.5   0.01201046098533358   0.0000389043246316352
315.75   0.012021707057698417   0.0000389348859269584
316.   0.012033572976892773   0.00003896979024310865
316.25   0.012045472740058984   0.00003899124178193918
316.5   0.012057905997367738   0.000039013950172121404
316.75   0.012070922159579606   0.00003903913361055122
317.   0.012084571480281645   0.00003906802747244475
317.25   0.012099295057604502   0.00003910821294408531
317.5   0.012114601157488414   0.00003915213796348624
317.75   0.01213038405719657   0.000039198518088677516
318.   0.012146536708825635   0.000039246051350930855
318.25   0.012162804845125628   0.000039292221494956
318.5   0.012179281951644565   0.000039337357080300664
318.75   0.012195916107969664   0.00003938058671100644
319.   0.012212654765935183   0.00003942102610081288
319.25   0.012228582812332403   0.000039451828795366245
319.5   0.012244847760969367   0.000039480375002358486
319.75   0.01226174635505092   0.00003950816344964453
320.   0.012279580197119779   0.00003953671641383649
320.25   0.012299767790495561   0.00003956738598854087
320.5   0.012321071618355925   0.00003960201567503348
320.75   0.012343355477022939   0.000039642283602854956
321.   0.012366481297037749   0.00003968989679810281
321.25   0.012390018348657853   0.000039756050915929706
321.5   0.012414229653028219   0.000039829336349999706
321.75   0.012439089804040938   0.00003990769184467176
322.   0.01246457329276385   0.000039989022561136234
322.25   0.012490587543013553   0.00004005770908837056
322.5   0.012517200111383558   0.000040130374738695685
322.75   0.012544412548671889   0.00004021032928170689
323.   0.01257222680468816   0.00004030094438567674
323.25   0.012600150890853272   0.00004042951227986772
323.5   0.012628876029738091   0.00004056631689840011
323.75   0.012658607812257241   0.00004070517019370594
324.   0.01268955625476522   0.000040839768367842246
324.25   0.012722941474070644   0.00004093760670034907
324.5   0.012757583256132523   0.000041028439849132086
324.75   0.012793294231681317   0.00004111626945919128
325.   0.012829883921765463   0.000041205177535182786
325.25   0.012866288873446855   0.000041313168016916334
325.5   0.012903522319879972   0.00004142523804871
325.75   0.012941740405131383   0.000041540057562672164
326.   0.012981103299148889   0.00004165627051595941
326.25   0.013022523815191048   0.000041765041880516176
326.5   0.01306512967221343   0.000041875326380060275
326.75   0.01310878694414155   0.0000419887439066617
327.   0.01315335958364271   0.000042106953368672256
327.25   0.013197933725933185   0.000042240584066876544
327.5   0.013243447343206127   0.00004237896219523387
327.75   0.013290076618428443   0.00004252020201049846
328.   0.013338003018339848   0.000042662375947323456
328.25   0.01338744503813436   0.00004279441001678498
328.5   0.013438551981527068   0.00004292693833974227
328.75   0.013491510177221964   0.00004306164657802398
329.   0.013546512297758653   0.000043200266815227965
329.25   0.013604338193157957   0.00004334436860434921
329.5   0.013664388055336861   0.00004349607965488776
329.75   0.013726636327354696   0.000043657376453064426
330.   0.01379105887678088   0.00004383029693179931
330.25   0.013857753683270402   0.00004402852408541499
330.5   0.013926532470969243   0.00004423815219607668
330.75   0.013997326298785593   0.00004445663376006607
331.   0.014070066750823935   0.00004468135594198705
331.25   0.0141438924575359   0.000044900078288228365
331.5   0.014219837539762156   0.000045123307933602386
331.75   0.014298165210832547   0.00004535217793238096
332.   0.01437915040197269   0.00004558786670594158
332.25   0.014463570261871773   0.000045831015139350855
332.5   0.014551047120769644   0.000046083716182213874
332.75   0.014641693075130793   0.00004634755067772389
333.   0.014735628967230512   0.00004662416954708278
333.25   0.0148330388378273   0.00004692228167123644
333.5   0.014933989172955705   0.00004723402270831203
333.75   0.015038609800624042   0.000047558373784724914
334.   0.015147042211858933   0.000047894300164947774
334.25   0.015259128647327265   0.00004823079805998435
334.5   0.015375469502709634   0.00004858057379369084
334.75   0.015496379763763423   0.00004894671580064199
335.   0.015622197279882713   0.000049332471952047885
335.25   0.01575339755625719   0.00004975316622691566
335.5   0.01589021626968284   0.000050195961554073875
335.75   0.016033028132828732   0.00005065966895504027
336.   0.016182240130903986   0.00005114309591307899
336.25   0.016338583506129177   0.00005163618043611032
336.5   0.016502143773366718   0.00005214996791351484
336.75   0.016673327435859243   0.00005268702401095349
337.   0.016852585520024648   0.00005325011906425797
337.25   0.01704010178946521   0.00005384847180166241
337.5   0.01723687269844151   0.00005447677551195937
337.75   0.017443657881830346   0.00005513593191720078
338.   0.01766129990662395   0.00005582701757283247
338.25   0.017890852036281994   0.00005654567666061225
338.5   0.01813320238175293   0.000057301168654277724
338.75   0.018389474719173994   0.000058097707141235456
339.   0.018660936243932672   0.000058939996121447405
339.25   0.018948776733094582   0.000059842829285850406
339.5   0.019254962848306228   0.000060799106897025775
339.75   0.019581464076488437   0.00006181141752354155
340.   0.01993053371792525   0.00006288294034852273
340.25   0.02030540422067596   0.00006399052333506988
340.5   0.020708199647493684   0.00006517582265797118
340.75   0.021142126395229378   0.00006645658948488067
341.   0.021610960238982395   0.00006785306335332075
341.25   0.022118405510083254   0.00006942226896603553
341.5   0.022670845230999014   0.00007114543501077825
341.75   0.023275041427953422   0.00007303897082438396
342.   0.023939151090474363   0.00007512313881733253
342.25   0.024673620274220483   0.00007740925859492076
342.5   0.025489903716205048   0.00007994724263621853
342.75   0.026402782639366545   0.00008278278528962426
343.   0.02743066057258318   0.00008597278054354048
343.25   0.028596703016358787   0.00008957888189566515
343.5   0.02992949971490149   0.00009370259663330344
343.75   0.03146475013708789   0.00009845903821761985
344.   0.03324595250912923   0.00010398846358572005
344.25   0.0353226172084512   0.00011048025496700926
344.5   0.03775091378091231   0.00011807944044175344
344.75   0.040580818939695035   0.00012693623579154272
345.   0.04384229604487391   0.00013713621659843788
345.25   0.04753078170854717   0.00014861597836322214
345.5   0.051593143590821976   0.00016124261250953463
345.75   0.05594279316848179   0.0001747480215930086
346.   0.060479209175328945   0.00018882307793069997
346.25   0.06510211123582281   0.00020321684411549017
346.5   0.06974334163764694   0.00021765724790373547
346.75   0.07435046327074385   0.00023196413289478608
347.   0.07888955125458236   0.0002460113312848769
347.25   0.08336201868884768   0.0002596620980234213
347.5   0.08773114709591302   0.00027292837619538493
347.75   0.09198431336328362   0.0002857999157627789
348.   0.0961121489276454   0.0002982829638248341
348.25   0.10007788541384542   0.0003104346918426004
348.5   0.10391353689851707   0.0003222277596457948
348.75   0.10762637164781905   0.00033367396812122077
349.   0.11122506310393748   0.0003447865793133327
349.25   0.11473471199251992   0.00035559029323352647
349.5   0.11814508318490229   0.0003660840391564234
349.75   0.121460164747432   0.0003762759270825254
350.   0.1246837300292381   0.0003861728452610171
350.25   0.1278175820458598   0.00039575701372941463
350.5   0.1308672871268227   0.0004050643499757339
350.75   0.13383657523998957   0.00041410827712342723
351.   0.1367289594053877   0.0004229017934727276
351.25   0.13954890353374905   0.000431470960143243
351.5   0.1422979133306123   0.0004398095254605675
351.75   0.14497837017541473   0.0004479232625485475
352.   0.14759243200058347   0.00045581713264073663
352.25   0.15013957474412798   0.0004634794352979265
352.5   0.1526249328313569   0.00047093541618346423
352.75   0.15505115107739484   0.00047819482421750906
353.   0.15742076930357057   0.00048526721483251403
353.25   0.15973772456923124   0.0004921498344069549
353.5   0.16200231779815333   0.0004988685814183003
353.75   0.1642161734032428   0.0005054377999737051
354.   0.166380803260523   0.0005118720129955618
354.25   0.16849773551363229   0.0005182254621397874
354.5   0.17056811175440248   0.0005244586043350557
354.75   0.17259309677781928   0.0005305695514943449
355.   0.1745737668235973   0.0005365557382510121
355.25   0.17650829109197233   0.0005423925794075296
355.5   0.17840147997958727   0.0005481057289582398
355.75   0.18025537894597796   0.0005536998791116077
356.   0.18207202035784514   0.000559179580832947
356.25   0.18385761109682341   0.000564521861593672
356.5   0.18560838273106592   0.000569768857066108
356.75   0.18732456819420754   0.0005749363566283834
357.   0.18900632028348582   0.0005800405354736281
357.25   0.1906522133580867   0.0005852069606163006
357.5   0.1922643283174004   0.0005903017970865045
357.75   0.1938432322698216   0.000595296389400414
358.   0.19538945036868527   0.0006001606586728918
358.25   0.19689905710954947   0.0006047187091953712
358.5   0.19837860641316155   0.0006091376986842871
358.75   0.19983036116615902   0.0006134441473219574
359.   0.20125661639854828   0.0006176654824774191
359.25   0.20266624846736844   0.0006219031137205737
359.5   0.20405254166295753   0.0006260849336551808
359.75   0.20541514813556142   0.0006302103961203974
360.   0.2067536606672385   0.0006342787637143528
360.25   0.20806559446240436   0.0006382924890870661
360.5   0.20935323117604973   0.0006422457930927261
360.75   0.21061683966659575   0.000646135997326341
361.   0.21185666317444807   0.0006499602136329736
361.25   0.21307147515020639   0.0006536717687430827
361.5   0.2142634760304103   0.0006573278468792496
361.75   0.2154334389572916   0.0006609430826798818
362.   0.2165821326782231   0.0006645324489146357
362.25   0.21770612699635675   0.0006683962816088324
362.5   0.2188120073683411   0.00067215447696661
362.75   0.21990227113961766   0.0006757048037987585
363.   0.22097946001524557   0.0006789421366445117
363.25   0.222061555895683   0.0006810871428018698
363.5   0.22312979968845953   0.0006829617129151533
363.75   0.224180492327392   0.0006847301701785714
364.   0.22520981367323936   0.000686561282021786
364.25   0.22620328176983787   0.0006892810233258895
364.5   0.22717149549061308   0.00069215946150751
364.75   0.22811464118972882   0.000695108582556512
365.   0.2290328996562971   0.0006980379601350446
365.25   0.22992562741735748   0.0007006124556180515
365.5   0.23079413350201897   0.0007030739148965562
365.75   0.2316389210303093   0.0007054248588810996
366.   0.2324604962026744   0.0007076678665795342
366.25   0.2332497835861867   0.0007096806105792137
366.5   0.23402062668017232   0.0007116395892274613
366.75   0.2347774853561995   0.000713598973099077
367.   0.2355249080493434   0.0007156140995679328
367.25   0.23626809822231   0.0007180791393150545
367.5   0.23701098633377557   0.0007205818629599811
367.75   0.23775814369330817   0.0007230422222539656
368.   0.23851421925842806   0.0007253783997655772
368.25   0.2393249993204755   0.0007271301281184386
368.5   0.24013813712186016   0.000728736445688191
368.75   0.24094165714051605   0.0007302650096351037
369.   0.24172332667931967   0.000731784860159242
369.25   0.24242749199105096   0.0007336057577456083
369.5   0.2431015175152715   0.0007354662053938607
369.75   0.24375011975561564   0.0007373411421719411
370.   0.2443781063722599   0.0007392049638808223
370.25   0.24497864467518132   0.0007409944404169988
370.5   0.24557305416392464   0.0007427345622021506
370.75   0.24617120894572633   0.0007444133385589943
371.   0.24678315389311542   0.0007460185439332419
371.25   0.24748426491898418   0.0007474130667516423
371.5   0.24819415710505915   0.0007487578508085056
371.75   0.24889672073446087   0.0007500909711047377
372.   0.24957555124567685   0.000751451153330715
372.25   0.25015125221764273   0.0007530463681702693
372.5   0.2506941983955677   0.0007546817161505274
372.75   0.25121274895710777   0.0007563289226058348
373.   0.2517154060445203   0.0007579591964081773
373.25   0.2522310745129858   0.0007594505448463077
373.5   0.25274030135388964   0.0007609023335714121
373.75   0.2532437325809018   0.0007623221120875263
374.   0.2537420185930887   0.000763717539657373
374.25   0.2542439416898029   0.0007651227318722697
374.5   0.2547388333958734   0.0007665088405186773
374.75   0.25522404193114057   0.0007678730972708085
375.   0.25569686982710155   0.0007692126753004735
375.25   0.2561438454486731   0.0007705247381556892
375.5   0.25657713832612805   0.0007718062781897549
375.75   0.2569982911928455   0.0007730542793843865
376.   0.2574088672520073   0.0007742656707453847
376.25   0.2578139004863007   0.0007754523515167806
376.5   0.25821018333386564   0.0007765901965076407
376.75   0.25859793331714254   0.000777669856002789
377.   0.2589773677052943   0.000778681843482884
377.25   0.25934919893768665   0.0007795439951847299
377.5   0.25971295304406244   0.0007803477118132287
377.75   0.2600686450293667   0.000781112633963294
378.   0.2604162870188015   0.0007818586700178995
378.25   0.26075498020284715   0.0007826622996296953
378.5   0.26108599759273976   0.0007834654277134504
378.75   0.26140971238783683   0.0007842658401231157
379.   0.2617264999132578   0.0007850612788168086
379.25   0.2620367376028902   0.0007858494425357204
379.5   0.26234080498240475   0.0007866279874676847
379.75   0.2626390836522632   0.0007873945278958287
380.   0.2629319572707485   0.0007881466368328384
