310.   -0.005433238177208145   0.00003402671073826968
310.25   -0.005426160777532439   0.00003402081542244409
310.5   -0.005419286939399472   0.00003400332590234595
310.75   -0.005412601668674036   0.000033975188971431696
311.   -0.0054060898430643885   0.00003393736041597356
311.25   -0.005399736208257837   0.00003389080529349861
311.5   -0.005393525373924412   0.00003383649822110554
311.75   -0.005387441809582819   0.0000337754236741007
312.   -0.005381469840322646   0.00003370857629541884
312.25   -0.005375400219918042   0.00003363367921739449
312.5   -0.005369486882839111   0.00003355632826274928
312.75   -0.005363792152603873   0.000033478881842793903
313.   -0.005358379108458936   0.0000334037254830913
313.25   -0.005353636109358016   0.00003333756054576839
313.5   -0.005349175055960656   0.00003327684672883507
313.75   -0.005344929743490891   0.00003322231599881904
314.   -0.005340833221205284   0.00003317470992017589
314.25   -0.005336641468936507   0.000033134883804987885
314.5   -0.005332531920244406   0.00003310345452103284
314.75   -0.005328506831082352   0.00003308115221077798
315.   -0.005324568516787787   0.0000330687174240665
315.25   -0.005320644037538103   0.00003308109054149869
315.5   -0.005316840891224824   0.000033099242114634625
315.75   -0.0053131921903264824   0.00003311818032223195
316.   -0.00530973152129882   0.00003313284894762732
316.25   -0.00530652394244029   0.00003313582948333407
316.5   -0.005303560831368367   0.00003312513175942301
316.75   -0.005300864702230213   0.00003309642604838954
317.   -0.005298458440643615   0.00003304532159257131
317.25   -0.005296529332613861   0.000032927758766890497
317.5   -0.0052948723432764775   0.000032794444746973134
317.75   -0.005293444817137253   0.000032656908259671154
318.   -0.0052922035656695655   0.00003252684020860482
318.25   -0.005290898996633895   0.000032449568774208254
318.5   -0.005289773787150949   0.000032390466082675845
318.75   -0.005288866858564628   0.00003234811714154964
319.   -0.005288217782320764   0.00003232108904469621
319.25   -0.00528798861665126   0.00003231165060078388
319.5   -0.0052880505188084275   0.00003231314533137963
319.75   -0.005288395522579751   0.000032322566188986245
320.   -0.005289015636149319   0.00003233686135830653
320.25   -0.005289888443340233   0.000032344439786303234
320.5   -0.005291025966288329   0.000032353990207862666
320.75   -0.005292426008560056   0.000032365779933146894
321.   -0.005294086444808058   0.000032380081381198464
321.25   -0.005295936996414744   0.00003239613578067387
321.5   -0.0052980707533504855   0.00003241567057912965
321.75   -0.005300513685537412   0.000032439398063740985
322.   -0.005303292336138747   0.00003246804392706575
322.25   -0.005306546471327662   0.00003251026099512996
322.5   -0.0053101469799919365   0.000032555780986412445
322.75   -0.0053140762523397785   0.00003260213913699421
323.   -0.00531831651975934   0.00003264682734809274
323.25   -0.005322791187261363   0.00003267216128656582
323.5   -0.005327563843889966   0.00003269661134888034
323.75   -0.005332640215423815   0.00003272371887444185
324.   -0.005338026309996883   0.00003275709316814948
324.25   -0.005343629706799344   0.000032817400250698214
324.5   -0.0053495944680401015   0.00003288474818731897
324.75   -0.005355967989090024   0.000032956011126113805
325.   -0.005362798839097475   0.00003302800293498554
325.25   -0.005370321810158917   0.0000330889338762024
325.5   -0.00537833054661383   0.00003314737440909045
325.75   -0.005386801622712785   0.000033203443162496704
326.   -0.005395711408710041   0.000033257261583901936
326.25   -0.005404972226087482   0.000033300324465333666
326.5   -0.005414648832488217   0.0000333447651036036
326.75   -0.005424743174979832   0.000033394259578366105
327.   -0.005435257571906468   0.0000334525686758973
327.25   -0.005446097520222122   0.000033536015419732005
327.5   -0.005457401355304682   0.00003363119777165609
327.75   -0.005469212669303266   0.00003373702635126471
328.   -0.005481576512321064   0.00003385239126668948
328.25   -0.0054947464986228964   0.00003398476398565092
328.5   -0.005508483095009001   0.00003412103166882583
328.75   -0.005522750943711834   0.00003425646994131854
329.   -0.005537514319725435   0.000034386236969670285
329.25   -0.00555233642621604   0.00003448028261886976
329.5   -0.005567737487970947   0.00003456836069364847
329.75   -0.005583846114196496   0.00003465559494809373
330.   -0.005600795111508022   0.00003474724987698264
330.25   -0.005619148682088134   0.000034864966042972224
330.5   -0.005638456039426686   0.00003499178395488471
330.75   -0.005658687586180469   0.0000351267284373249
331.   -0.005679813872810734   0.00003526880344565871
331.25   -0.005701672433096442   0.000035421100709349116
331.5   -0.005724419055157275   0.00003557687527427107
331.75   -0.005748080222996033   0.000035733355045273
332.   -0.005772684512652559   0.00003588768635991887
332.25   -0.005798151091888549   0.00003601484077067439
332.5   -0.005824668145215039   0.00003614241385220922
332.75   -0.0058523181615544925   0.00003627646560301762
333.   -0.00588118819329451   0.000036423271973713035
333.25   -0.005911470580910937   0.00003661282353149884
333.5   -0.00594312371378187   0.00003681934395943978
333.75   -0.005976208971720035   0.000037040056515622624
334.   -0.006010792545597499   0.00003727210138176304
334.25   -0.006046932879950662   0.00003750930958987135
334.5   -0.006084725290168783   0.00003775309254248504
334.75   -0.0061242589238148125   0.00003800165101024313
335.   -0.006165630230474011   0.00003825313046020118
335.25   -0.0062089940550542995   0.00003848450968876966
335.5   -0.006254394315565528   0.000038722991616221894
335.75   -0.00630193325330353   0.000038975419637168546
336.   -0.006351723204888701   0.00003924897883103892
336.25   -0.006403750741547627   0.000039580666533229865
336.5   -0.006458341379158454   0.00003993782325390567
336.75   -0.006515703727959837   0.000040316418701391116
337.   -0.006576065531174473   0.00004071227920753724
337.25   -0.006639887524580688   0.00004109368860895388
337.5   -0.006707152145992338   0.000041493884442214945
337.75   -0.006778070758078531   0.0000419198563179504
338.   -0.006852880983597578   0.000042379084108122006
338.25   -0.006931631425236343   0.0000429107236579024
338.5   -0.0070149260200224935   0.00004348065170017281
338.75   -0.007103201916190816   0.00004408486715929155
339.   -0.00719694963871708   0.00004471927081284291
339.25   -0.007296769606638688   0.00004535060718058105
339.5   -0.007403222076562224   0.000046014389506589854
339.75   -0.007516997765547366   0.00004671882616286717
340.   -0.007638887370803316   0.000047473034808784135
340.25   -0.007769884542625102   0.00004830988241706819
340.5   -0.007910927746338297   0.00004920989077676858
340.75   -0.008063205468937032   0.000050176065483692025
341.   -0.008228112442221538   0.00005121227874717353
341.25   -0.008407301871522273   0.00005229445074536275
341.5   -0.008602725279835077   0.00005346824620998242
341.75   -0.008816727403735907   0.00005475468525498697
342.   -0.009052138867523353   0.000056178527982887855
342.25   -0.009312329617010489   0.00005780069050135722
342.5   -0.009601622079740201   0.000059614343760111355
342.75   -0.009925267643349698   0.0000616479859455142
343.   -0.010289793802317704   0.00006393747573992477
343.25   -0.010703340239870355   0.0000665028264352069
343.5   -0.01117611218570283   0.00006943421538958716
343.75   -0.011720778085154199   0.00007281470092215624
344.   -0.012352803103981394   0.00007674569528980148
344.25   -0.013090266686621332   0.00008145693989025093
344.5   -0.013952969922909784   0.00008693750517505607
344.75   -0.014959235615415274   0.00009325468434363699
345.   -0.016120795912101044   0.00010041883145198186
345.25   -0.017437213794101458   0.00010798568062684846
345.5   -0.018891273943133703   0.00011618887757504889
345.75   -0.02045284586584215   0.0001249057580643653
346.   -0.02208577656837184   0.00013401400205172704
346.25   -0.023755176934117685   0.00014391277139756993
346.5   -0.025432600966472655   0.00015400820050433074
346.75   -0.027096694226893803   0.00016413522558794596
347.   -0.028732684684059356   0.0001741498063949252
347.25   -0.03033022949235714   0.00018364607009531807
347.5   -0.031884523977585094   0.00019285627700398435
347.75   -0.03339278529016977   0.00020179153365418317
348.   -0.03485406140209583   0.0002104793995539144
348.25   -0.036269437761488756   0.0002191282814546382
348.5   -0.03763887526555864   0.0002275629479212906
348.75   -0.0389635351366531   0.00023575871683772365
349.   -0.04024483705299158   0.00024368665986678216
349.25   -0.04148418052657372   0.0002511710172160814
349.5   -0.042683369613329344   0.000258364938767363
349.75   -0.043844068953684597   0.00026529130719407174
350.   -0.04496791076188336   0.00027197498066533894
350.25   -0.04605649885750887   0.0002784737384403895
350.5   -0.04711131161855001   0.00028477336328559165
350.75   -0.048133777957660474   0.0002908892394547941
351.   -0.0491252510867922   0.00029683682408748757
351.25   -0.0500870594099456   0.0003027327435114631
351.5   -0.05102033770145281   0.00030845456450031574
351.75   -0.05192619644820915   0.00031397286965079
352.   -0.05280567690003542   0.00031925491688476585
352.25   -0.05365942825803372   0.00032399655781926214
352.5   -0.05448881177268533   0.0003285262037161148
352.75   -0.05529482673249176   0.0003329196121395596
353.   -0.05607842751321781   0.0003372574397330399
353.25   -0.05684071378886824   0.0003419476533864643
353.5   -0.05758230238867495   0.00034663706722538786
353.75   -0.058303949969363396   0.0003512800979192585
354.   -0.059006375083211604   0.00035582728541610977
354.25   -0.059690144146231576   0.0003598836662370583
354.5   -0.06035606767311777   0.0003638629555259289
354.75   -0.06100481488470322   0.0003678517783422671
355.   -0.06163702882263339   0.00037194105595441426
355.25   -0.06225365016088943   0.00037672504870434455
355.5   -0.06285483089674099   0.00038161447038631476
355.75   -0.06344100862733924   0.00038649943503298067
356.   -0.06401259483556597   0.00039126385165585097
356.25   -0.06457064606413619   0.0003954238393257562
356.5   -0.06511460122751468   0.00039935115253382915
356.75   -0.06564451835379868   0.0004030656232501103
357.   -0.06616042270019355   0.0004065881850982485
357.25   -0.06666128680863054   0.00041006953570471566
357.5   -0.06714848716190719   0.0004133547624209729
357.75   -0.06762239001757209   0.00041641364197030826
358.   -0.06808335114730846   0.00041921480436412896
358.25   -0.0685312520675801   0.0004214607909729738
358.5   -0.06896707239052421   0.0004234848151753526
358.75   -0.06939133524154939   0.00042536352298935825
359.   -0.06980456269910955   0.00042717656242918437
359.25   -0.07020725654756431   0.0004292399409674683
359.5   -0.07059996475974395   0.00043131566372020096
359.75   -0.07098321619824209   0.0004333942665804802
360.   -0.07135754003809058   0.0004354657148023292
360.25   -0.0717253733338837   0.00043751748002419466
360.5   -0.07208460193759646   0.0004395411237726142
360.75   -0.07243496181686243   0.00044152580360035457
361.   -0.07277616514796678   0.0004434601928505925
361.25   -0.0731060451098004   0.00044524551515342023
361.5   -0.07342684351483253   0.0004469901911379952
361.75   -0.07373897719189494   0.00044871768257869344
362.   -0.07404286447605789   0.0004504520714949405
362.25   -0.07434003042680612   0.0004525166315747503
362.5   -0.07462936244272622   0.0004545221300235924
362.75   -0.07491082552401947   0.0004563705894806982
363.   -0.0751843739355769   0.0004579612094102029
363.25   -0.07544944412393874   0.00045837164018686436
363.5   -0.07570667468797729   0.00045863291859967614
363.75   -0.07595619963976512   0.00045897498898105435
364.   -0.07619814892679348   0.0004596339452915549
364.25   -0.0764306713487743   0.00046200829440841483
364.5   -0.07665663689120461   0.00046473905605829845
364.75   -0.07687698088148628   0.0004676024019733275
365.   -0.0770926550490208   0.0004703685409865673
365.25   -0.07730891581059363   0.0004721097436498474
365.5   -0.077520784762918   0.00047354684414927005
365.75   -0.07772749318147881   0.000474718221512704
366.   -0.07792824701398479   0.0004756633274087523
366.25   -0.07811892928584008   0.0004763271811979942
366.5   -0.07830328390871094   0.00047688411100298345
366.75   -0.0784818016339957   0.00047741596061382164
367.   -0.07865497960918401   0.0004780064214135092
367.25   -0.07882502908754097   0.0004790788124385897
367.5   -0.07899008379187612   0.0004802504293558844
367.75   -0.07914995766949211   0.0004814714582165769
368.   -0.07930445619178284   0.00048269092022332205
368.25   -0.07945114169386881   0.00048361245111431617
368.5   -0.07959291348230332   0.0004845227179835471
368.75   -0.07973046999962156   0.0004854676248630706
369.   -0.07986452003532189   0.00048649397313595393
369.25   -0.07999937194254009   0.00048793206728182486
369.5   -0.08013075799308868   0.0004894370206764848
369.75   -0.08025794565866148   0.0004909423754444451
370.   -0.08038018445908747   0.0004923803299435269
370.25   -0.08049423589422995   0.0004935483538136202
370.5   -0.08060275452812939   0.0004945617949866749
370.75   -0.08070594958352346   0.0004954035881320174
371.   -0.08080403180688295   0.0004960563972758478
371.25   -0.08089714615453712   0.0004963019579926415
371.5   -0.08098560013698071   0.000496401888940376
371.75   -0.08106963654998875   0.0004964201492624951
372.   -0.08114950015025185   0.0004964218561215418
372.25   -0.08122546421272453   0.0004966691211806627
372.5   -0.0812977403417084   0.0004969564711955949
372.75   -0.08136656821186643   0.0004972723470221773
373.   -0.08143218921001479   0.0004976049552018027
373.25   -0.08149504140552793   0.0004979776367700521
373.5   -0.08155509787349996   0.0004983288638939135
373.75   -0.0816125254407684   0.0004986317245350209
374.   -0.08166749133067693   0.0004988588594595486
374.25   -0.08172105548846305   0.0004987512294680364
374.5   -0.08177214234436454   0.0004986028750275588
374.75   -0.08182055632486485   0.0004984794706957992
375.   -0.08186609674980172   0.0004984477025159779
375.25   -0.08190795249706398   0.0004988941030757923
375.5   -0.08194675685452274   0.0004994428810822237
375.75   -0.08198254113629669   0.0005000336920656373
376.   -0.08201533549261608   0.0005006052468473333
376.25   -0.0820453416443551   0.0005008991395221038
376.5   -0.08207234670695847   0.0005011257497288336
376.75   -0.08209630714047146   0.0005013009528181141
377.   -0.0821171773518115   0.0005014408572255854
377.25   -0.08213484186729729   0.0005016110226182402
377.5   -0.08214934572817005   0.0005017593797688846
377.75   -0.08216066502727304   0.000501882679996149
378.   -0.08216877432172538   0.0005019776233428664
378.25   -0.08217258016750387   0.0005020096795347491
378.5   -0.08217354144948631   0.0005020189312929878
378.75   -0.08217206212977161   0.0005020146133095586
379.   -0.08216855040156598   0.0005020060774605034
379.25   -0.08216341863354838   0.0005020027911549284
379.5   -0.08215708331525799   0.0005020143357174103
379.75   -0.08214996500346919   0.0005020504048027887
380.   -0.08214248826953408   0.0005021208028424411
