310.   0.00017355151968067003   0.0000644275140389926
310.25   0.0001732739369546644   0.00006430737338629406
310.5   0.00017379673767604385   0.00006421123878686608
310.75   0.00017494881739434743   0.0000641360015569741
311.   0.00017655731415434271   0.00006407852221442285
311.25   0.00017844755437827363   0.0000640356295294212
311.5   0.00018044299680989676   0.00006400411954163028
311.75   0.00018236517443320362   0.00006398075454187788
312.   0.0001840336342741064   0.00006396226201694413
312.25   0.0001845264013745967   0.00006393750591614747
312.5   0.00018469074460769196   0.0000639140637157193
312.75   0.0001846398457929778   0.00006389172714161656
313.   0.00018448816702828342   0.00006387028585936776
313.25   0.00018459852761840506   0.00006384676162374115
313.5   0.00018474340011595278   0.00006382479873426454
313.75   0.00018494107238504665   0.00006380530287990882
314.   0.00018521005927086512   0.00006378919116613795
314.25   0.0001857727709884667   0.00006378028109813776
314.5   0.00018636408194138345   0.00006377548401880543
314.75   0.00018692052149168862   0.00006377458047297774
315.   0.00018737782257301176   0.0000637773490654155
315.25   0.00018734799917266353   0.00006378530448651043
315.5   0.0001872154977304093   0.0000637957969102306
315.75   0.00018704471541278252   0.00006380789240151563
316.   0.00018690088363966642   0.00006382064542376529
316.25   0.00018701592672992602   0.0000638270169388817
316.5   0.00018722556370008453   0.0000638345183747388
316.75   0.00018753027230302745   0.00006384464000783401
317.   0.00018793055229414772   0.00006385889314046068
317.25   0.00018855811617623697   0.0000638855089884951
317.5   0.00018923058109289096   0.00006391670345397006
317.75   0.0001898951302507523   0.00006395132980893832
318.   0.0001904981979917308   0.00006398822605836281
318.25   0.00019074455568196538   0.00006402185721321301
318.5   0.00019091488264564175   0.0000640571035042034
318.75   0.00019105129924504598   0.00006409452819156128
319.   0.00019119654699956994   0.00006413470380504736
319.25   0.00019154207911512472   0.00006418056118458068
319.5   0.00019192556777282535   0.00006422941877905864
319.75   0.00019233141332139093   0.00006428092185421676
320.   0.00019274378001923062   0.00006433471128708282
320.25   0.00019314183599154907   0.00006438989937028335
320.5   0.00019351586554482871   0.00006444684797952197
320.75   0.00019385120530881385   0.00006450539760062634
321.   0.00019413294821186592   0.00006456538719567017
321.25   0.00019418437269342318   0.00006462631963541827
321.5   0.0001942151476627053   0.0000646884967477142
321.75   0.00019427554607723746   0.00006475188921544721
322.   0.00019441670937851626   0.0000648164683778745
322.25   0.00019493722810179435   0.00006487962241025276
322.5   0.00019554668267346022   0.0000649449231582156
322.75   0.00019619826976833343   0.00006501340040465816
323.   0.00019684435766209832   0.00006508610423954585
323.25   0.00019722486403381538   0.00006516665415521791
323.5   0.00019758502736962332   0.00006525259525562615
323.75   0.00019796109106234026   0.00006534400147202825
324.   0.00019838999347060771   0.00006544095078142055
324.25   0.00019907383859163832   0.00006554561377630101
324.5   0.0001998221353274221   0.00006565516996325921
324.75   0.00020060673109550175   0.00006576885515046209
325.   0.00020139892582552802   0.00006588589259195934
325.25   0.00020206691413218777   0.0000660014914884333
325.5   0.00020272351078341584   0.00006612041621401145
325.75   0.00020338027702215196   0.0000662434903464647
326.   0.00020404902594838836   0.0000663715581009402
326.25   0.00020479970299608452   0.00006650614188150235
326.5   0.00020556416058956916   0.00006664721724959589
326.75   0.00020633127052084252   0.00006679542740333903
327.   0.00020708966473975536   0.00006695143475826903
327.25   0.00020764579504148385   0.00006712193485417856
327.5   0.00020824076718604944   0.00006729927035289138
327.75   0.0002089372888064794   0.00006748169354473148
328.   0.00020979960947885675   0.00006766742006276814
328.25   0.00021128505624978428   0.00006784156722556473
328.5   0.00021291711164245225   0.00006802042441857947
328.75   0.00021460379795101544   0.00006820746963769618
329.   0.00021625083603037947   0.00006840627663342455
329.25   0.00021745192733795031   0.00006863191288854866
329.5   0.00021853788585941185   0.00006887233396342636
329.75   0.0002195345815904651   0.00006912673061827487
330.   0.00022046857028114385   0.00006939428312366211
330.25   0.00022136645833258572   0.00006967502041280399
330.5   0.00022225724571374103   0.00006996690688740736
330.75   0.00022317009654709174   0.00007026873271798756
331.   0.00022413506231094233   0.00007057926496509357
331.25   0.00022527700376204983   0.00007088899358938917
331.5   0.0002264976830010135   0.00007120808748206242
331.75   0.00022779122535616998   0.0000715386626162881
332.   0.0002291516443305972   0.00007188291802758188
332.25   0.00023057065182939944   0.00007224927789060622
332.5   0.00023204504604810574   0.00007263161879342464
332.75   0.00023356937447318067   0.0000730298744199389
333.   0.00023513807673925332   0.00007344400013591034
333.25   0.00023671091305196723   0.00007386814732479279
333.5   0.00023832997707712696   0.0000743103961685583
333.75   0.0002400037879177246   0.0000747732169079436
334.   0.00024174128885153683   0.00007525920677657287
334.25   0.0002435659237463154   0.00007578190411965229
334.5   0.0002454681738160748   0.00007632924468795617
334.75   0.0002474526139997108   0.000076899749908072
335.   0.00024952417444212637   0.00007749192979090336
335.25   0.00025167092201670637   0.00007809389016383582
335.5   0.00025392246878643194   0.00007871848780339706
335.75   0.00025629232827660087   0.00007936858323972978
336.   0.0002587948964914397   0.00008004723688510577
336.25   0.00026148079039495773   0.00008075648058099869
336.5   0.00026431783029497684   0.0000815015717272495
336.75   0.00026730876253211564   0.00008228684865356554
337.   0.00027045690245780095   0.00008311698919898802
337.25   0.00027378605632561804   0.0000840110455954544
337.5   0.00027727359200706693   0.00008495522890221422
337.75   0.0002809165999396194   0.00008594954576818554
338.   0.0002847126394051544   0.00008699419648213366
338.25   0.0002886071262530829   0.0000880774646824764
338.5   0.00029267128325409964   0.00008921673613665496
338.75   0.00029692736754650083   0.00009041824524544472
339.   0.0003014001674105128   0.00009168896252117072
339.25   0.00030619365708004414   0.00009304143441174986
339.5   0.00031123454448654   0.00009447802889748193
339.75   0.00031652488845675185   0.0000960067096853883
340.   0.00032206881356826035   0.00009763667352819625
340.25   0.0003277948895542077   0.00009937756204737096
340.5   0.0003338193956245968   0.00010124322171583313
340.75   0.00034019036367831514   0.00010324869481215997
341.   0.00034696399319602764   0.00010541168381228938
341.25   0.0003539654031597199   0.00010773770406467622
341.5   0.0003616001863640328   0.00011027271515702605
341.75   0.0003700710910786375   0.00011305371607601197
342.   0.0003796140296107704   0.00011612490078422576
342.25   0.00039097158414901436   0.00011956515480320145
342.5   0.00040384997660694095   0.00012340490322888142
342.75   0.0004184318355951527   0.0001277118255886567
343.   0.00043495064478619967   0.00013257047963349548
343.25   0.00045349025692971874   0.00013807431796571354
343.5   0.00047471129855485375   0.00014437274716170176
343.75   0.0004991903284470152   0.00015163694373363754
344.   0.0005276305219799412   0.00016007532309859776
344.25   0.0005608911959684896   0.0001699324198323086
344.5   0.0005998126399251242   0.00018146735300927352
344.75   0.0006451864941382832   0.00019491511388289995
345.   0.0006974836314017845   0.0002104135655158546
345.25   0.0007564110757349776   0.00022792730934132762
345.5   0.000821365495642511   0.00024720288952188965
345.75   0.0008910532396870305   0.00026782195641011583
346.   0.0009639811140492172   0.0002893011112809857
346.25   0.001039490518991155   0.0003111974477023178
346.5   0.0011156132565503058   0.00033313765921790824
346.75   0.0011912457650307417   0.00035485238406591715
347.   0.0012655049472904897   0.00037615724901368636
347.25   0.0013366027928650023   0.00039688426654027126
347.5   0.0014053132753069004   0.0004170244268703732
347.75   0.00147161146644494   0.00043656091126744665
348.   0.0015355807348847968   0.0004555012436296659
348.25   0.001597982008976338   0.00047394231881730853
348.5   0.0016582446041257764   0.00049182211315941
348.75   0.0017163540896720166   0.0005091482046959263
349.   0.0017722988003195381   0.0005259289291618317
349.25   0.0018251975651576739   0.0005421209053680383
349.5   0.0018762023466786838   0.000557799320164348
349.75   0.0019256917661426046   0.0005729922223342915
350.   0.0019740778406048144   0.0005877278148801927
350.25   0.0020235547562661195   0.0006020696980586725
350.5   0.00207221487863263   0.0006159974687961585
350.75   0.0021197631673307736   0.0006295225182990071
351.   0.002165862133285818   0.0006426544689192582
351.25   0.002207846111708952   0.0006553420423377613
351.5   0.002248421422631724   0.0006676722985533544
351.75   0.0022881511906126845   0.0006796762344633689
352.   0.0023276382199707954   0.0006913852953825467
352.25   0.002369282281002082   0.0007029412325164475
352.5   0.0024113506918089223   0.000714225861971438
352.75   0.002453785296241722   0.0007252238459099483
353.   0.0024965119736175575   0.0007359171938272985
353.25   0.002540530063128751   0.000746157003632895
353.5   0.0025842400794939685   0.0007560967334089525
353.75   0.0026270528831283837   0.0007657667599242821
354.   0.0026683391433449284   0.0007751984409784629
354.25   0.002704856022615953   0.0007845241714219194
354.5   0.0027394435397299854   0.00079363941610066
354.75   0.0027724658239972767   0.0008025353968098721
355.   0.002804309009110057   0.0008112020367562353
355.25   0.0028361495865062893   0.0008195524880723267
355.5   0.002867354694446897   0.0008276784211848535
355.75   0.00289804444200209   0.0008355983763580023
356.   0.0029283430282994374   0.0008433312930489469
356.25   0.002959174721961425   0.0008509410289283301
356.5   0.0029895719851670455   0.0008583858100462773
356.75   0.0030193334795600543   0.0008656668884499326
357.   0.003048247325971587   0.0008727851012937409
357.25   0.0030750322531905914   0.0008797373130993513
357.5   0.003100921112520875   0.0008865285344829741
357.75   0.003126118779514528   0.0008931599758572054
358.   0.0031508381473003668   0.0008996325607379111
358.25   0.0031764169429993054   0.0009059620295565417
358.5   0.0032015370701074923   0.000912127878675538
358.75   0.003225965432833286   0.0009181239120684933
359.   0.0032494593735756696   0.0009239434671372551
359.25   0.003270319214851   0.00092949013184532
359.5   0.0032902899222519992   0.0009348800891929903
359.75   0.00330970705858583   0.0009401427085360147
360.   0.003328917716616246   0.0009453081910005368
360.25   0.0033489261741358168   0.0009505018044005425
360.5   0.003369206045293613   0.000955624662520986
360.75   0.003389868110961932   0.0009606700681724646
361.   0.0034110252824371286   0.0009656308712032357
361.25   0.0034331463692196386   0.0009704938986486005
361.5   0.003455857488837062   0.0009752588808645
361.75   0.0034791306463267647   0.0009799197069120431
362.   0.0035029355688427142   0.000984469929628391
362.25   0.003528959621940417   0.0009888800587617335
362.5   0.003554780346643356   0.0009931745414703131
362.75   0.0035796479174159076   0.0009973553953838887
363.   0.0036027911130703714   0.0010014245927237808
363.25   0.0036199750063696605   0.0010053589635258264
363.5   0.003635169389031855   0.0010091952607727776
363.75   0.0036489659505262893   0.0010129457168023598
364.   0.0036619731684323286   0.0010166227918426399
364.25   0.0036761334111195753   0.001020281749790087
364.5   0.003690256724589079   0.0010238763201660813
364.75   0.003704455872966664   0.0010274020432752924
365.   0.0037188459317388438   0.0010308542486622983
365.25   0.00373383497373278   0.0010341678515936113
365.5   0.0037491383565170107   0.001037421485208353
365.75   0.003764758003544327   0.001040634692638924
366.   0.0037806952487140387   0.0010438273917172938
366.25   0.003797920456683672   0.0010471672224972653
366.5   0.0038150852509273316   0.0010504698843417756
366.75   0.00383179029293513   0.0010536957432172324
367.   0.0038476270826553172   0.0010568042025449892
367.25   0.0038624295837291845   0.001059750733941655
367.5   0.003875421655728048   0.001062497030003504
367.75   0.0038860650391320316   0.001065000946314353
368.   0.0038938108682799355   0.0010672194737993577
368.25   0.003892850221320482   0.0010686759465852185
368.5   0.0038899198457320637   0.0010699280397214184
368.75   0.00388659442620019   0.0010711078507478543
369.   0.0038844809441278515   0.0010723501500808227
369.25   0.003890834584248061   0.001074283256432365
369.5   0.0038995061571933335   0.0010763637012123407
369.75   0.0039098941504305115   0.0010785327830189928
370.   0.003921384148704293   0.001080730533892217
370.25   0.0039323189208149084   0.0010827481960274407
370.5   0.003943493427161708   0.0010847287968396519
370.75   0.003954677639618225   0.0010866691076227804
371.   0.003965637031272744   0.001088565797428532
371.25   0.003975365254745431   0.001090400245893407
371.5   0.0039846878944743615   0.0010921900798563063
371.75   0.003993671233748464   0.0010939378853949103
372.   0.004002382710731993   0.0010956462599667916
372.25   0.00401044911618875   0.001097307679314597
372.5   0.0040185556194548815   0.0010989388807866015
372.75   0.004026953517663431   0.0011005466362578329
373.   0.00403589814036892   0.0011021377966669232
373.25   0.004046950721517118   0.0011037678607812807
373.5   0.004058560275398099   0.0011053761545613931
373.75   0.0040704623678530834   0.0011069499323391478
374.   0.004082388014448907   0.001108476212361966
374.25   0.004092897130813649   0.0011098647629342803
374.5   0.00410333779493442   0.0011112094829180635
374.75   0.004113903651472904   0.0011125281197270544
375.   0.004124791242760826   0.0011138386727918813
375.25   0.004134950071893806   0.0011152917525255593
375.5   0.004146324654307848   0.0011167213415544284
375.75   0.004159629382540389   0.001118092225589256
376.   0.004175588750853649   0.001119368646502418
376.25   0.004201496047270819   0.001120366137201531
376.5   0.004228951167539168   0.0011212544604543681
376.75   0.004256036727307673   0.0011220566241078112
377.   0.00428080761993144   0.0011227959657048032
377.25   0.0042944467510825845   0.0011235255756669254
377.5   0.004304499148719196   0.0011242284014675002
377.75   0.00431172480910094   0.0011249167636415405
378.   0.004316895022804459   0.001125603132751819
378.25   0.004322336137116272   0.0011264045568656507
378.5   0.004326688339204544   0.0011271881604620524
378.75   0.00433012782855556   0.001127924375040453
379.   0.004332833321092811   0.0011285832237285596
379.25   0.004334986013014887   0.0011291343272021612
379.5   0.004336769545384814   0.0011295469094808025
379.75   0.004338369969447956   0.0011297898036029873
380.   0.004339975712657177   0.001129831457184597
