310.   0.00002003433135687303   1.7685235648946714e-8
310.25   0.000020072428388918096   1.7721234075290167e-8
310.5   0.000020111642676430036   1.7757228128091837e-8
310.75   0.000020151998468195992   1.7793435852246024e-8
311.   0.000020193520808292693   1.783007954251518e-8
311.25   0.00002023623556876656   1.7867385914294994e-8
311.5   0.000020280169483944327   1.7905586282651393e-8
311.75   0.000020325350186469635   1.7944916750110222e-8
312.   0.000020371806245167886   1.798561840371334e-8
312.25   0.000020419574644042893   1.8028783330210106e-8
312.5   0.000020468675591181087   1.807348594180512e-8
312.75   0.000020519137660933147   1.811963676905037e-8
313.   0.00002057099047201985   1.8167144959518704e-8
313.25   0.000020624241246643574   1.8215543370139547e-8
313.5   0.000020678954515154977   1.8265259811356348e-8
313.75   0.000020735172957043927   1.8316352795847398e-8
314.   0.00002079294070759843   1.8368882582623582e-8
314.25   0.0000208523387427825   1.8422721664576428e-8
314.5   0.00002091336518091714   1.8478197771966054e-8
314.75   0.00002097605442118702   1.8535454817188717e-8
315.   0.000021040442271891522   1.859464059915023e-8
315.25   0.000021106536205749084   1.8656978506228833e-8
315.5   0.000021174416511472008   1.8721134573755107e-8
315.75   0.000021244135912309048   1.8786828387697538e-8
316.   0.000021315749130944318   1.885377350659665e-8
316.25   0.00002138932951159216   1.8921265702426268e-8
316.5   0.000021464913106889887   1.8989577611922327e-8
316.75   0.000021542554441857797   1.9058572530973616e-8
317.   0.00002162231029749921   1.912811082177944e-8
317.25   0.00002170424265764419   1.9195692300903197e-8
317.5   0.00002178840923643799   1.9264446950259625e-8
317.75   0.00002187487313914501   1.9335198658591345e-8
318.   0.000021963700204674786   1.940879403136025e-8
318.25   0.000022054950010365997   1.948901419574664e-8
318.5   0.00002214870700954635   1.957271194189181e-8
318.75   0.000022245049940711937   1.96596057519051e-8
319.   0.00002234406103033129   1.9749407643314232e-8
319.25   0.000022445819542929837   1.9841082662359666e-8
319.5   0.000022550424505294227   1.993535645302071e-8
319.75   0.000022657972585948745   2.0032226156658548e-8
320.   0.00002276856488913723   2.013169021971837e-8
320.25   0.000022882311928668617   2.0233018423564294e-8
320.5   0.000022999317935782673   2.033722512312648e-8
320.75   0.000023119696997417766   2.0444616307572392e-8
321.   0.000023243568728555465   2.055550939072972e-8
321.25   0.000023371086574327995   2.0671874773808052e-8
321.5   0.000023502343469485688   2.0791779196970753e-8
321.75   0.000023637466116332063   2.0914895830176292e-8
322.   0.000023776587864648244   2.1040888924652678e-8
322.25   0.00002391977341992217   2.1167697337022168e-8
322.5   0.00002406727569752664   2.1297344016776833e-8
322.75   0.000024219282299284717   2.14301789329243e-8
323.   0.00002437599056695986   2.1566566929708443e-8
323.25   0.000024537770357082702   2.170784855837676e-8
323.5   0.00002470461600559054   2.1853092138585492e-8
323.75   0.000024876690433509424   2.200231184964155e-8
324.   0.00002505416662846976   2.2155525469322865e-8
324.25   0.000025236939373785962   2.2311033053518206e-8
324.5   0.000025425603967311095   2.2471242860051103e-8
324.75   0.000025620489525431135   2.2636907830781233e-8
325.   0.000025821943678639523   2.2808816320716433e-8
325.25   0.00002603063349012615   2.2989269431668234e-8
325.5   0.0000262465338545623   2.317709567716762e-8
325.75   0.00002646993073009401   2.337258537144266e-8
326.   0.000026701129275017964   2.3576048049320853e-8
326.25   0.000026940305311608253   2.3788443863184575e-8
326.5   0.00002718801452820481   2.4009255706402736e-8
326.75   0.000027444693149137148   2.4238594329341325e-8
327.   0.000027710806972892945   2.4476583697417207e-8
327.25   0.000027986899797291783   2.4722966588037812e-8
327.5   0.000028273441218924652   2.497844267660766e-8
327.75   0.000028570982690983202   2.5243351140854736e-8
328.   0.000028880116142988877   2.55180589089343e-8
328.25   0.00002920145576470399   2.580357117845888e-8
328.5   0.000029535716350707896   2.6099480906624202e-8
328.75   0.00002988364485691772   2.640599514451161e-8
329.   0.000030246047012004124   2.6723345423996842e-8
329.25   0.00003062374977995024   2.704812966133141e-8
329.5   0.000031017754376330166   2.738567030910205e-8
329.75   0.00003142909955376245   2.7737862181354977e-8
330.   0.00003185891214069865   2.810673977507229e-8
330.25   0.000032308499101201885   2.8497242864644696e-8
330.5   0.00003277907978863353   2.8907957116730467e-8
330.75   0.00003327207158333094   2.9340243264194815e-8
331.   0.00003378902352381287   2.9795587903368352e-8
331.25   0.00003433161353179001   3.0277352537223077e-8
331.5   0.00003490172739672365   3.0784947123630494e-8
331.75   0.00003550141884696405   3.1319575408416244e-8
332.   0.00003613295038007362   3.1882577768692097e-8
332.25   0.000036798792037251807   3.247307091975089e-8
332.5   0.000037501746754002024   3.309596983689942e-8
332.75   0.00003824489407649137   3.37541906376717e-8
333.   0.00003903165903351295   3.4450972234601716e-8
333.25   0.000039865860057960524   3.5190667888951884e-8
333.5   0.00004075177000248441   3.5976293175123315e-8
333.75   0.00004169418018690265   3.6812030134529355e-8
334.   0.00004269848122195955   3.770258528623237e-8
334.25   0.00004377078010235098   3.86530109781035e-8
334.5   0.00004491793774837908   3.96696809122038e-8
334.75   0.00004614777696572704   4.075955763225939e-8
335.   0.000047469223315309   4.193058458563488e-8
335.25   0.00004889249844637949   4.319238673786423e-8
335.5   0.00005042936694495081   4.45547218262526e-8
335.75   0.00005209341870504166   4.6029437428043764e-8
336.   0.000053900428734607924   4.763028830325967e-8
336.25   0.00005586879687395049   4.937305890650013e-8
336.5   0.000058020103418225816   5.1276917099210805e-8
336.75   0.000060379790366019376   5.33641752196414e-8
337.   0.00006297802929893294   5.566129241953994e-8
337.25   0.00006585087686309643   5.819793507687093e-8
337.5   0.00006904149006233893   6.101451749662053e-8
337.75   0.0000726021105240313   6.415780538310294e-8
338.   0.00007659635106910186   6.76847500756612e-8
338.25   0.00008110194754825985   7.166733471310687e-8
338.5   0.0000862157476426903   7.61892359456274e-8
338.75   0.00009205807996237798   8.135705012723676e-8
339.   0.00009878003779749887   8.73046384031593e-8
339.25   0.00010657323047224385   9.420632087899866e-8
339.5   0.0001156806582380622   1.0227169516698099e-7
339.75   0.0001264141079362141   1.1177454558325525e-7
340.   0.00013917422424609724   1.2306640069269163e-7
340.25   0.00015447469550372854   1.3657986881015254e-7
340.5   0.00017296944193545213   1.5290845500247444e-7
340.75   0.00019546926999596112   1.7277093461908514e-7
341.   0.00022292715081997276   1.9701344192190272e-7
341.25   0.0002563342486818607   2.2654617439329507e-7
341.5   0.0002964121281593169   2.6198726811352986e-7
341.75   0.000342935698827412   3.031380428577214e-7
342.   0.00039357526042148967   3.4793722581044565e-7
342.25   0.00044267517432456977   3.913556692843978e-7
342.5   0.00048155527227609554   4.2573836742133966e-7
342.75   0.0005022606270481176   4.4405380614772625e-7
343.   0.0005032018977941406   4.4489856212295826e-7
343.25   0.0004907166921730467   4.338890388153545e-7
343.5   0.00047434194168834165   4.1944218896811795e-7
343.75   0.00046108456137599675   4.07751681786854e-7
344.   0.0004532770945520644   4.0087929960754214e-7
344.25   0.000449741568856605   3.9779464033868185e-7
344.5   0.0004481672469462232   3.964362363133561e-7
344.75   0.00044686742698476996   3.953060279629887e-7
345.   0.00044518470440474384   3.938160978375209e-7
345.25   0.00044314074280786775   3.919526927134895e-7
345.5   0.0004410293579903922   3.900068748125494e-7
345.75   0.00043914086507977125   3.882397289269264e-7
346.   0.0004376423103430816   3.868030725697342e-7
346.25   0.0004365750724809587   3.857166205092636e-7
346.5   0.0004359089090137682   3.849866240544808e-7
346.75   0.0004355814520983012   3.845702123604558e-7
347.   0.0004355261599120542   3.8442103562767375e-7
347.25   0.000435686977087009   3.845567711749883e-7
347.5   0.000436010493645271   3.848671795873513e-7
347.75   0.0004364566816459278   3.8530802158526326e-7
348.   0.00043699412563278435   3.858425678084818e-7
348.25   0.00043759681593219876   3.864215970151987e-7
348.5   0.00043824772729863197   3.8704470152986766e-7
348.75   0.0004389325082208441   3.876967796789225e-7
349.   0.00043964000558549164   3.8836550998478093e-7
349.25   0.00044036144611970304   3.890299634108373e-7
349.5   0.0004410901363415719   3.8969653041756883e-7
349.75   0.00044182077210066774   3.903622763222746e-7
350.   0.0004425491902479493   3.9102530241343983e-7
350.25   0.00044327251744946986   3.9168521097521087e-7
350.5   0.0004439876322933845   3.9234061700589444e-7
350.75   0.0004446923604022917   3.9299132902776805e-7
351.   0.0004453849668423385   3.936375701899331e-7
351.25   0.00044606355525050867   3.942915918045477e-7
351.5   0.0004467277367432739   3.949379309216468e-7
351.75   0.00044737684387010745   3.955728780753886e-7
352.   0.00044801039531301717   3.9619283898805845e-7
352.25   0.00044862822476634574   3.96781565358748e-7
352.5   0.00044922989785173094   3.97353368862052e-7
352.75   0.0004498152427339268   3.9791003617507575e-7
353.   0.000450384169617801   3.984534557583226e-7
353.25   0.0004509369133958338   3.989968497026827e-7
353.5   0.00045147314793311035   3.995265925288406e-7
353.75   0.00045199284655445687   4.000402269500838e-7
354.   0.00045249601841909187   4.005352932576383e-7
354.25   0.0004529824214926995   4.009831026687616e-7
354.5   0.00045345250870755836   4.0141774275704964e-7
354.75   0.00045390647516029356   4.0184738767815264e-7
355.   0.00045434453269321275   4.022803329181628e-7
355.25   0.00045476675108201185   4.027761841248625e-7
355.5   0.0004551735836143838   4.032720611240862e-7
355.75   0.00045556533842060996   4.0375578217462766e-7
356.   0.00045594233115460854   4.042150099002704e-7
356.25   0.0004563056471372115   4.0458853185911875e-7
356.5   0.000456654547099897   4.0493167135618544e-7
356.75   0.0004569890503512818   4.0525142974601135e-7
357.   0.0004573091749757489   4.0555489732565384e-7
357.25   0.0004576147907462288   4.058848779012993e-7
357.5   0.00045790611541027314   4.061989251274743e-7
357.75   0.00045818321886723334   4.064899174475521e-7
358.   0.0004584461682059827   4.067506477720583e-7
358.25   0.000458694307664735   4.0692658241199004e-7
358.5   0.000458928701980616   4.0707626999138926e-7
358.75   0.00045914969995563626   4.0721142346308237e-7
359.   0.00045935764972514226   4.0734388607471546e-7
359.25   0.0004595525143409795   4.0753512647121376e-7
359.5   0.0004597351762172311   4.077281611967694e-7
359.75   0.0004599061361764478   4.0791513642210553e-7
360.   0.00046006589537486166   4.0808810673033347e-7
360.25   0.00046021722855341726   4.082088488032148e-7
360.5   0.0004603574640408178   4.083113745251731e-7
360.75   0.0004604861819156876   4.0839970834384633e-7
361.   0.0004606029528511608   4.084779134206283e-7
361.25   0.00046070453540841095   4.085548843347363e-7
361.5   0.00046079439435520983   4.086280680059767e-7
361.75   0.0004608732082242969   4.0869969747596773e-7
362.   0.0004609416576887319   4.087720226653867e-7
362.25   0.00046100212412330616   4.088612490794226e-7
362.5   0.00046105292082512225   4.089501991669579e-7
362.75   0.0004610940467241845   4.090355276587172e-7
363.   0.0004611254961900107   4.091138518945562e-7
363.25   0.00046114667845430457   4.0917056771189477e-7
363.5   0.00046115838968855896   4.092178362182074e-7
363.75   0.0004611608459861608   4.092566930680747e-7
364.   0.00046115426128433246   4.0928818002656173e-7
364.25   0.00046113938216658   4.09323467901464e-7
364.5   0.00046111567162392575   4.09349474767741e-7
364.75   0.00046108312099659376   4.0936316483890265e-7
365.   0.0004610417177210497   4.093614722431193e-7
365.25   0.00046099097209503917   4.0932377388673755e-7
365.5   0.00046093152492503414   4.092714226990495e-7
365.75   0.00046086354374489616   4.092083535099721e-7
366.   0.0004607871940714103   4.091385328422663e-7
366.25   0.0004607012662726939   4.090946295846478e-7
366.5   0.0004606078397566767   4.0904062915941543e-7
366.75   0.00046050762930941385   4.0896900018787224e-7
367.   0.00046040135238205543   4.0887214647449836e-7
367.25   0.0004602925321297681   4.087079700723963e-7
367.5   0.00046017797606249774   4.085168492143123e-7
367.75   0.0004600572767172644   4.0830491562408505e-7
368.   0.0004599300202288479   4.0807835002694103e-7
368.25   0.00045979556796780943   4.078413394388197e-7
368.5   0.0004596537987642373   4.0760301256205606e-7
368.75   0.0004595043684504677   4.073705174104997e-7
369.   0.0004593469275566168   4.071510543001784e-7
369.25   0.00045917859642775536   4.069840852707419e-7
369.5   0.00045900254252101425   4.0683191676465445e-7
369.75   0.0004588194206547028   4.066888937940633e-7
370.   0.00045862988823146446   4.0654931442167195e-7
370.25   0.0004584364512710959   4.063928811786163e-7
370.5   0.0004582371932109389   4.062341264653858e-7
370.75   0.0004580320337459761   4.060730854819683e-7
371.   0.0004578208896943496   4.059097913653708e-7
371.25   0.0004576027900093052   4.057452052020273e-7
371.5   0.00045737888242738126   4.0557805681237114e-7
371.75   0.00045714943263029537   4.054079980371645e-7
372.   0.00045691470609860997   4.0523467619466517e-7
372.25   0.0004566758481394852   4.0505796662621695e-7
372.5   0.0004564318942757286   4.048771830067847e-7
372.75   0.00045618275436860883   4.046918657216675e-7
373.   0.0004559283357234558   4.0450155028575277e-7
373.25   0.0004556679814242466   4.0430398409683465e-7
373.5   0.00045540237867414915   4.0410118500982853e-7
373.75   0.00045513165394832524   4.038933937351399e-7
374.   0.0004548559328151251   4.036808511120515e-7
374.25   0.0004545755151240293   4.034657655608547e-7
374.5   0.0004542902799048607   4.0324562889739576e-7
374.75   0.00045400027947217075   4.0301988893354194e-7
375.   0.0004537055648563016   4.027879885837039e-7
375.25   0.00045340611366811854   4.0254845732620316e-7
375.5   0.00045310207527681737   4.0230199825311355e-7
375.75   0.0004527935260894592   4.0204840636157827e-7
376.   0.000452480541497481   4.0178747429765786e-7
376.25   0.00045216297277175544   4.015122396647894e-7
376.5   0.0004518412051505103   4.0123192769163136e-7
376.75   0.00045151540102724244   4.009490461652064e-7
377.   0.00045118572239059217   4.0066611698247504e-7
377.25   0.00045085272752987517   4.003952667114063e-7
377.5   0.0004505160232278165   4.001256408185133e-7
377.75   0.00045017561044284426   3.9985593725577723e-7
378.   0.00044983148883254707   3.9958484480067545e-7
378.25   0.0004494835837095932   3.993103442469896e-7
378.5   0.00044913199431407337   3.990320832914547e-7
378.75   0.00044877674596600534   3.987490055693816e-7
379.   0.0004484178629336092   3.9846004764018993e-7
379.25   0.00044805536845049813   3.981641390856769e-7
379.5   0.00044768928473251147   3.9786020260658336e-7
379.75   0.0004473196329941842   3.9754715411748216e-7
380.   0.0004469464334648768   3.9722390284004146e-7
