310.   0.027315272860543215   0.00001643918706803514
310.25   0.027307359140085   0.00001647433216732716
310.5   0.02730015507354102   0.000016499186017071656
310.75   0.02729366972702077   0.00001651532401647276
311.   0.02728791241284447   0.000016524337424117906
311.25   0.02728289269754998   0.000016527833846335973
311.5   0.02727862041022241   0.000016527437742980206
311.75   0.027275105651161514   0.00001652479095141669
312.   0.027272358800903205   0.000016521553229541015
312.25   0.027270353500677216   0.000016518238548002112
312.5   0.027269152392147503   0.000016518168898689763
312.75   0.02726878177472556   0.000016523533531678626
313.   0.02726926844394914   0.00001653654752874473
313.25   0.027270748778238423   0.000016575807651700638
313.5   0.027273098434190644   0.000016620763517366095
313.75   0.02727630153165142   0.00001666707496123579
314.   0.027280342218229354   0.000016710350267017174
314.25   0.027285069350375894   0.00001672886043812513
314.5   0.027290655919863044   0.00001674221801510644
314.75   0.027297141123352714   0.000016752885198839262
315.   0.027304564891432206   0.00001676335453688916
315.25   0.027313088657716107   0.00001678496914024449
315.5   0.02732258547952737   0.00001680798376287589
315.75   0.027333048586244534   0.000016831404619801157
316.   0.02734447140336655   0.000016854225212486913
316.25   0.027356762915835733   0.00001687235655633799
316.5   0.027370035017494517   0.00001688904602372712
316.75   0.0273843161936255   0.000016904494319868004
317.   0.027399635637707392   0.000016918904795881457
317.25   0.02741595974671116   0.000016932671092279864
317.5   0.027433407804214553   0.0000169457406248253
317.75   0.027452037150354325   0.000016958248958821517
318.   0.027471906324441228   0.00001697033361386859
318.25   0.027493287588696177   0.00001698003235762373
318.5   0.027515945797018344   0.000016990417060714704
318.75   0.027539856851615117   0.000017002487452835814
319.   0.027564996749946703   0.00001701725844960962
319.25   0.02759121639491151   0.000017039441407090032
319.5   0.027618666507114295   0.000017064952926084
319.75   0.027647374439355336   0.000017093356992660846
320.   0.02767736847790822   0.000017124211561304737
320.25   0.027708745352873067   0.00001715810742280187
320.5   0.02774144131837028   0.000017193141667887866
320.75   0.027775460195699254   0.00001722842884693753
321.   0.02781080646221402   0.000017263069449521943
321.25   0.027847235563627427   0.00001728872082814249
321.5   0.027885101319320954   0.000017314803620568196
321.75   0.027924512338233988   0.000017343405663187446
322.   0.02796557980249609   0.00001737665107956187
322.25   0.028008689025575895   0.000017427919222003647
322.5   0.028053578588804452   0.000017483786318848397
322.75   0.028100257174198215   0.000017541910153665325
323.   0.028148734510804616   0.000017599907489300664
323.25   0.0281989540115164   0.000017649211091714702
323.5   0.028251021556258672   0.000017695902216319838
323.75   0.028304977951288945   0.000017739976219331522
324.   0.028360865828734726   0.000017781428154222496
324.25   0.028418716725451203   0.000017817299842534593
324.5   0.028478595343507683   0.000017851696641014097
324.75   0.02854055572986517   0.000017885822363080945
325.   0.02860465429153128   0.000017920905144679618
325.25   0.028670940104852733   0.00001796205380948142
325.5   0.028739488362717735   0.00001800518338887863
325.75   0.028810367395940093   0.00001805002083165189
326.   0.028883648557591304   0.000018096288408094178
326.25   0.028959396223706635   0.000018142409169119583
326.5   0.029037702479864983   0.00001818989604732044
326.75   0.029118653020335096   0.000018238987638682582
327.   0.029202337432352492   0.000018289929079188082
327.25   0.029288879004878164   0.00001834341979025298
327.5   0.029378334708302437   0.000018399096935202416
327.75   0.02947079512501791   0.00001845704345942907
328.   0.029566355488167374   0.000018517345974163234
328.25   0.02966510092562836   0.00001858045902453481
328.5   0.02976715782416409   0.000018645971225586505
328.75   0.029872643472396494   0.000018713831579928228
329.   0.029981681323231056   0.00001878398989005573
329.25   0.030094398326836927   0.00001885758785317265
329.5   0.030210935847251628   0.000018932922363730272
329.75   0.030331439767646892   0.00001900945423249418
330.   0.030456064076264742   0.00001908663176258575
330.25   0.030584976899138076   0.000019157829159370683
330.5   0.03071834268395902   0.00001923088369715376
330.75   0.03085634121458917   0.000019307710628979615
331.   0.03099916299743832   0.0000193902846122936
331.25   0.03114706679654926   0.000019491924882077097
331.5   0.03130018843876654   0.00001959908188056745
331.75   0.0314587323676797   0.00001970925177670071
332.   0.03162291682110501   0.00001981985683261925
332.25   0.031792777431503966   0.000019916820805602625
332.5   0.03196883756062699   0.000020013238207819582
332.75   0.03215144647733109   0.000020111030484141573
333.   0.032340975529310076   0.000020212188863913463
333.25   0.032538049924245555   0.00002032167311673532
333.5   0.03274277278884046   0.00002043762199476796
333.75   0.032955498309358976   0.000020561062528159752
334.   0.03317660827768198   0.000020693070465207166
334.25   0.03340641531425999   0.000020839392888789964
334.5   0.03364550253877292   0.000020994823748148306
334.75   0.03389439381991871   0.000021158676277536758
335.   0.03415365535279765   0.000021330250996951275
335.25   0.0344239121212225   0.000021504740937092757
335.5   0.03470581247205477   0.000021687079465913597
335.75   0.035000073925233834   0.000021878249529109536
336.   0.035307477992901806   0.000022079299394753086
336.25   0.0356288851154999   0.000022295090636095874
336.5   0.03596521801188722   0.000022521660459338065
336.75   0.036317496422506756   0.000022758715888180236
337.   0.03668684116546147   0.00002300598150856528
337.25   0.03707445516286689   0.000023258726250525945
337.5   0.037481747170689465   0.000023522889105631
337.75   0.03791024268410853   0.000023800178725854828
338.   0.03836163618458748   0.000024092452702224664
338.25   0.038837797054215556   0.000024406459647264474
338.5   0.03934086206025373   0.00002473792967413739
338.75   0.039873207749928134   0.000025087276600760903
339.   0.040437510137167225   0.000025455031724934287
339.25   0.04103693440213597   0.000025835629455844296
339.5   0.04167472347613004   0.000026238452453659007
339.75   0.042354733703408566   0.000026667243870968295
340.   0.043081388283439936   0.000027126203232606123
340.25   0.04385964304104274   0.000027624453253182923
340.5   0.04469560388623657   0.00002816139989802727
340.75   0.0455962240863761   0.000028741274935448223
341.   0.04656965489821102   0.000029369060951268507
341.25   0.04762551007738647   0.00003004986383160647
341.5   0.04877522681325959   0.000030791804934017515
341.75   0.050032490567555044   0.00003160369739605842
342.   0.05141381043461514   0.000032496172732690654
342.25   0.052939387377852754   0.00003349541225059825
342.5   0.05463365172949359   0.00003459944134979613
342.75   0.05652692636356687   0.00003582168023352004
343.   0.05865691456787325   0.00003717928360679207
343.25   0.06107054572023753   0.00003864938555164559
343.5   0.06382695109154908   0.00004031882688009297
343.75   0.0669994589307398   0.000042243769717921665
344.   0.07067766244214709   0.00004449268772315892
344.25   0.07496706273094983   0.00004720469969494082
344.5   0.07998199304168442   0.00005039695064949246
344.75   0.08582917847507154   0.00005413214975053392
345.   0.09257775153109762   0.00005844771243039886
345.25   0.1002244104177728   0.00006329434943915817
345.5   0.10867488803344076   0.00006864813192689864
345.75   0.1177581916351368   0.00007440499112272388
346.   0.12726823722860764   0.00008043993991171472
346.25   0.13700690039677088   0.00008665639780219753
346.5   0.1468102288334075   0.0000929307307090821
346.75   0.1565557660322357   0.00009918305067797167
347.   0.16615880299194102   0.00010535608797884327
347.25   0.17556436154724772   0.00011142318500865485
347.5   0.1847395166698174   0.00011734051900987414
347.75   0.19366647523756622   0.0001230832341718518
348.   0.20233773369940602   0.00012863100484155146
348.25   0.2107532579417302   0.0001338676946591308
348.5   0.21891577119118386   0.0001389075114870381
348.75   0.22683129361770396   0.00014378129986115823
349.   0.23450741084140508   0.00014852538462653808
349.25   0.24195177527825026   0.00015330646850065036
349.5   0.24917417990585503   0.0001580004942110015
349.75   0.25618377553957544   0.0001625979724901192
350.   0.2629895803194068   0.0001670868376319177
350.25   0.26960053956537866   0.00017139051841396768
350.5   0.27602482665004896   0.0001755761393531863
350.75   0.2822704097575696   0.00017965244353837354
351.   0.2883448593608395   0.00018362835415743973
351.25   0.29425542629267315   0.00018755322599774783
351.5   0.3000087813755601   0.00019138132954286236
351.75   0.30561129122904296   0.00019510410196834363
352.   0.3110689596960615   0.00019871177070969335
352.25   0.3163872789107403   0.000202151665251103
352.5   0.32157181637284266   0.00020546892521813007
352.75   0.32662767953029986   0.00020866876912151126
353.   0.3315596967935337   0.00021175660231437308
353.25   0.33637306776229126   0.0002147225060406282
353.5   0.3410712497794589   0.00021759354432408998
353.75   0.34565806757176376   0.00022038238091552049
354.   0.35013711910492284   0.00022310224087877662
354.25   0.3545108222769992   0.00022580484868694662
354.5   0.35878369839735796   0.0002284522554317539
354.75   0.36295916695440406   0.00023104296694566898
355.   0.3670404960917123   0.00023357514300904718
355.25   0.37103208230501655   0.00023606266741917179
355.5   0.3749351708338256   0.00023848091358261172
355.75   0.3787520934380511   0.0002408202451005849
356.   0.38248504202817096   0.00024307041417972314
356.25   0.3861343237119242   0.0002451232547239866
356.5   0.38970429648633403   0.0002471017770197205
356.75   0.39319752349444365   0.0002490352807293986
357.   0.39661648963175683   0.0002509542975098721
357.25   0.39996457322625967   0.0002529338334026026
357.5   0.4032427815037271   0.0002549469376473917
357.75   0.4064529867361771   0.0002570093824011023
358.   0.4095969855732099   0.0002591373256204134
358.25   0.4126769066283404   0.0002615443922134357
358.5   0.4156938495694091   0.00026397467434139765
358.75   0.4186492393063913   0.00026636267859940683
359.   0.4215444343992271   0.00026864027060020615
359.25   0.42438031715786106   0.0002704916191463623
359.5   0.427158695918124   0.00027218312906508875
359.75   0.429880922466795   0.00027374170732017415
360.   0.43254830027991725   0.00027519532778848336
360.25   0.43516198330691724   0.00027655091988798726
360.5   0.43772332928041346   0.00027786913094097473
360.75   0.44023355398844943   0.00027919018612104887
361.   0.4426938351264814   0.0002805555634712447
361.25   0.44510667277968763   0.00028226314627034397
361.5   0.4474712888759848   0.0002840027802396368
361.75   0.4497881925730268   0.00028571342354148736
362.   0.4520578451967447   0.00028733207700954973
362.25   0.45427784793879633   0.0002885134283342837
362.5   0.45645247859433313   0.00028957997226417367
362.75   0.45858323274084345   0.00029057940598493947
363.   0.46067159682731207   0.00029156082851998814
363.25   0.462720008470228   0.0002927631354495874
363.5   0.4647286053038087   0.00029397641445955033
363.75   0.46669845367538   0.00029517581095310144
364.   0.46863060333269557   0.0002963357448021093
364.25   0.4705285368063635   0.00029733315852419236
364.5   0.4723898703321196   0.0002982755414440212
364.75   0.4742145972041301   0.0002991751960422786
365.   0.47600267247326244   0.0003000447314756335
365.25   0.47775198968376165   0.00030092610869773167
365.5   0.479465245187956   0.0003017921437781477
365.75   0.4811431205675024   0.0003026443528583235
366.   0.48278628263932727   0.00030348425980872165
366.25   0.48439406693679216   0.00030426046913184453
366.5   0.4859689442211242   0.0003050481297875729
366.75   0.48751208247586814   0.00030587057403005013
367.   0.48902464888475794   0.0003067516172108193
367.25   0.4905105180177835   0.00030785437979114784
367.5   0.4919670887581872   0.00030901046757351986
367.75   0.49339441435726894   0.00031018803308886604
368.   0.49479252509722127   0.00031135449479803486
368.25   0.4961601152382344   0.000312354642761911
368.5   0.49749899917561485   0.00031332412692758587
368.75   0.4988096810810669   0.000314278281482463
369.   0.5000926551241573   0.00031523274679678016
369.25   0.501346790067327   0.0003162180239839539
369.5   0.5025748103246643   0.000317230080685932
369.75   0.5037778443656634   0.0003182794749869008
370.   0.5049570243766065   0.000319376937921589
370.25   0.5061178816614821   0.0003207321840161116
370.5   0.5072554356994755   0.00032207944199331577
370.75   0.5083690304182714   0.00032334853596697316
371.   0.5094579813425639   0.0003244679888919845
371.25   0.510517960008355   0.0003249844294668951
371.5   0.5115532635066677   0.0003253539651366836
371.75   0.5125646048227448   0.00032565703569222704
372.   0.5135526962319155   0.00032597554187077833
372.25   0.5145189638077554   0.0003266920631600306
372.5   0.5154631234507119   0.00032747447171453724
372.75   0.5163855939438344   0.000328286621782133
373.   0.517286788923195   0.0003290917208511665
373.25   0.5181672408435645   0.00032974265753673714
373.5   0.5190271810052443   0.00033035420962817033
373.75   0.5198669579845979   0.0003309324887814597
374.   0.5206869150127879   0.0003314837082042118
374.25   0.5214876305645829   0.0003320336888826156
374.5   0.5222691025269356   0.0003325616548767688
374.75   0.5230315608804934   0.0003330661565390887
375.   0.5237752293364241   0.00033354571890211246
375.25   0.5244999281487724   0.0003339807521137528
375.5   0.5252064228004976   0.00033439494788685794
375.75   0.5258950810508962   0.0003347941317629748
376.   0.5265662673293103   0.0003351842131383609
376.25   0.5272211946665694   0.0003355893506470435
376.5   0.5278590335266006   0.00033599029049877796
376.75   0.5284797919367192   0.0003363857864040073
377.   0.5290834700907449   0.0003367745672089147
377.25   0.5296691922175671   0.0003371749275145385
377.5   0.5302381540302882   0.00033755823144308243
377.75   0.5307906865839839   0.0003379151612892188
378.   0.531327118479476   0.0003382362681715871
378.25   0.5318478188029443   0.00033845236009999745
378.5   0.5323530516674551   0.00033863686818254453
378.75   0.532843121280136   0.0003388042121827815
379.   0.5333183294310773   0.00033896900448091884
379.25   0.5337789755572476   0.00033914604732497247
379.5   0.5342253568043429   0.00033935033013846727
379.75   0.5346577680865987   0.00033959702688298376
380.   0.5350765021446872   0.00033990149347395764
