310.   0.08641928768225139   0.00010536987836096052
310.25   0.08636018519326547   0.00010530388876977206
310.5   0.0863043470386107   0.00010523165645487986
310.75   0.08625159555263712   0.00010515526264692555
311.   0.08620175172224673   0.00010507684952200988
311.25   0.08615463514676844   0.0001049986059649501
311.5   0.08611006399651092   0.00010492275629491375
311.75   0.08606785496993548   0.00010485155206295408
312.   0.08602782324939073   0.00010478726705026276
312.25   0.08598886387871726   0.00010474438769810788
312.5   0.08595207069840131   0.00010470822429002538
312.75   0.0859176266683464   0.00010467616959620601
313.   0.08588571740323048   0.00010464557920402156
313.25   0.08585717174278534   0.00010460844550868635
313.5   0.08583128723205723   0.00010456949840079016
313.75   0.08580799804363184   0.00010452816771831078
314.   0.08578723820891161   0.00010448387255875658
314.25   0.08576821584152815   0.00010442711692939418
314.5   0.08575187719615505   0.0001043698535157669
314.75   0.0857384506077099   0.00010431510228660393
315.   0.08572816800559815   0.00010426586521724769
315.25   0.08572208547722296   0.00010423835687544276
315.5   0.08571929811919733   0.00010421728469433665
315.75   0.08571971603087662   0.0001042004425172471
316.   0.08572324902865902   0.00010418554742037084
316.25   0.08572914337577658   0.00010417059212873622
316.5   0.08573823333007637   0.00010415267018996582
316.75   0.08575069752967343   0.00010412925505825414
317.   0.08576671803562028   0.00010409780500247057
317.25   0.08578727480180201   0.00010402740325544583
317.5   0.08581144948798532   0.00010395511141079345
317.75   0.08583911199323316   0.0001038897889885381
318.   0.0858701315281811   0.0001038403377098431
318.25   0.08590357040905566   0.00010385504736069127
318.5   0.08594042037437033   0.0001038881324553599
318.75   0.08598087676331445   0.00010393288326108758
319.   0.08602513911022507   0.0001039825005792117
319.25   0.08607356529727332   0.0001040126814592631
319.5   0.08612614913274212   0.00010404068432222898
319.75   0.08618304103458213   0.00010406649536113338
320.   0.08624439535734259   0.00010409010175503986
320.25   0.08631073944312113   0.00010411910750510373
320.5   0.08638172195981181   0.00010414289815913746
320.75   0.08645735964611923   0.00010415834453148204
321.   0.08653767141264769   0.00010416227452301491
321.25   0.08662303940082891   0.00010410528394617398
321.5   0.08671298428027271   0.00010404888989894936
321.75   0.08680738476198877   0.00010400865123139067
322.   0.08690611962680822   0.00010400019725585886
322.25   0.08700804969866809   0.00010410815092073977
322.5   0.08711447206209623   0.00010425250880454199
322.75   0.08722568196731861   0.00010442161910178273
323.   0.08734198247323834   0.00010460362699203783
323.25   0.08746407427820727   0.00010474178714415265
323.5   0.08759173484889224   0.00010488596389128598
323.75   0.08772513363555048   0.00010504188868893266
324.   0.08786444644782329   0.00010521539936408802
324.25   0.08800986481129784   0.00010544854734829588
324.5   0.08816156569768599   0.00010569717309477112
324.75   0.08831974236106564   0.00010595269402717997
325.   0.08848459579188482   0.00010620634676501375
325.25   0.08865657219175704   0.00010641614398659816
325.5   0.08883555940484061   0.00010661893369697678
325.75   0.08902168703023086   0.00010681896302907633
326.   0.08921509216907622   0.00010702057431706994
326.25   0.0894156236477221   0.0001072311247967954
326.5   0.0896238470457234   0.00010745110733507186
326.75   0.08984004646000938   0.00010768395908882425
327.   0.09006451825827375   0.00010793318885307638
327.25   0.0902975497598709   0.00010821809868395143
327.5   0.09053949481530929   0.00010852049979578901
327.75   0.09079070033080341   0.00010883770935908214
328.   0.09105152900527984   0.00010916699484608707
328.25   0.09132292869558511   0.00010949604534241625
328.5   0.09160450670661113   0.00010983526495795141
328.75   0.09189644516068003   0.00011018567300106275
329.   0.0921989403913166   0.00011054832103534687
329.25   0.09251128322229077   0.00011091975477357247
329.5   0.09283498077644142   0.00011130740730235933
329.75   0.09317065873884162   0.0001117143331365241
330.   0.0935189721995009   0.00011214368828639195
330.25   0.09388135544151344   0.00011262056483376329
330.5   0.0942574904839302   0.00011311805962466187
330.75   0.09464782429614603   0.00011363063148764671
331.   0.0950528334581843   0.00011415258344847408
331.25   0.09547317656246114   0.00011466187474875423
331.5   0.09590918833143225   0.00011517495683683529
331.75   0.09636138674828368   0.0001156923812877222
332.   0.09683032813591019   0.00011621474859900778
332.25   0.09731573543935684   0.00011674013727776204
332.5   0.09781946508766057   0.00011727288652573798
332.75   0.09834257351277184   0.00011781483451428003
333.   0.09888618348660261   0.00011836788251638487
333.25   0.09945201118320482   0.00011892139304605804
333.5   0.10004060811092433   0.00011949485902050212
333.75   0.10065311619448046   0.00012009565620546092
334.   0.10129076300752186   0.0001207314546809001
334.25   0.10195472057105735   0.00012138767294308644
334.5   0.10264662072730629   0.0001221039924855554
334.75   0.10336806484293425   0.0001228986157029253
335.   0.10412078255384974   0.0001237905977215565
335.25   0.10490707942377385   0.00012495849315606518
335.5   0.10572838403873183   0.0001262049234936985
335.75   0.10658671693805655   0.0001274853231446346
336.   0.10748428463729924   0.0001287528079416
336.25   0.10842311243768596   0.00012972444283069112
336.5   0.10940638460864559   0.00013067185317186864
336.75   0.11043717478561317   0.00013164056691877278
337.   0.11151886014299456   0.000132678267557068
337.25   0.11265577125729073   0.0001339945364277973
337.5   0.11385117586227765   0.0001354220241099982
337.75   0.11510936483086631   0.00013694894215119456
338.   0.1164351184138171   0.00013856318832414637
338.25   0.11783144076695509   0.0001401887769137681
338.5   0.11930753309192221   0.00014190023966108726
338.75   0.1208711355642069   0.00014371163345621544
339.   0.12253092562129815   0.00014563843203640417
339.25   0.12429971133482533   0.00014774265283798725
339.5   0.12618437618124012   0.00014998178098095697
339.75   0.1281961534076675   0.0001523575923981969
340.   0.1303479520266032   0.0001548729338435457
340.25   0.13265310311609413   0.0001574649350823789
340.5   0.13513106688372317   0.00016023095288360696
340.75   0.13780274599890513   0.0001632082345647941
341.   0.14069263950801614   0.00016643928649211326
341.25   0.1438300213517111   0.00017002076569894498
341.5   0.14724873234373875   0.0001739448199649743
341.75   0.15098971045412563   0.00017825679394527626
342.   0.15510234692045222   0.00018301166414839718
342.25   0.15964679093799877   0.00018827191825275565
342.5   0.16469654160423897   0.0001941263912894798
342.75   0.1703424760855052   0.00020067957374507938
343.   0.17669758114770734   0.00020806153274716504
343.25   0.1839025516636677   0.00021643427032409906
343.5   0.1921344433650353   0.00022600200766855768
343.75   0.20161286275996482   0.00023701794128581135
344.   0.21260604401192612   0.0002497911031844002
344.25   0.22543037482287695   0.00026462766485033437
344.5   0.24042681020730422   0.0002819924275343635
344.75   0.2579135095422906   0.00030227645255340407
345.   0.27809517335957545   0.000325744737746082
345.25   0.30095663641306714   0.00035255999927700875
345.5   0.32621393930073644   0.00038225623175401716
345.75   0.3533517652914241   0.0004142121183791524
346.   0.3817504354235001   0.00044767308768806877
346.25   0.41081915228753374   0.00048189392121804575
346.5   0.44006158670819706   0.0005162521331707902
346.75   0.46910951923266064   0.0005502541300281286
347.   0.49770801987819013   0.0005835278244638758
347.25   0.5256852784639229   0.0006153773500440623
347.5   0.5529492802776582   0.0006461428050418185
347.75   0.5794483941443841   0.0006758728189317245
348.   0.6051620971242809   0.0007046770010663979
348.25   0.6300931939461893   0.0007332211510363978
348.5   0.6542512744376279   0.0007610187666196939
348.75   0.6776565895372699   0.0007880478280281455
349.   0.7003341936364174   0.0008142808120231964
349.25   0.7223197355790579   0.0008393006737023375
349.5   0.7436312105030791   0.000863578846203245
349.75   0.7642938556138769   0.0008872403761655337
350.   0.7843321030394284   0.0009104193222735312
350.25   0.8037563656298461   0.000933867163184033
350.5   0.8226060095557727   0.0009569092101697892
350.75   0.840907314683021   0.000979425646272522
351.   0.8586855702026768   0.0010012774705391938
351.25   0.8759701461374172   0.0010216930456918949
351.5   0.8927773982462552   0.0010413365525494963
351.75   0.9091274033542796   0.001060293448419101
352.   0.9250391591500504   0.0010786547128356953
352.25   0.9405357895841535   0.0010967218482249438
352.5   0.9556272622814765   0.0011143144456999886
352.75   0.9703274372884904   0.0011314484628807782
353.   0.9846491861179607   0.0011481386493949074
353.25   0.9985919337712744   0.001164565621105653
353.5   1.0121839538933033   0.001180512585356299
353.75   1.0254409393799953   0.0011959187229293954
354.   1.0383781366328677   0.0012107181550450692
354.25   1.05103556038441   0.0012241760299472474
354.5   1.063393012428552   0.0012371335979308087
354.75   1.075453792326321   0.0012497964037421372
355.   1.087220323229865   0.0012623792688266848
355.25   1.0986605772473745   0.0012760480288730824
355.5   1.109821722096562   0.0012897385413719222
355.75   1.120718151401714   0.0013032939587856493
356.   1.1313642193423488   0.0013165473697109714
356.25   1.141807497756497   0.0013288312118236005
356.5   1.152016386935217   0.0013406366779766385
356.75   1.1619911034883332   0.001351976908476042
357.   1.1717312669187958   0.0013628654353525181
357.25   1.1812052799423183   0.0013731420313983697
357.5   1.1904540224317846   0.0013830624833312184
357.75   1.1994883997390045   0.0013927151438946233
358.   1.2083193233995575   0.0014021912577681641
358.25   1.216974675721453   0.0014119317405258704
358.5   1.225441924743457   0.0014215534569508195
358.75   1.233724914573311   0.001431011150296695
359.   1.2418272594089048   0.0014402572156953853
359.25   1.249753050835606   0.001449173556681882
359.5   1.2575045109873308   0.0014578024210643262
359.75   1.265084336459259   0.001466117981521772
360.   1.272495024235725   0.0014740933280515613
360.25   1.2797288702541605   0.0014813535855765624
360.5   1.2868018771330534   0.0014883521297307943
360.75   1.2937201674629955   0.001495203689059029
361.   1.300489826540315   0.001502025859268042
361.25   1.3071278967195008   0.001509424031036622
361.5   1.3136251506848182   0.0015168492573919671
361.75   1.3199830131286694   0.0015242275982824717
362.   1.3262027513292218   0.0015314822900158447
362.25   1.332279114473143   0.0015382658526615122
362.5   1.338221910633457   0.0015448679959315487
362.75   1.3440346092266995   0.0015513152308109265
363.   1.3497206161484474   0.0015576346234476904
363.25   1.3552898818852708   0.001564208688724516
363.5   1.3607365201101957   0.0015705728530316912
363.75   1.366061030727692   0.001576608827588451
364.   1.3712637910843712   0.0015821950573661927
364.25   1.3763358453288568   0.001586397096723021
364.5   1.3812901424644428   0.0015902173488605588
364.75   1.3861305209071388   0.0015938603593059965
365.   1.3908608038211951   0.0015975337586935426
365.25   1.3954885093677898   0.001602113207388235
365.5   1.400012278028135   0.0016068887900899831
365.75   1.4044343660741938   0.0016118082923520336
366.   1.4087569843681331   0.0016168181057541608
366.25   1.4129836414256707   0.001621947428714636
366.5   1.417114597069799   0.0016270216951043588
366.75   1.4211513841144539   0.0016319477393138336
367.   1.4250954844895212   0.0016366301886636286
367.25   1.4289498152972013   0.001640608403248819
367.5   1.4327136965237912   0.0016442881877685893
367.75   1.4363878571582949   0.0016477168480566009
368.   1.4399729689458285   0.0016509425365725339
368.25   1.4434652699335135   0.001654098006956876
368.5   1.4468714151635014   0.0016571173453520133
368.75   1.4501937111558707   0.0016600173991878505
369.   1.4534344487950668   0.0016628149985897273
369.25   1.456592106696148   0.0016655608196455062
369.5   1.4596742329863874   0.0016682253090888296
369.75   1.4626846326840957   0.0016708125200043575
370.   1.465627127247731   0.0016733264028000656
370.25   1.468522982777513   0.001675695988469805
370.5   1.4713517859991478   0.0016780293913557132
370.75   1.4741102719316335   0.0016803609471615147
371.   1.4767950641238603   0.0016827252975186518
371.25   1.4793871368474254   0.0016853731344753369
371.5   1.4819045414924759   0.0016880393205761816
371.75   1.4843499369122397   0.0016906718180416658
372.   1.4867259882992614   0.0016932176106070893
372.25   1.4890403778671033   0.0016953935209929015
372.5   1.4912888037353182   0.001697463952812257
372.75   1.493471903473507   0.0016994666621245377
373.   1.4955902878412148   0.0017014399715129037
373.25   1.497646650251195   0.0017037048710277223
373.5   1.4996386113996345   0.0017059076095591384
373.75   1.5015658445104227   0.0017079730477684155
374.   1.5034279849138472   0.001709824839663672
374.25   1.505213358395908   0.0017108014226517344
374.5   1.5069372369438963   0.0017116386698411135
374.75   1.5086037453912435   0.001712494793029427
375.   1.5102170434614024   0.0017135301359767054
375.25   1.5117953566083004   0.0017156649923340457
375.5   1.5133233547405156   0.0017180081121628426
375.75   1.514799580467035   0.001720418324929255
376.   1.5162225263690543   0.0017227522522528797
376.25   1.5175792088078883   0.0017244232538603957
376.5   1.518883954174771   0.001725898636333905
376.75   1.5201397649079151   0.001727207761029191
377.   1.5213496622253013   0.0017283801016290264
377.25   1.5225255508705156   0.0017294088274806396
377.5   1.5236581281021284   0.0017303748143736872
377.75   1.524746861999629   0.0017313238050300703
378.   1.5257911899753611   0.0017323021857187202
378.25   1.5267868320632938   0.0017337849088935448
378.5   1.5277383081833424   0.0017352226369199276
378.75   1.5286464669677515   0.001736489342189403
379.   1.529512148068449   0.001737457287339187
379.25   1.530336182374095   0.001737997118859195
379.5   1.531119392220393   0.0017379780024703866
379.75   1.5318625915937651   0.0017372678027319185
380.   1.5325665863287758   0.0017357333101947379
