310.   0.015568905082896977   0.00002794291347040189
310.25   0.01555381833476527   0.000027915528268153803
310.5   0.015538967898698625   0.000027888927553962136
310.75   0.01552439756736035   0.00002786313406462966
311.   0.015510151662911425   0.00002783817092709704
311.25   0.015496275053504559   0.00002781406167080486
311.5   0.015482813170386918   0.000027790830240533376
311.75   0.015469812025639166   0.000027768501009741973
312.   0.015457318230580247   0.00002774709879443226
312.25   0.015445550971957059   0.000027726932414415248
312.5   0.015434318159357587   0.000027707631937935565
312.75   0.015423598568119985   0.000027689108581808602
313.   0.015413370837321838   0.00002767127272037284
313.25   0.015403606034288496   0.000027654075668717528
313.5   0.015394292882446797   0.000027637367700486778
313.75   0.015385412603777947   0.00002762103953187559
314.   0.015376946304015303   0.000027604980718547274
314.25   0.015368667121770534   0.000027587899666918846
314.5   0.015360845883690352   0.000027571329621942816
314.75   0.015353547732505553   0.00002755563560151578
315.   0.015346838751797431   0.00002754118738490156
315.25   0.01534103530023098   0.000027529424274493634
315.5   0.01533585769815839   0.00002751924108673794
315.75   0.015331273748423245   0.00002751059028554841
316.   0.015327250993056261   0.00002750342406402761
316.25   0.01532357832560426   0.000027498402454349618
316.5   0.015320471518571748   0.000027494489507294052
316.75   0.01531796981387515   0.000027491348620025495
317.   0.015316113159274   0.000027488638910965968
317.25   0.015315203395011558   0.000027484424571907477
317.5   0.015314917794946358   0.000027480573516675236
317.75   0.015315192318646456   0.000027477378283529583
318.   0.015315962211767469   0.000027475135821467077
318.25   0.01531673911738837   0.00002747436270160414
318.5   0.01531804631841596   0.000027475065387564748
318.75   0.015319988963526755   0.000027477467510525096
319.   0.015322673979052223   0.000027481796498847546
319.25   0.015326508196550775   0.000027489517218561305
319.5   0.015331186848629894   0.000027499145788052338
319.75   0.015336701150500908   0.000027510419230088123
320.   0.01534304247448806   0.000027523071057715214
320.25   0.015350268065129732   0.000027535860415588637
320.5   0.01535827806659708   0.000027549866191541057
320.75   0.015367037573700013   0.00002756520651078449
321.   0.015376511431872608   0.000027582001976011055
321.25   0.015386429530321799   0.000027601183926126437
321.5   0.015397083197331435   0.00002762175225788103
321.75   0.015408532313860827   0.000027643505700515398
322.   0.015420838149554448   0.00002766624017835098
322.25   0.015434212676274225   0.000027687891514716198
322.5   0.015448512234464815   0.00002771083663193944
322.75   0.015463741648171197   0.00002773562140962891
323.   0.015479906285402377   0.000027762802341589993
323.25   0.015496965465509091   0.000027794920965318854
323.5   0.015514990657233819   0.00002782980759053344
323.75   0.015534008118617555   0.00002786724582783154
324.   0.015554045147858556   0.0000279070163820167
324.25   0.015575137439883384   0.000027949427849937285
324.5   0.015597304373771076   0.00002799351563575622
324.75   0.015620573716911145   0.000028038833480593504
325.   0.015644974455302208   0.00002808492726611867
325.25   0.015670508117455583   0.00002812867816175952
325.5   0.015697246335026286   0.00002817331230677966
325.75   0.015725233962366324   0.00002821943949114845
326.   0.015754517624481296   0.000028267683589713334
326.25   0.015785236096337897   0.000028320070209708544
326.5   0.015817314255345483   0.000028375324098610923
326.75   0.015850767582974195   0.00002843354615558023
327.   0.01588561292929183   0.000028494841513596008
327.25   0.01592169821085846   0.00002855891124928761
327.5   0.01595928024365704   0.00002862643788917217
327.75   0.01599845065252497   0.000028697708965690588
328.   0.016039304535897542   0.000028773021471106005
328.25   0.016082063658922972   0.00002885638898603501
328.5   0.01612665977827309   0.000028942976791653698
328.75   0.016173149073233032   0.00002903158591185937
329.   0.016221590841494653   0.000029120989616458312
329.25   0.016272196208517203   0.000029203082197468048
329.5   0.016324825050517598   0.000029286093405881273
329.75   0.016379486041194984   0.000029371532604860443
330.   0.016436190234316122   0.00002946095324117485
330.25   0.016494656338223446   0.000029559127863840758
330.5   0.01655531028608902   0.000029663301732376095
330.75   0.016618293587078184   0.000029773865054445805
331.   0.01668375467422119   0.000029891225445646803
331.25   0.01675192850540919   0.000030018788313593297
331.5   0.016822869227587307   0.00003015286581534543
331.75   0.016896716546343588   0.00003029268946689311
332.   0.016973618426701798   0.000030437474014751028
332.25   0.017053973402237466   0.00003058368607786596
332.5   0.01713761298511685   0.00003073429001899872
332.75   0.017224613693514433   0.0000308895804445608
333.   0.01731505993288546   0.00003104987061875373
333.25   0.01740862706404971   0.00003121421580706959
333.5   0.01750599628995126   0.00003138474293173378
333.75   0.017607454933886626   0.00003156236586900665
334.   0.017713308439336117   0.00003174804552731711
334.25   0.017824251975896613   0.00003194460308569005
334.5   0.017940120578823902   0.00003215060286534358
334.75   0.01806113007985651   0.00003236641596567901
335.   0.018187516073788577   0.00003259244874972661
335.25   0.018319318979036783   0.000032830061674473955
335.5   0.01845712072675194   0.00003307847860616541
335.75   0.018601321660206213   0.00003333785131499355
336.   0.01875235663363121   0.000033608367445870186
336.25   0.01891088134312894   0.00003388710124942195
336.5   0.01907716061054436   0.000034178680725620854
336.75   0.019251682128542523   0.00003448476797317933
337.   0.019434984037650607   0.00003480715465855083
337.25   0.019627541790031355   0.00003515109628355129
337.5   0.019830180352106683   0.000035514122057906716
337.75   0.020043684479743213   0.00003589710449295658
338.   0.02026892624550518   0.00003630104286572431
338.25   0.020506676270700897   0.00003672431920992364
338.5   0.020758299056335208   0.00003717204684593382
338.75   0.021025101899749217   0.000037646924812183456
339.   0.021308552769126514   0.00003815196309160856
339.25   0.021610738659060352   0.00003869269946629572
339.5   0.021932942643137998   0.000039269960605180916
339.75   0.022277110388730547   0.00003988709811472255
340.   0.02264547866360665   0.00004054797616140704
340.25   0.02304035211186822   0.00004125628952158233
340.5   0.023465113505884892   0.00004201831598895329
340.75   0.023923391645601994   0.00004284050064159923
341.   0.024419441232707367   0.00004373040518881641
341.25   0.02495832888480797   0.00004469652691118324
341.5   0.02554596240158933   0.00004575007334926607
341.75   0.026189468473764674   0.000046903962148830756
342.   0.02689744820287952   0.000048173771301785015
342.25   0.027680397940793407   0.00004957975057202275
342.5   0.028551100951708912   0.00005114334041185843
342.75   0.029525389754486132   0.000052892585377372065
343.   0.03062295432558257   0.00005486239387062052
343.25   0.03186861853734448   0.00005709554797949102
343.5   0.03329284206174332   0.000059647773011790497
343.75   0.03493373622562589   0.00006258733072209239
344.   0.03683779718579801   0.00006599748996155615
344.25   0.03905861370503897   0.00006997299088672512
344.5   0.04165622384586453   0.00007462288597441814
344.75   0.044685201632989766   0.00008004548559575498
345.   0.04817964468083837   0.00008630261597222711
345.25   0.05213620959773248   0.00009339564473870093
345.5   0.05650140313752712   0.0001012221703474618
345.75   0.06118342644645603   0.00010961598530600358
346.   0.066073623600399   0.00011837997741353796
346.25   0.07106902998322291   0.0001273143340442125
346.5   0.0760851801734445   0.00013627931238667095
346.75   0.08105969162214738   0.00014516513240315061
347.   0.08594982696845897   0.00015389799498234438
347.25   0.09072693426774626   0.00016243860056298855
347.5   0.09537630449910962   0.00017075366561017692
347.75   0.099889880091732   0.0001788293046976044
348.   0.10426480936839348   0.00018666088591522606
348.25   0.10850349472939895   0.00019425669267140184
348.5   0.11260622000999315   0.000201612801246959
348.75   0.11657618496847401   0.00020873348627850028
349.   0.12041727197714452   0.0002156239683858006
349.25   0.12413051435871858   0.00022227585800687447
349.5   0.12772447520868688   0.0002287133729422289
349.75   0.13120485485617667   0.00023494809459920937
350.   0.13457734557702308   0.00024099176519237363
350.25   0.13785115556744446   0.00024690870153697733
350.5   0.1410269216364158   0.0002526393041666385
350.75   0.14410839351727395   0.0002581713974825697
351.   0.1470990385463051   0.0002634906345679771
351.25   0.14999970933703577   0.00026844476582226455
351.5   0.15281651504555294   0.0002732007057195679
351.75   0.15555315743362605   0.0002777985283879631
352.   0.15821317027310647   0.0002822809775129201
352.25   0.16080130226517397   0.00028683411925983576
352.5   0.16331890001629729   0.0002913128989830438
352.75   0.16576845081819963   0.0002957057215384176
353.   0.16815227428995938   0.0002999992463297236
353.25   0.17047225516720885   0.0003041280570816437
353.5   0.17273079143647366   0.00030814479577142157
353.75   0.17492988259303868   0.0003120531888744122
354.   0.17707140689046794   0.0003158567649345795
354.25   0.17915551718037198   0.0003195532071658589
354.5   0.18118609208354963   0.00032315348100235867
354.75   0.18316538447876474   0.0003266630304177175
355.   0.18509559058250383   0.00033008727594726017
355.25   0.1869819252113254   0.00033344322592118324
355.5   0.18882225038782524   0.0003367202658158264
355.75   0.19061730967634555   0.0003399188295631269
356.   0.19236774529111877   0.0003430391159888438
356.25   0.19407104874616235   0.00034606979303703796
356.5   0.1957318937805316   0.000349026238259371
356.75   0.19735194343735418   0.0003519128016926783
357.   0.19893283364244274   0.00035473384320637027
357.25   0.20047822760532494   0.0003575033570459038
357.5   0.20198687615037994   0.00036021242432445985
357.75   0.2034594816532231   0.0003628613903911598
358.   0.20489669369209512   0.0003654504598471728
358.25   0.20629874255466987   0.000367987688373366
358.5   0.20766669080439465   0.0003704619625653165
358.75   0.20900119957889673   0.0003728697463546026
359.   0.2103028922612482   0.0003752072636474292
359.25   0.21156952604153623   0.0003774334818209565
359.5   0.21280557541625048   0.00037959546345330523
359.75   0.21401274501054518   0.0003817042455283854
360.   0.21519274803824384   0.00038377117287320174
360.25   0.21635171211196047   0.00038584993666007563
360.5   0.21748526065601217   0.00038789418088758514
360.75   0.2185932980950446   0.0003898986033020434
361.   0.21967568154499717   0.0003918576370345051
361.25   0.22072957845821625   0.0003937373597658458
361.5   0.221758424580689   0.0003955706819628024
361.75   0.22276304392042992   0.0003973629683267474
362.   0.22374425130239434   0.0003991196871436304
362.25   0.22470514088907037   0.0004008719844909493
362.5   0.2256433345799183   0.0004025900242075164
362.75   0.22655867411556366   0.0004042689675955345
363.   0.22745096821631333   0.00040590378253233135
363.25   0.22831703913067064   0.0004074631478510805
363.5   0.22916073635006393   0.0004089779125286325
363.75   0.22998299812697054   0.00041045329334414934
364.   0.23078476500383485   0.0004118946100087694
364.25   0.23156929731547077   0.0004133373515579086
364.5   0.2323343204208949   0.0004147452537058788
364.75   0.23307982569152097   0.00041611151611908593
365.   0.23380578415930914   0.00041742913262899907
365.25   0.23450976868578366   0.00041864621423092933
365.5   0.2351950180054172   0.0004198174748243977
365.75   0.23586242617877437   0.0004209537379393172
366.   0.23651289172869633   0.00042206606210722515
366.25   0.2371501565734628   0.000423216221660812
366.5   0.2377711801002148   0.00042434551853504554
366.75   0.23837570607580882   0.0004254449107868921
367.   0.23896345744695344   0.00042650512149313834
367.25   0.23953130736953776   0.00042746507518670905
367.5   0.24008287523000096   0.00042838678360565226
367.75   0.24061898745154184   0.00042928148677172866
368.   0.2411404756960719   0.0004301606468909933
368.25   0.2416483010828793   0.00043108597122985814
368.5   0.24214313287445044   0.00043199973266860967
368.75   0.24262576745278003   0.00043289350365030224
369.   0.24309700541532564   0.00043375865858709167
369.25   0.24356222274202896   0.0004345544751938743
369.5   0.2440158650055381   0.0004353163539730571
369.75   0.24445687160368573   0.0004360481750981845
370.   0.24488415091079813   0.00043675388100907376
370.25   0.2452925559231492   0.0004374356697923236
370.5   0.24568653938967028   0.000438100119770213
370.75   0.24606656832278234   0.000438752093733537
371.   0.24643311066666357   0.0004393965262322177
371.25   0.24678558512014692   0.00044007515390307117
371.5   0.24712592433876296   0.0004407418919908863
371.75   0.2474550288627354   0.00044138685891108656
372.   0.24777380768488128   0.00044199998222343886
372.25   0.24808679460951882   0.0004425218269135099
372.5   0.24838987713078983   0.0004430104547604962
372.75   0.24868251117237247   0.00044347533537745506
373.   0.2489641363999421   0.00044392609103283094
373.25   0.24923087633688937   0.0004444170545229664
373.5   0.24948673752248754   0.00044489605585639174
373.75   0.24973246005415609   0.0004453549676900314
374.   0.24996879022280313   0.0004457855185796327
374.25   0.2501982991785813   0.00044613429209466323
374.5   0.25041921069001294   0.00044645545528308267
374.75   0.2506315472943006   0.00044675867712772147
375.   0.25083532620615995   0.0004470537701255937
375.25   0.251031667154169   0.0004473873183738545
375.5   0.2512190329551152   0.0004477183551569111
375.75   0.25139697396820543   0.000448042179049725
376.   0.25156502906728545   0.0004483540058677844
376.25   0.25171935775626875   0.0004486327016332825
376.5   0.25186417216372337   0.00044889600114768043
376.75   0.2520003498120658   0.00044914550631365774
377.   0.25212877676686035   0.0004493828343730172
377.25   0.25225388695504314   0.00044961145349611765
377.5   0.2523716479178697   0.0004498304512609396
377.75   0.2524815299629984   0.00045004074251908785
378.   0.2525829920300526   0.00045024324660255795
378.25   0.252673344359401   0.0004504677402608348
378.5   0.2527550046407657   0.0004506749138484961
378.75   0.25282826833288974   0.00045085396257151677
379.   0.2528934315810015   0.0004509939328289445
379.25   0.2529507912217011   0.0004510837243659027
379.5   0.2530006447873708   0.0004511120923815315
379.75   0.25304329051011054   0.00045106764959319015
380.   0.2530790273252421   0.00045093886825826293
