310.   -0.0032744323718994243   0.00002050676953902653
310.25   -0.0032769752395096683   0.000020545902404678872
310.5   -0.0032797253881840715   0.00002057864300076702
310.75   -0.0032826765143092484   0.00002060553532901297
311.   -0.003285822246258103   0.000020627132931789295
311.25   -0.0032891561417537334   0.000020643999277152855
311.5   -0.0032926716851128233   0.00002065670816246465
311.75   -0.003296362284361525   0.000020665844137675856
312.   -0.0033002212682165253   0.000020672002949434152
312.25   -0.003304122991014764   0.000020673774645249195
312.5   -0.0033082260738747306   0.00002067458632911852
312.75   -0.003312572365173092   0.000020675897882339993
313.   -0.0033172046668467157   0.000020679200149846244
313.25   -0.0033223681540230803   0.00002068867723311867
313.5   -0.003327827485218256   0.000020702183796025514
313.75   -0.003333545862069636   0.00002072021885060384
314.   -0.003339485756790179   0.000020743293541578087
314.25   -0.003345498359435997   0.00002077199678017347
314.5   -0.0033516983035818118   0.000020806775096764567
314.75   -0.0033580911272940925   0.00002084815263286692
315.   -0.0033646825734770847   0.000020896667381250847
315.25   -0.0033714308750677664   0.000020961862745497037
315.5   -0.003378408570421433   0.000021031805450317952
315.75   -0.0033856417328617617   0.0000211033761623631
316.   -0.003393157171579045   0.00002117338015500762
316.25   -0.003401002323401061   0.000021237072381664586
316.5   -0.0034091779805905734   0.00002129314122889953
316.75   -0.0034177051926315557   0.00002133875009402471
317.   -0.00342660568630919   0.000021370987079265655
317.25   -0.003436008301363952   0.000021361167920221877
317.5   -0.0034457883967268263   0.00002134191532109587
317.75   -0.0034559259873817205   0.000021320682810702083
318.   -0.003466400700825789   0.000021305125605177087
318.25   -0.003477056476620949   0.00002132510625164083
318.5   -0.0034880599766759814   0.000021358170106119597
318.75   -0.003499445532104164   0.000021403540121200937
319.   -0.0035112486378188054   0.000021460420987277365
319.25   -0.00352358718417096   0.000021530477126562345
319.5   -0.0035363865237672187   0.000021609432679204385
319.75   -0.003549652387089978   0.000021695403405386764
320.   -0.0035633909086531875   0.00002178645058089878
320.25   -0.0035775989131436627   0.000021874834198328024
320.5   -0.00359229692663764   0.000021966465545377326
320.75   -0.003607496493435109   0.000022061609822654347
321.   -0.003623209802067811   0.000022160542612062556
321.25   -0.003639402838150292   0.00002226283820693197
321.5   -0.003656154211330766   0.000022369782514898665
321.75   -0.003673497823752496   0.00002248198292858692
322.   -0.003691469085200281   0.00002260007045000135
322.25   -0.003710183753213805   0.000022730233836375604
322.5   -0.00372957143981994   0.000022865489679560855
322.75   -0.0037496398020315097   0.00002300423869258892
323.   -0.0037703972050508014   0.00002314482527124861
323.25   -0.0037918109818039377   0.000023274754843315744
323.5   -0.0038139489277449735   0.00002340717248052784
323.75   -0.0038368393462021038   0.000023544744640443806
324.   -0.0038605121741891574   0.00002369024609898624
324.25   -0.0038849273235252962   0.00002385891648868904
324.5   -0.0039102176625833325   0.00002403668613758855
324.75   -0.0039364489355535465   0.00002422151424014066
325.   -0.003963690359477161   0.000024411278653930897
325.25   -0.003992152403359786   0.000024597421079796623
325.5   -0.004021721964044888   0.00002478641328495317
325.75   -0.004052422353358441   0.00002497852802168103
326.   -0.004084278851418607   0.00002517405395773394
326.25   -0.004117270237105109   0.00002536672328218589
326.5   -0.004151493367775118   0.000025565937046007092
326.75   -0.004187001047451634   0.0000257748238623316
327.   -0.004223849833615693   0.000025996675367519796
327.25   -0.0042620242796803315   0.000026244721368265592
327.5   -0.004301694373485876   0.000026509161560437747
327.75   -0.004342962385353051   0.00002678971276058874
328.   -0.004385937641759849   0.000027086090431543965
328.25   -0.004430904112509249   0.00002740494589594192
328.5   -0.004477757368993956   0.000027736438209494275
328.75   -0.004526560680567767   0.000028077309926129996
329.   -0.00457738311454445   0.00002842412161662765
329.25   -0.0046299659805490705   0.000028752316731261547
329.5   -0.004684851091386528   0.00002908679201793704
329.75   -0.004742272501316664   0.00002943245060448137
330.   -0.004802482446483236   0.000029794529932883965
330.25   -0.004866123010237382   0.000030192689873763172
330.5   -0.004932981639244605   0.00003061366916171106
330.75   -0.005003217517599841   0.00003105784872852874
331.   -0.0050770055638822776   0.000031525665336013816
331.25   -0.00515441784395086   0.00003202133333526096
331.5   -0.0052358312932778706   0.00003254033554902881
331.75   -0.005321532747061193   0.00003308169191429111
332.   -0.005411838198571497   0.000033644373163867664
332.25   -0.005506990439934317   0.000034206315198878375
332.5   -0.005607520250191479   0.00003479499818947743
332.75   -0.005713902682069686   0.000035418476641747256
333.   -0.005826665128165587   0.00003608560067928046
333.25   -0.005946495616782334   0.000036829751864304014
333.5   -0.006073912357438129   0.000037629616854416086
333.75   -0.006209604045650181   0.00003848662017659051
334.   -0.006354344878138458   0.000039402422345474653
334.25   -0.006508993889581011   0.00004037548816398754
334.5   -0.00667455786656678   0.00004141274894099243
334.75   -0.006852164729854514   0.00004251838074906677
335.   -0.007043099716749551   0.00004369717323906296
335.25   -0.007248891744584919   0.00004492999060777503
335.5   -0.007471150386590727   0.00004625632462339024
335.75   -0.007711796142844328   0.000047694965773573325
336.   -0.007973054587226584   0.00004926761456984135
336.25   -0.008257340363569546   0.00005103743861567577
336.5   -0.008567921667732438   0.00005298328489160706
336.75   -0.008908450315004767   0.00005512172251464988
337.   -0.009283246660532807   0.00005747237891781616
337.25   -0.009697761484652765   0.000060018605613262034
337.5   -0.010157746509810144   0.00006284103158793258
337.75   -0.010670474823312678   0.00006599293329956002
338.   -0.01124477436777043   0.00006953910914974408
338.25   -0.011891061443482617   0.00007361240381920954
338.5   -0.012623115446263225   0.0000782419208019364
338.75   -0.01345762823601545   0.00008352258038893329
339.   -0.01441548643264519   0.00008957267648676193
339.25   -0.015523129447691268   0.00009647876851628485
339.5   -0.016813884014504652   0.00010450593000734483
339.75   -0.018330456645028904   0.0001139254585667314
340.   -0.020127671067801212   0.00012508649268394705
340.25   -0.02227621714313353   0.00013850417274260704
340.5   -0.024865878536559763   0.0001546780865769992
340.75   -0.02800984401363821   0.00017430087486057657
341.   -0.03184531118393892   0.00019820717869310474
341.25   -0.036525539003638065   0.00022719334092707275
341.5   -0.04219030458698743   0.0002622240650435418
341.75   -0.048892381295571795   0.0003036372597922767
342.   -0.05645331975340029   0.00035035525304098877
342.25   -0.0642591600210176   0.00039885012376144745
342.5   -0.07114670939843658   0.00044173415244374046
342.75   -0.07569733432640996   0.0004701725303895659
343.   -0.07706037099271687   0.0004788284095398155
343.25   -0.075637921368516   0.00046995941864510653
343.5   -0.07279377524472082   0.00045224838346102274
343.75   -0.06990474821757055   0.0004342794733865202
344.   -0.0677168737025297   0.0004207124902263918
344.25   -0.06631788409736246   0.000412676993363974
344.5   -0.06545473861422735   0.00040783229007488816
344.75   -0.06485393389484793   0.00040429426270783766
345.   -0.06436043390887278   0.0004009106994537457
345.25   -0.06392355419341418   0.00039586763052696565
345.5   -0.06353755587213693   0.000390781337609514
345.75   -0.06320976906381028   0.0003860227654272014
346.   -0.06294297660285576   0.0003819308852230577
346.25   -0.06273237260776202   0.00038004303749730636
346.5   -0.0625702549238842   0.0003788968489156123
346.75   -0.06244726621773477   0.0003782674020001068
347.   -0.06235471733752167   0.0003779341217691431
347.25   -0.06228370036576852   0.00037712068107001933
347.5   -0.06223045561468454   0.0003764062463202168
347.75   -0.06219092251372049   0.0003758177559721711
348.   -0.06216206064720057   0.0003753890557864811
348.25   -0.06214303784522105   0.00037544825417318187
348.5   -0.06213027178170508   0.0003756368303261502
348.75   -0.06212204494257403   0.0003758851334107848
349.   -0.06211699583586998   0.00037612484841895416
349.25   -0.062113807873531456   0.00037607560541699526
349.5   -0.062111917294581494   0.0003759670769649514
349.75   -0.062110697159861325   0.0003758188606463723
350.   -0.06210964693533686   0.00037565165332715096
350.25   -0.06210839914443938   0.000375529155001762
350.5   -0.06210658288964947   0.0003754151579319838
350.75   -0.062103922869831296   0.0003753157067092284
351.   -0.06210019310856342   0.00037523724947477585
351.25   -0.06209527010475419   0.0003753119408356577
351.5   -0.06208891177791811   0.0003753720399661508
351.75   -0.06208096409083951   0.00037537389178368696
352.   -0.062071293813315574   0.00037527339692688716
352.25   -0.06205940703406211   0.00037471577525297745
352.5   -0.062045728106340244   0.00037408867707767335
352.75   -0.062030319587944034   0.00037347273078579827
353.   -0.06201325532747555   0.0003729496822343338
353.25   -0.061994822811454284   0.00037295422188449146
353.5   -0.061974829043115735   0.0003730794374336371
353.75   -0.0619532897675565   0.000373267295052961
354.   -0.06193022577548414   0.0003734590388211644
354.25   -0.061905541143002264   0.00037324073221121933
354.5   -0.061879433247399536   0.0003730467264635357
354.75   -0.06185198284708268   0.0003729601004002038
355.   -0.06182327381521074   0.0003730649284143405
355.25   -0.06179371233275413   0.0003739417564755766
355.5   -0.06176294136785475   0.0003749852131225284
355.75   -0.06173092217127927   0.00037608113520727605
356.   -0.06169761632421915   0.00037711402049876697
356.25   -0.06166362503696885   0.0003776215485693427
356.5   -0.06162801756683203   0.00037796775807159177
356.75   -0.061590496012922595   0.0003781734146929805
357.   -0.06155075937943364   0.00037825954741715564
357.25   -0.06150756105961626   0.0003783661884363863
357.5   -0.06146190911372522   0.000378349146993973
357.75   -0.06141387510659613   0.00037818206948914265
358.   -0.06136353134912365   0.00037783834602906355
358.25   -0.0613105353247483   0.0003770540583070557
358.5   -0.061255540595354645   0.00037613299199654344
358.75   -0.06119878966047532   0.0003751438516357803
359.   -0.0611405271962796   0.00037415606119323126
359.25   -0.06108098296766566   0.0003734428435544009
359.5   -0.061020429533801025   0.0003727915042794789
359.75   -0.06095912456187608   0.00037219129388415477
360.   -0.06089732769294917   0.00037163134154016717
360.25   -0.06083691829050482   0.00037109901204690287
360.5   -0.06077590106588247   0.0003705854944710252
360.75   -0.060713886323475845   0.0003700802316490322
361.   -0.060650480068682865   0.00036957255899723016
361.25   -0.06058374602269662   0.00036897962633986595
361.5   -0.06051542934348125   0.0003683912045541813
361.75   -0.06044574587381696   0.00036782548447418674
362.   -0.06037491295847181   0.0003673008169107816
362.25   -0.06030404588124767   0.00036707791960590124
362.5   -0.06023211303181065   0.0003668372261929814
362.75   -0.06015897345566457   0.000366499581154825
363.   -0.06008448444885059   0.0003659851339396938
363.25   -0.06000809800889595   0.0003645621333359113
363.5   -0.059930231617615175   0.00036305883401198163
363.75   -0.059850900642956985   0.0003616566731009281
364.   -0.05977012015815588   0.000360538628900779
364.25   -0.059686360868689205   0.0003607922486844737
364.5   -0.05960179383238117   0.0003613422467822912
364.75   -0.05951705732975516   0.0003620110811672097
365.   -0.05943279437414784   0.0003626197172577165
365.25   -0.059352945120411456   0.00036245630160320003
365.5   -0.059273562914626314   0.0003620810695550543
365.75   -0.05919397422145094   0.0003615253370009869
366.   -0.059113499590657946   0.00036082069066717594
366.25   -0.05902896157044771   0.0003599268337513252
366.5   -0.05894315046690586   0.00035897666747790726
366.75   -0.05885637623754379   0.00035803170690113125
367.   -0.058768950863089184   0.00035715394030833264
367.25   -0.05868245970700083   0.0003566573134553902
367.5   -0.05859544257519627   0.0003562534068096563
367.75   -0.058507703970597215   0.0003559040380698161
368.   -0.05841904655489226   0.0003555707294929011
368.25   -0.0583276305006163   0.00035503540607107457
368.5   -0.05823554704215794   0.00035450951977525894
368.75   -0.05814325575374929   0.000354026111632262
369.   -0.058051219153254716   0.00035361845583949434
369.25   -0.05796250329320669   0.0003535248261323531
369.5   -0.0578739428899663   0.00035349285208695076
369.75   -0.05778495956477818   0.00035347385334715215
370.   -0.057694970529235425   0.00035341880360732764
370.25   -0.057601620830190686   0.0003531828685856851
370.5   -0.05750678917628334   0.00035284973876441815
370.75   -0.05741059314078602   0.0003524078953968375
371.   -0.057313150878636476   0.00035184574959490773
371.25   -0.05721453351639574   0.0003510097248125265
371.5   -0.05711492686353914   0.00035008640466696763
371.75   -0.05701446996956993   0.00034912123572878993
372.   -0.056913302556798856   0.00034815996698613424
372.25   -0.05681158359807843   0.0003473856329665525
372.5   -0.056709428158582736   0.00034665314414342993
372.75   -0.05660697042766548   0.0003459538931159562
373.   -0.05650434518358991   0.00034527921239196603
373.25   -0.05640182273229014   0.00034464485089327263
373.5   -0.05629935041689186   0.00034400781879671144
373.75   -0.056197010332216774   0.00034334940653200067
374.   -0.05609488479993941   0.00034265078793109776
374.25   -0.05599366776591187   0.0003417345808096652
374.5   -0.055892587519937066   0.0003408031639040292
374.75   -0.05579148062557005   0.00033990122996899625
375.   -0.05569018240813421   0.00033907373841049113
375.25   -0.05558811609163227   0.00033858230457173245
375.5   -0.05548568884257495   0.0003381699698447307
375.75   -0.05538289794507079   0.00033779527388310375
376.   -0.055279740463994156   0.0003374165081983451
376.25   -0.055176329396758046   0.0003368597821997834
376.5   -0.05507249903819826   0.00033626731143070475
376.75   -0.05496819902196208   0.0003356498179297651
377.   -0.05486337851447628   0.00033501808561596714
377.25   -0.054757940977260104   0.000334415774665404
377.5   -0.05465189790361228   0.00033380792205026056
377.75   -0.054545215322402446   0.00033319227440390325
378.   -0.05443785892034766   0.0003325665651737151
378.25   -0.05432908892576395   0.0003319079000007277
378.5   -0.05421985599597944   0.00033124280251075217
378.75   -0.05411040878775256   0.00033057726968937687
379.   -0.054000997135169836   0.0003299173299066239
379.25   -0.05389187203401862   0.000329269042495697
379.5   -0.05378328562640793   0.0003286384973385072
379.75   -0.053675491185629344   0.00032803181445781185
380.   -0.0535687431012552   0.0003274551436158401
