310.   0.0017141556465444165   0.00008048983254376939
310.25   0.0017134065672643373   0.00008045279033594439
310.5   0.0017126909329401815   0.00008040862961937929
310.75   0.0017120285624197742   0.0000803595835102502
311.   0.0017114394951363303   0.00008030790850724668
311.25   0.0017109439979014634   0.00008025588521143491
311.5   0.0017105625719443034   0.00008020581907196575
311.75   0.0017103159602078226   0.0000801600411587881
312.   0.0017102251549140988   0.00008012090896359317
312.25   0.001710600002749798   0.0000801005846652313
312.5   0.001711059293960813   0.0000800878371584957
312.75   0.0017115077526326516   0.0000800811422699783
313.   0.0017118490151335475   0.00008007895933960255
313.25   0.00171144930317062   0.00008008553870173475
313.5   0.0017109582446473794   0.00008009120136940238
313.75   0.0017104936557890032   0.00008009199675344794
314.   0.0017101747686244582   0.00008008392682835733
314.25   0.00171061764917387   0.00008004120096055145
314.5   0.0017112534215080832   0.00007999005553411318
314.75   0.0017120046845865025   0.00007993517059659623
315.   0.0017127930990238468   0.00007988128417613236
315.25   0.0017132680727932447   0.00007983978251806306
315.5   0.0017137276978207716   0.00007980633579730945
315.75   0.0017142008602005954   0.00007978319095350394
316.   0.0017147168313101772   0.00007977262584929097
316.25   0.0017153744364509951   0.00007979419565699919
316.5   0.0017161073113658063   0.00007982619219208856
316.75   0.0017169178466726893   0.0000798639804512585
317.   0.0017178084876237224   0.00007990286415189296
317.25   0.0017189118371244328   0.0000799150766699591
317.5   0.001720049041352904   0.00007992787364737189
317.75   0.001721169783015635   0.00007994572319179752
318.   0.0017222230448777716   0.00007997315782021225
318.25   0.0017228957416733277   0.00008003611489105273
318.5   0.0017234997320754698   0.00008010951428215484
318.75   0.0017240881642885011   0.00008018940719469169
319.   0.001724714982298135   0.0000802717883575775
319.25   0.0017254448176012532   0.00008033810033743238
319.5   0.0017263195530642372   0.00008040442084561985
319.75   0.001727391689697053   0.00008047246884703976
320.   0.001728714591662286   0.00008054399098793008
320.25   0.001730654375847174   0.00008062764413351664
320.5   0.0017328316358460585   0.00008071564368436265
320.75   0.001735175328580958   0.00008080701914511284
321.   0.0017376133138343347   0.00008090078593198815
321.25   0.0017398273439398432   0.00008099027411478256
321.5   0.0017420842564523362   0.00008108237012694046
321.75   0.0017444083640357402   0.00008117835899724933
322.   0.0017468244319857927   0.00008127954956362687
322.25   0.0017494765172816928   0.00008139532048708807
322.5   0.0017522248417397958   0.00008151582516829344
322.75   0.0017550470867859964   0.00008163916213914804
323.   0.0017579205820963172   0.00008176339798272399
323.25   0.0017606081230718458   0.00008187390402855076
323.5   0.0017633845336142353   0.00008198631135700113
323.75   0.0017663136273169092   0.00008210376305505314
324.   0.001769460493160362   0.0000822294642910703
324.25   0.0017729920017337173   0.00008240265532759822
324.5   0.0017768361353791662   0.00008257659806966363
324.75   0.001781021028393846   0.00008273996598103502
325.   0.0017855755101979683   0.00008288120673802143
325.25   0.0017907861274876057   0.00008293398649995382
325.5   0.0017963255526271815   0.00008296217944770546
325.75   0.001802119496548025   0.00008297586386503303
326.   0.0018080922422498496   0.00008298532798367048
326.25   0.0018140100940350439   0.00008300809132573673
326.5   0.0018200119654903472   0.0000830451406279265
326.75   0.0018260817047985004   0.00008310457965948443
327.   0.001832202898102769   0.00008319470251636465
327.25   0.0018383528448046053   0.00008335283646224921
327.5   0.0018445229323389742   0.00008354759023838301
327.75   0.001850698360471266   0.0000837760282226631
328.   0.0018568640750693892   0.00008403516074023162
328.25   0.001862786687803339   0.00008433564961899096
328.5   0.0018687537305196909   0.00008465533297971755
328.75   0.001874839205851966   0.0000849853905962438
329.   0.0018811191494945898   0.0000853167887917244
329.25   0.001887923673181207   0.00008560554510368074
329.5   0.0018949832392826042   0.00008589040487197142
329.75   0.00190227669844307   0.00008617595888687194
330.   0.001909782583273896   0.00008646692917543676
330.25   0.0019171886165457062   0.0000867826069021299
330.5   0.0019248760114151738   0.00008710796505943433
330.75   0.0019329425084433857   0.00008744219847754213
331.   0.0019414890713368427   0.00008778449181828765
331.25   0.0019512708897532504   0.00008812964257639166
331.5   0.0019614929420519274   0.00008848288763825918
331.75   0.00197199716414357   0.00008884519550081266
332.   0.00198262097783906   0.00008921758184697969
332.25   0.0019923018466626455   0.00008958878539480312
332.5   0.002002108524195364   0.0000899770233469891
332.75   0.002012235540493528   0.00009038860875957723
333.   0.002022884607513334   0.000090830099940509
333.25   0.002034958622078468   0.00009133214636656803
333.5   0.0020477146005481728   0.00009186884418640579
333.75   0.0020610897768429   0.00009243766063059531
334.   0.002075020055389568   0.00009303601643306554
334.25   0.002089296489579299   0.00009365980330340956
334.5   0.0021040506247785125   0.00009430839001230391
334.75   0.0021192740152346096   0.00009497966282248578
335.   0.002134959066028354   0.00009567147672176895
335.25   0.0021506779080776874   0.00009635969485164957
335.5   0.0021670073957854854   0.00009707246662550018
335.75   0.0021841207239663464   0.00009781679888392166
336.   0.0022022008607732358   0.00009860009832693211
336.25   0.0022219559541875734   0.00009944924426145526
336.5   0.002242881673592058   0.0001003463052497648
336.75   0.002264979217660688   0.00010129210584334103
337.   0.0022882531863347754   0.00010228765572392511
337.25   0.0023126136542168546   0.00010332845107146543
337.5   0.0023382092853071607   0.00010442384385364123
337.75   0.0023651002913304864   0.00010557801676851753
338.   0.002393355435261263   0.00010679561890251636
338.25   0.0024229084346350637   0.00010807934512706158
338.5   0.002454048494865592   0.00010943841650457767
338.75   0.002486941161961339   0.00011088041436328195
339.   0.002521771704517073   0.00011241382025731512
339.25   0.0025587119402779145   0.00011405824050082157
339.5   0.002598046965150312   0.00011581062134596532
339.75   0.0026400594733811756   0.0001176787830555756
340.   0.002685070980830439   0.00011967189873879934
340.25   0.002733625164661563   0.00012177858512803875
340.5   0.0027859049880963765   0.00012404185751591188
340.75   0.0028423227466209885   0.00012648661301340543
341.   0.0029033642197744862   0.00012914160676700474
341.25   0.0029697940394720476   0.00013206844946049988
341.5   0.003042043368024022   0.0001352682353777346
341.75   0.003120853032341216   0.00013877477676660515
342.   0.0032071269977287814   0.00014262932158415548
342.25   0.003301078414613378   0.0001468722426030526
342.5   0.0034052850932579336   0.00015157994187586408
342.75   0.0035218696903772727   0.00015683502842107306
343.   0.0036534513136975443   0.0001627403830014291
343.25   0.0038045558180030475   0.0001694138078332737
343.5   0.003977551157413037   0.00017703064545323427
343.75   0.00417684943886485   0.0001857962278757656
344.   0.004407839422900392   0.00019596102058365861
344.25   0.004676065114378464   0.000207825375129231
344.5   0.00498927435343743   0.00022169885004379256
344.75   0.005353966033785435   0.00023787203765781974
345.   0.0057741622712837795   0.00025652633269558715
345.25   0.006248016333091142   0.00027763229027196715
345.5   0.00677067815124905   0.0003009176624072022
345.75   0.007331728483449911   0.0003258975595577767
346.   0.007918933771341004   0.00035199824110117127
346.25   0.008524907872170093   0.0003786860960420725
346.5   0.009135704042244437   0.00040550718692613613
346.75   0.009743120437365896   0.00043213277572952185
347.   0.010341036129136413   0.0004583388675953943
347.25   0.010920527051164391   0.00048396318560695885
347.5   0.011483878678994695   0.0005089489215120058
347.75   0.01203055699471441   0.0005332640793438483
348.   0.012560784725412987   0.0005569056329469072
348.25   0.013077643823864895   0.0005799804563281915
348.5   0.013579170861177136   0.0006023967878601348
348.75   0.014065651996161702   0.0006241480960215606
349.   0.01453743267497364   0.0006452275883412576
349.25   0.014995144244620867   0.0006655657383321643
349.5   0.015438777378465773   0.0006852327457919673
349.75   0.0158685330570431   0.0007042415667618825
350.   0.016284562359884073   0.0007226041236411869
350.25   0.016684421858630068   0.0007402034173487869
350.5   0.017071598235995945   0.0007572217920024052
350.75   0.017447223942387624   0.0007737246416963457
351.   0.017812473941802857   0.0007897807775359609
351.25   0.01817087853047367   0.0008055671736809232
351.5   0.018520528297608717   0.0008210156294719573
351.75   0.018861679300398282   0.0008361573766157647
352.   0.01919454463105412   0.000851022937031379
352.25   0.019518961961305058   0.0008658206631804011
352.5   0.01983552345871941   0.0008803353312656622
352.75   0.020144473107214032   0.0008945173931300653
353.   0.020446029936457437   0.0009083116958916639
353.25   0.020741119643773925   0.0009215067801823414
353.5   0.021028912870508853   0.0009342443470075483
353.75   0.021309245938810457   0.0009465192716090449
354.   0.021581917383053727   0.0009583254940455615
354.25   0.02184338113624754   0.0009694255599768801
354.5   0.022097920109167068   0.00098012899996115
354.75   0.022346650952993007   0.0009905262367481975
355.   0.022590732576515463   0.001000712057151743
355.25   0.022835888019692434   0.0010111201104591307
355.5   0.02307711983654669   0.0010213920252134813
355.75   0.023313778551092817   0.0010314922045480503
356.   0.023545162483389996   0.0010413822359830887
356.25   0.02376774834199151   0.001050880097756883
356.5   0.023984563185592143   0.001060136638825269
356.75   0.02419593439887412   0.0010691653065996421
357.   0.024402194310939773   0.0010779796551091958
357.25   0.02460357107886743   0.0010866301991435368
357.5   0.02480055787497671   0.0010950797638925465
357.75   0.024993547958144707   0.0011033267095339478
358.   0.025182941362263726   0.0011113689096147249
358.25   0.025370989148550568   0.0011191606747532523
358.5   0.02555555178340671   0.001126758617336931
358.75   0.025736274898452944   0.0011341773586250545
359.   0.025912782676744718   0.00114143175854975
359.25   0.026082579564738816   0.0011485503288743192
359.5   0.02624815685069453   0.0011555298147334168
359.75   0.026409956292589666   0.0011623801681134602
360.   0.02656843010666774   0.00116911138326416
360.25   0.026725216231543558   0.001175780330645837
360.5   0.02687915742584142   0.0011823321633525421
360.75   0.027030246017364055   0.0011887574893034354
361.   0.027178468756141147   0.0011950463578400607
361.25   0.02732420260242705   0.001201156460339982
361.5   0.02746687485456103   0.0012071209195030437
361.75   0.027606292171726474   0.0012129414315288315
362.   0.027742251553748525   0.0012186195803157644
362.25   0.027874368429038912   0.001224114822180185
362.5   0.028002660298391498   0.0012294868648476207
362.75   0.028126968146402004   0.0012347544090436028
363.   0.028247126249646037   0.001239936536873156
363.25   0.028359668822958106   0.0012451314258397762
363.5   0.028468991995271455   0.0012502495565512985
363.75   0.028576273911915733   0.0012552785380693613
364.   0.028682721790091553   0.001260205495358424
364.25   0.02879370380155569   0.0012650027192171321
364.5   0.02890474082230308   0.001269676358699894
364.75   0.02901541708795116   0.0012742180858608383
365.   0.029125302166934396   0.0012786192766897234
365.25   0.02923433704704433   0.0012827851972877881
365.5   0.0293415266397029   0.0012868259640995581
365.75   0.029446239403588034   0.0012907674865886764
366.   0.029547826718305154   0.0012946362181861463
366.25   0.02964266706950647   0.0012986329549276874
366.5   0.02973419009842259   0.0013025434798852739
366.75   0.029822914784636598   0.0013063242803435056
367.   0.029909370914188563   0.0013099307891991144
367.25   0.02999419005988618   0.0013130257767746424
367.5   0.030077796192340352   0.00131596835896621
367.75   0.030160712895680807   0.001318830784765549
368.   0.030243473036226393   0.0013216868116227793
368.25   0.030331022605912073   0.001324829717949179
368.5   0.030417783548746604   0.0013280327517126056
368.75   0.030502508061824054   0.0013312845412572028
369.   0.03058392135672214   0.001334573352527133
369.25   0.03065439632760409   0.0013379497905984434
369.5   0.030721411825396408   0.001341314141522569
369.75   0.030786208206159783   0.00134462792547096
370.   0.03085004952575931   0.001347851844045491
370.25   0.03091746650804624   0.0013509332473413866
370.5   0.030985253119340875   0.001353848715823815
370.75   0.03105341403148331   0.001356561720184543
371.   0.031121952177961317   0.0013590350614501332
371.25   0.0311944347574172   0.0013609335570005305
371.5   0.03126589466970668   0.0013626328175959969
371.75   0.03133487121799228   0.0013642153231370176
372.   0.03139987703656199   0.0013657650192480401
372.25   0.031451635414353404   0.0013676444064171932
372.5   0.03149942188186755   0.0013695542398402582
372.75   0.031544844120046524   0.0013714694768346169
373.   0.031589537116969685   0.001373364582063834
373.25   0.03164087506711839   0.0013751390019022703
373.5   0.03169258667940395   0.0013768700959917919
373.75   0.03174405400023614   0.0013785613309395704
374.   0.03179464783847266   0.0013802161933260176
374.25   0.03184218176066764   0.0013818510114651339
374.5   0.03188815952314006   0.001383451441989089
374.75   0.0319325500638488   0.0013850157999701358
375.   0.03197532136005991   0.0013865423405528164
375.25   0.03201605625547233   0.001387974774487579
375.5   0.032055256391691836   0.0013893871889402388
375.75   0.03209304357739419   0.0013907998756132417
376.   0.03212954101437824   0.0013922333944934783
376.25   0.03216511443038961   0.0013938523410849603
376.5   0.032199553555498625   0.0013954773606693308
376.75   0.03223288743198794   0.0013970712319053779
377.   0.03226514504386335   0.001398596164127353
377.25   0.03229367841259169   0.0013999500585303462
377.5   0.03232224903233538   0.0014011828992695028
377.75   0.03235197538890172   0.0014022811874092138
378.   0.03238399066551821   0.001403231239029541
378.25   0.03242702515207155   0.0014038396996639945
378.5   0.03247166620698167   0.0014043428348698562
378.75   0.03251600524715003   0.0014047994378274704
379.   0.03255810731625247   0.0014052690801641188
379.25   0.03259601146445099   0.0014058121008830322
379.5   0.03262773112020158   0.0014064895955193644
379.75   0.03265125445439275   0.001407363405516274
380.   0.032664544737045664   0.0014084961078147501
