310.   0.1428365610641405   0.00022360343939116167
310.25   0.14280391829667827   0.0002234126666020635
310.5   0.14277453417485908   0.00022348370236014003
310.75   0.14274879191650183   0.00022374508177060555
311.   0.14272708078276164   0.00022412451246879185
311.25   0.14270979629283967   0.00022454882998645514
311.5   0.14269734044800217   0.00022494395621789194
311.75   0.14269012196540107   0.0002252348612322068
312.   0.14268855652222584   0.0002253455285002647
312.25   0.14269455706999123   0.00022469569644390338
312.5   0.14270647678938658   0.00022390905183223805
312.75   0.14272414679459505   0.00022311114754134938
313.   0.14274739689795798   0.0002224293058062686
313.25   0.14277498510645603   0.0002225392630833789
313.5   0.1428082294487088   0.00022281010222897636
313.75   0.14284739318212972   0.0002231523125111908
314.   0.14289274615636383   0.00022347507227464972
314.25   0.142945277540698   0.0002233336023827401
314.5   0.1430042801332092   0.00022312579460445013
314.75   0.14306975247755155   0.00022290025906774688
315.   0.14314169416878447   0.00022270633091496856
315.25   0.14322080575872348   0.0002227446157646231
315.5   0.14330611083075662   0.00022285621010425507
315.75   0.1433973303745239   0.0002230314213283985
316.   0.14349418495877408   0.00022326040288970679
316.25   0.14359291922163017   0.0002234716940002437
316.5   0.14369809672735018   0.00022374069866739883
316.75   0.1438108545448477   0.00022408222015749487
317.   0.14393235281543731   0.00022451136874769424
317.25   0.14406692753918096   0.00022519554334155995
317.5   0.14421139761659596   0.00022593894735444317
317.75   0.1443657107920691   0.000226695531996733
318.   0.14452981894637396   0.00022741839417569996
318.25   0.1447051339116689   0.00022786454612073814
318.5   0.14488959419302566   0.00022825708149041323
318.75   0.1450825644092953   0.00022862615576387253
319.   0.14528339786749636   0.00022900243971515414
319.25   0.14548605954010024   0.00022955565169612303
319.5   0.14569735579076387   0.00023012443068264496
319.75   0.14591881421721126   0.00023068479455015293
320.   0.146152001773924   0.00023121257952080565
320.25   0.14640452752570307   0.00023154323720303238
320.5   0.14666969619722983   0.00023184849816875375
320.75   0.1469467388425038   0.00023216040998494983
321.   0.14723487711903052   0.00023251113761065673
321.25   0.14752897119919622   0.00023306007165923065
321.5   0.14783427571600374   0.00023366209806672454
321.75   0.1481517710453317   0.0002342986172347356
322.   0.1484824688257031   0.0002349508246642678
322.25   0.1488288325125605   0.0002354956982816192
322.5   0.14918997045225307   0.0002360588061525427
322.75   0.14956641329859163   0.0002366631878793358
323.   0.14995871468522798   0.00023733245200710754
323.25   0.1503695015397594   0.00023818696609650576
323.5   0.15079652845805883   0.00023911785689587666
323.75   0.15123958373817525   0.00024011107903839567
324.   0.15169846435223375   0.00024115233222754396
324.25   0.15216989397096578   0.00024219948934225074
324.5   0.1526579714053946   0.00024327606719598796
324.75   0.1531637988174422   0.0002443782191642788
325.   0.15368852695113877   0.0002455020240441935
325.25   0.15423470056722843   0.00024662556200923574
325.5   0.1548017159374055   0.00024776964517815906
325.75   0.15539033324895699   0.00024893750844661615
326.   0.1560013580147324   0.0002501325034924326
326.25   0.1566353963612992   0.00025137361459290987
326.5   0.15729369932515383   0.00025264291574070844
326.75   0.15797733324908966   0.00025393774638443704
327.   0.15868742890901238   0.00025525541084532724
327.25   0.15942605114118186   0.00025657373966752375
327.5   0.16019327819946755   0.0002579168697362203
327.75   0.16099010570739875   0.00025929013703373724
328.   0.16181760342548124   0.00026069917545021494
328.25   0.1626741899219133   0.0002621312073366049
328.5   0.16356487630135405   0.0002636184756397667
328.75   0.16449215183627114   0.00026517555064504387
329.   0.1654586682232304   0.00026681777219196486
329.25   0.16647068540078727   0.0002687062509795964
329.5   0.16752649302100794   0.00027065811446981856
329.75   0.16862787279011912   0.0002726299858269951
330.   0.1697767634336878   0.00027457629514581025
330.25   0.17097356541891487   0.00027610753272337414
330.5   0.17222294953263823   0.0002776436891624546
330.75   0.17352814974038805   0.00027927691321259144
331.   0.174892666791077   0.0002811047216414092
331.25   0.17632115063841297   0.00028360996954242425
331.5   0.1778165414609126   0.00028638078055094135
331.75   0.17938298068721684   0.00028937233352322925
332.   0.18102501102098395   0.00029253779333237386
332.25   0.18274567746599493   0.00029561842620883926
332.5   0.18455317428954257   0.00029885077666301854
332.75   0.1864543928793907   0.0003022706346594916
333.   0.1884569095866374   0.0003059168594087366
333.25   0.19057437290979212   0.000309891481614262
333.5   0.19280870825763316   0.0003141595609430558
333.75   0.19516791583874232   0.00031874562408189917
334.   0.19766103083907383   0.0003236768538302713
334.25   0.200288867989749   0.0003289801232753115
334.5   0.20307598070621025   0.0003346924259739373
334.75   0.20603963654458765   0.00034085481458096846
335.   0.20919926015801724   0.00034751512791551554
335.25   0.21258402622527772   0.0003547752395568788
335.5   0.21620895036365162   0.0003626406626977921
335.75   0.22009927954554753   0.00037116496766725443
336.   0.22428413568862984   0.0003804098854562406
336.25   0.22879625930347003   0.00039038345509527267
336.5   0.23367636296268152   0.00040125080784952563
336.75   0.23897091095142528   0.0004131424937280372
337.   0.24473456678525823   0.00042621538076705767
337.25   0.25103077172416777   0.00044063746666307615
337.5   0.25793825455178987   0.0004566710238448593
337.75   0.2655500720150225   0.0004746030843045223
338.   0.2739786369979097   0.0004947817666032233
338.25   0.28336185414809506   0.0005176930583830454
338.5   0.2938661079321098   0.0005437808928793324
338.75   0.3056982681092616   0.0005736692708147771
339.   0.3191161185751521   0.0006081420928760752
339.25   0.33444058650301794   0.0006482791017006988
339.5   0.35208515459623574   0.000695229000796927
339.75   0.3725733384434956   0.000750567990857327
340.   0.39657528336143355   0.0008163234995866255
340.25   0.4249555656733531   0.0008944984577078914
340.5   0.45880346394742977   0.0009891608033037265
340.75   0.4994938819324925   0.0011048308686457276
341.   0.5486932114014792   0.0012470624290743268
341.25   0.6082687504550602   0.0014237201678021253
341.5   0.6799316194180739   0.0016391926396138524
341.75   0.7643678397114586   0.0018956825063510688
342.   0.8595200347878014   0.0021864187511680946
342.25   0.9581388848797688   0.0024861090921084964
342.5   1.0464709833736558   0.0027513687746169124
342.75   1.107718550438648   0.0029277399908301917
343.   1.1318654188317119   0.002982494303058869
343.25   1.1238660273796552   0.0029306264836705957
343.5   1.1001586830844359   0.002824906882778218
343.75   1.0774168968261735   0.0027181877750866337
344.   1.064864827574929   0.00263914247742117
344.25   1.0639371430242035   0.00259189764756867
344.5   1.072033685804854   0.002566536402758953
344.75   1.086274871001965   0.0025530220094584157
345.   1.1050494503679287   0.0025458480127938197
345.25   1.1277161208937507   0.002542895358585068
345.5   1.1538478108952528   0.0025447514509372294
345.75   1.1828939261280418   0.0025518195436409464
346.   1.2141313481588047   0.0025641695740750607
346.25   1.246770655709129   0.002583182596058109
346.5   1.2801533407734207   0.002606110004946509
346.75   1.3137395050788219   0.0026318006712392093
347.   1.3471343254780808   0.002659151618227749
347.25   1.3800873140017962   0.0026854137059396438
347.5   1.4123908652825474   0.002712022694422583
347.75   1.4439279424672196   0.002738809203361726
348.   1.4746297235043218   0.0027656788342615905
348.25   1.5044358478132964   0.0027927223047103018
348.5   1.533367054687318   0.0028197801332289357
348.75   1.5614348960943094   0.0028468643770462832
349.   1.58866079769446   0.0028740230508508004
349.25   1.6150971019674336   0.0029021096099647514
349.5   1.6407416331190734   0.002930152233902243
349.75   1.6656174580510035   0.002957951683049312
350.   1.6897480732077135   0.0029853162884318995
350.25   1.7131499433595987   0.0030121911133319424
350.5   1.7358544031387044   0.0030382208268936155
350.75   1.757886207014748   0.003063157775171353
351.   1.7792693694054977   0.0030867445149764844
351.25   1.8000020262480119   0.0031057868662684104
351.5   1.8201413722472304   0.0031240423359337444
351.75   1.839718789337927   0.003142470193518618
352.   1.8587647908770952   0.0031620783820364416
352.25   1.8773605937574005   0.003189246849143054
352.5   1.8954634015115626   0.0032177305510618457
352.75   1.91308002859435   0.0032464088035608135
353.   1.9302160670427502   0.0032740995611782175
353.25   1.946841321091769   0.0032954285521058857
353.5   1.963007404367366   0.0033147919798621026
353.75   1.9787306741950832   0.00333260342919752
354.   1.9940266740194459   0.0033493087926587096
354.25   2.0089052110124817   0.0033664922701986846
354.5   2.023387133541565   0.00338314475180282
354.75   2.037488025187417   0.0033993182713841787
355.   2.0512229934363395   0.0034150613785080518
355.25   2.0646163603111116   0.003430249320081557
355.5   2.077668869311864   0.0034451534725950528
355.75   2.0903904988471824   0.0034598910450244083
356.   2.102790849639057   0.0034745841645074968
356.25   2.1148841992666694   0.003490101367414974
356.5   2.1266725326375493   0.0035055490361388243
356.75   2.1381622993168876   0.0035207501963438518
357.   2.1493595491579462   0.0035355196539592054
357.25   2.1602568644326507   0.003549138496718382
357.5   2.170877737985262   0.0035621321015192613
357.75   2.1812325584207124   0.003574514320724041
358.   2.1913315294573357   0.0035863008510250804
358.25   2.2012056785707212   0.003597091279007287
358.5   2.210835719171964   0.0036074873784969668
358.75   2.2202226735335593   0.0036176803105571723
359.   2.229367194620068   0.003627865299125912
359.25   2.238260854671177   0.003638162793774964
359.5   2.246915709633189   0.003648883867829394
359.75   2.255335032866533   0.00366026985944313
360.   2.2635218990661916   0.0036725680827510653
360.25   2.2714538188878737   0.0036883230341402543
360.5   2.279168812916165   0.0037046091300407874
360.75   2.2866798221840567   0.003720745135118628
361.   2.2939998226152154   0.0037360326613656695
361.25   2.301169386449348   0.003747433014546731
361.5   2.3081632184255008   0.0037574464007516756
361.75   2.3149830961582687   0.0037662809909504574
362.   2.3216306146706343   0.003774149667176062
362.25   2.328091581363901   0.003780265645396418
362.5   2.334388994569246   0.003786246723137819
362.75   2.3405303202295675   0.003792734049104008
363.   2.346522970883911   0.0038003830954766254
363.25   2.3524083083143297   0.0038129984688129452
363.5   2.3581462441091796   0.0038269041678716032
363.75   2.3637302043302797   0.003841506880716288
364.   2.369153383699506   0.003856198121924876
364.25   2.374384721978758   0.0038702024710331262
364.5   2.3794505028796182   0.0038830898842155395
364.75   2.384353011622533   0.003894276024703849
365.   2.389094431196149   0.003903167721133229
365.25   2.393657742074654   0.0039047959975689853
365.5   2.3980715348030905   0.00390463478044616
365.75   2.4023455265652567   0.003903849332347292
366.   2.406489484046046   0.003903625498755907
366.25   2.410541430778384   0.003909339486404906
366.5   2.414471901553367   0.003916407668065634
366.75   2.418279329711604   0.003924372007569035
367.   2.421962043596761   0.003932765972851485
367.25   2.4254969315355766   0.003940250126197649
367.5   2.4289118770139226   0.003947545329404452
367.75   2.432213590317205   0.0039545142032056
368.   2.435408800219358   0.0039610176291371285
368.25   2.4385237497360217   0.003966190841627328
368.5   2.4415380247055043   0.003970900163127746
368.75   2.444450472057478   0.003975296891835158
369.   2.447259848812915   0.003979535286058353
369.25   2.44996873234185   0.003984518230113894
369.5   2.4525702652467474   0.003989368441544161
369.75   2.455061346082552   0.00399394252677005
370.   2.457438762071839   0.00399809350132505
370.25   2.4596927060727927   0.004000719222453103
370.5   2.4618287889789086   0.0040029910041527285
370.75   2.4638461228208217   0.004005141023893859
371.   2.4657437567410927   0.0040074050039385686
371.25   2.467462549666471   0.004011989313472212
371.5   2.4690824925418626   0.004016393454159724
371.75   2.4706261037610817   0.004020062934573645
372.   2.472116153923296   0.0040224359488744135
372.25   2.4736689371905087   0.004019593112169791
372.5   2.4751776147400495   0.004015630816326736
372.75   2.476627775532466   0.004011328891909748
373.   2.4780047744229554   0.00400747798714156
373.25   2.47925039950755   0.004007772127046469
373.5   2.4804100370131525   0.004008990384574692
373.75   2.4814859284463306   0.004010777400357552
374.   2.4824802763832166   0.004012771714198982
374.25   2.4833911345368644   0.00401321685828425
374.5   2.4842262917171682   0.004013675242722523
374.75   2.484989600758535   0.004014334694001195
375.   2.4856849703962425   0.0040153860753462745
375.25   2.486329344084386   0.004018544072188717
375.5   2.486908698180491   0.0040218849687186945
375.75   2.4874217508720173   0.004024989285825687
376.   2.4878671470927864   0.004027431924484037
376.25   2.4882327484016007   0.004026336680505813
376.5   2.4885319744994927   0.004024678838523
376.75   2.4887676414014495   0.004023010857145209
377.   2.4889425737554305   0.00402189210513635
377.25   2.4890681579405576   0.004024471820114924
377.5   2.4891353080466128   0.004027718990310949
377.75   2.4891433951571917   0.0040311645365423325
378.   2.4890917535288835   0.004034333848025084
378.25   2.4889699193108266   0.0040350347566268175
378.5   2.488790761737724   0.004035171657558338
378.75   2.488557488624476   0.00403494756394672
379.   2.4882733323311808   0.0040345672284347
379.25   2.48794154951504   0.004034237142351002
379.5   2.4875654208850744   0.004034165551106576
379.75   2.487148250959436   0.0040345624862592674
380.   2.486693367825446   0.00403563981454526
