310.   0.086228796921189   0.00010513761553097944
310.25   0.08616968227597868   0.00010507159772074995
310.5   0.08611382518369441   0.00010499935146594659
310.75   0.08606104837646064   0.00010492295345624815
311.   0.08601117324395774   0.00010484454117925335
311.25   0.08596401979343204   0.00010476629871483243
311.5   0.08591940660838814   0.000104690445485452
311.75   0.08587715080590558   0.00010461922807172197
312.   0.08583706799252208   0.00010455491522165972
312.25   0.08579805568030129   0.00010451196123019866
312.5   0.08576120530354304   0.00010447570893103945
312.75   0.08572669943421145   0.0001044435568912719
313.   0.08569472329317579   0.00010441286659620353
313.25   0.08566610389500198   0.00010437564829282668
313.5   0.08564014036583673   0.00010433662140958857
313.75   0.08561676704647449   0.0001042952171053197
314.   0.08559591813873571   0.0001042508558275091
314.25   0.0855768035486904   0.00010419406283482348
314.5   0.08556036744822484   0.00010413676422382528
314.75   0.08554683768969376   0.00010408197326455358
315.   0.08553644571227922   0.00010403268525715538
315.25   0.08553024526921779   0.0001040050785090361
315.5   0.08552733351006862   0.00010398389465545668
315.75   0.08552762076838123   0.00010396693251179776
316.   0.0855310170981404   0.00010395191431453671
316.25   0.08553677049201375   0.0001039368373468501
316.5   0.08554571337842974   0.0001039188017481979
316.75   0.08555802403681359   0.00010389528673077757
317.   0.08557388416349299   0.00010386375637290489
317.25   0.08559427155434485   0.0001037933635718305
317.5   0.08561826998203617   0.00010372108673013546
317.75   0.08564574969136211   0.00010365576549652776
318.   0.08567658024431911   0.00010360628157969958
318.25   0.08570982613257601   0.00010362081587399234
318.5   0.0857464769246819   0.00010365368604815929
318.75   0.08578672758667352   0.00010369819754409257
319.   0.08583077727333799   0.00010374756658171137
319.25   0.085878983132652   0.0001037775452401869
319.5   0.08593133906501504   0.00010380535309050344
319.75   0.08598799523101776   0.00010383097648215008
320.   0.08604910572340319   0.00010385440275356583
320.25   0.08611519678221483   0.00010388321881426297
320.5   0.08618591796840877   0.00010390683438692733
320.75   0.08626128608689136   0.00010392212754059585
321.   0.08634132011604596   0.00010392593354774126
321.25   0.08642640144741737   0.00010386896056020068
321.5   0.0865160519629872   0.00010381258631455697
321.75   0.08661015078245188   0.00010377233446819277
322.   0.0867085771038945   0.00010376379892812695
322.25   0.08681019449249472   0.0001038714103003479
322.5   0.08691629724509903   0.00010401534704066063
322.75   0.08702718010923224   0.00010418398398161414
323.   0.08714314563276616   0.00010436549346101342
323.25   0.08726489310767854   0.0001045032595893959
323.5   0.08739220070729081   0.00010464703346243687
323.75   0.08752523770876114   0.0001048025337307697
324.   0.08766417974732954   0.0001049755851761697
324.25   0.08780921815249676   0.00010520814363052825
324.5   0.08796052974823201   0.00010545615047477171
324.75   0.08811830762004812   0.00010571104303374496
325.   0.08828275258968078   0.00010596407827823824
325.25   0.0884543101494102   0.00010617336506914972
325.5   0.08863286872803922   0.00010637566777986359
325.75   0.0888185579797457   0.00010657522428116274
326.   0.08901151506706781   0.00010677636744752534
326.25   0.08921158956070652   0.000106986438200035
326.5   0.08941934617604695   0.00010720592878469664
326.75   0.08963506881731984   0.00010743826905459959
327.   0.08985905366306275   0.00010768696037835193
327.25   0.09009158789821722   0.00010797126140953108
327.5   0.09033302512402948   0.00010827302554009459
327.75   0.09058371205332999   0.00010858957678710827
328.   0.09084401119905608   0.0001089181896307327
328.25   0.09111486894600374   0.00010924658203567063
328.5   0.09139589423324725   0.00010958513527427941
328.75   0.09168726956150329   0.00010993486728022783
329.   0.09198919166958724   0.00011029682824239198
329.25   0.09230095390953541   0.00011066757282365331
329.5   0.09262406096106278   0.0001110545183848184
329.75   0.09295913815102425   0.00011146071379184503
330.   0.09330684023038373   0.00011188930929931859
330.25   0.09366859947152255   0.00011236534165979606
330.5   0.0940440999600205   0.00011286197045993843
330.75   0.09443378910602554   0.00011337366885807933
331.   0.09483814398467734   0.00011389475464791765
331.25   0.09525782340603614   0.00011440323878902372
331.5   0.09569316318791915   0.00011491553761942084
331.75   0.09614468215509019   0.00011543220372834323
332.   0.09661293756244545   0.0001159538387030138
332.25   0.0970976553493605   0.00011647852799608959
332.5   0.09760069036737672   0.0001170106039327637
332.75   0.09812309951608209   0.0001175519037033751
333.   0.09866600615985571   0.00011810432776054091
333.25   0.09923112605097256   0.00011865726598300817
333.5   0.09981901320731805   0.00011923017198724523
333.75   0.10043081112125879   0.00011983040983599158
334.   0.1010677491640371   0.00012046563788834724
334.25   0.10173100174553192   0.0001211213124698098
334.5   0.10242220261429724   0.00012183703437831013
334.75   0.103142955710535   0.00012263097404013518
335.   0.10389499363903315   0.00012352215424621485
335.25   0.10468062445172124   0.00012468875471485777
335.5   0.10550128199059579   0.00012593383832701542
335.75   0.10635899174591437   0.00012721294755654614
336.   0.10725596590354856   0.00012847931048869075
336.25   0.1081942370922474   0.00012945060152511377
336.5   0.1091769959191307   0.00013039787788913902
336.75   0.11020732430107576   0.00013136658627638676
337.   0.11128860902250691   0.00013240432896291268
337.25   0.11242519058529782   0.00013372028016992365
337.5   0.11362035148809223   0.00013514746652436616
337.75   0.11487839833155077   0.00013667415462369749
338.   0.11620412971008509   0.00013828830105910134
338.25   0.11760057582461367   0.00013991410766005743
338.5   0.11907695668692761   0.00014162600008642674
338.75   0.1206410403317583   0.00014343805811871808
339.   0.12230153751463248   0.0001453657847515396
339.25   0.12407129070157022   0.00014747115204399798
339.5   0.12595723935493802   0.0001497118078926388
339.75   0.12797067715508692   0.00015208962009112697
340.   0.13012458595830315   0.0001546075414244023
340.25   0.13243238774883193   0.00015720293645467092
340.5   0.13491364662156105   0.00015997314794958376
340.75   0.13758939621386987   0.000162955551343513
341.   0.14048429754624836   0.0001661928181083779
341.25   0.14362782565566273   0.00016978175115427545
341.5   0.14705407474688806   0.00017371487108799533
341.75   0.15080430168243905   0.00017803790238564099
342.   0.1549283025893993   0.00018280630205495368
342.25   0.1594867438824385   0.00018808317430128632
342.5   0.16455378924265976   0.0001939581303136786
342.75   0.17022117221580338   0.0002005366662951891
343.   0.1766029832748484   0.00020795014368176976
343.25   0.18384133127570668   0.00021636222026346952
343.5   0.19211505200153034   0.00022597919818678644
343.75   0.20164591097234658   0.0002370567930691484
344.   0.21270455855771297   0.0002499068480456819
344.25   0.22560962629128647   0.0002648380841318685
344.5   0.24070313290815248   0.00028231652162822885
344.75   0.25830136086097577   0.0003027310170348784
345.   0.2786021292304663   0.0003263385567801099
345.25   0.30157768870814317   0.00035328753995965526
345.5   0.3269284189911904   0.00038309345629053805
345.75   0.35412551132791725   0.00041511913234185046
346.   0.38254220390999666   0.0004486015828781026
346.25   0.41158764383746094   0.0004827953675219858
346.5   0.440770289169372   0.0005170835376114773
346.75   0.4697288680456075   0.0005509806112191509
347.   0.49821560236307905   0.0005841229294075647
347.25   0.5260650307080148   0.0006158218953627467
347.5   0.5531903608526869   0.0006464245170985048
347.75   0.5795440425209515   0.0006759843838934192
348.   0.6051086515740236   0.0007046147667489239
348.25   0.6298892961510391   0.0007329838810936494
348.5   0.6538972514467314   0.0007606069704942395
348.75   0.6771539830651756   0.0007874633462348566
349.   0.6996854054986106   0.0008135264639755291
349.25   0.7215277541319889   0.0008383804294817476
349.5   0.7426994324196246   0.0008624967724133581
349.75   0.7632259371792481   0.0008860006692822525
350.   0.7831318550463586   0.0009090261254884242
350.25   0.8024276978951996   0.0009323234128372522
350.5   0.8211528275875664   0.000955218773687104
350.75   0.8393334935671677   0.0009775925777088447
351.   0.8569949234316676   0.0009993060777719299
351.25   0.8741663928985144   0.0010195892272587468
351.5   0.890864171937185   0.0010391049632498032
351.75   0.907108233005459   0.001057938538552566
352.   0.9229174636149562   0.0010761806803955608
352.25   0.9383148623138363   0.0010941321121536003
352.5   0.9533102985453833   0.0011116127373423511
352.75   0.9679175245018967   0.001128638388659145
353.   0.982149306177312   0.0011452236936734471
353.25   0.9960049985416948   0.0011615487172728554
353.5   1.0095127327542954   0.0011773971337027342
353.75   1.0226880913194405   0.0011927082186374684
354.   1.035546212591346   0.001207416215481995
354.25   1.0481269361064682   0.0012207882586335193
354.5   1.0604100551472935   0.0012336632754529418
354.75   1.0723988009773544   0.0012462461654811868
355.   1.0840955340615368   0.001258751053844616
355.25   1.09546826692914   0.0012723402947707632
355.5   1.1065639821519109   0.0012859526785790707
355.75   1.1173969825780572   0.0012994317394947723
356.   1.127981533009775   0.0013126110009293109
356.25   1.1383650170421897   0.0013248248658955344
356.5   1.1485158854240534   0.0013365630373840221
356.75   1.1584343134571315   0.0013478385824802173
357.   1.1681198835028046   0.0013586649588692014
357.25   1.1775410601704237   0.0013688824041629454
357.5   1.1867385634175078   0.0013787458848955186
357.75   1.195723231499091   0.001388343441068502
358.   1.2045059098706248   0.0013977659911941923
358.25   1.2131143619312352   0.0014074530116931876
358.5   1.2215360655598386   0.0014170225301784246
358.75   1.2297748246484135   0.0014264293973788185
359.   1.2378342151824175   0.001435626128145796
359.25   1.245718290191962   0.0014444949776390862
359.5   1.2534292404158338   0.0014530780329975546
359.75   1.2609697306353795   0.0014613495266358727
360.   1.268342227704932   0.001469282614027376
360.25   1.2755390318082303   0.001476503626847701
360.5   1.2825760732834404   0.0014834644432336248
360.75   1.2894594353026525   0.0014902793919780535
361.   1.296195164561816   0.001497065656414567
361.25   1.3028002292036862   0.001504426597072355
361.5   1.3092654151703442   0.0015118150498982183
361.75   1.3155921260816614   0.0015191572972623648
362.   1.3217816093745287   0.0015263768107831462
362.25   1.3278286168377378   0.0015331272533503598
362.5   1.3337429095440845   0.0015396973546636598
362.75   1.3395279315363426   0.001546113521202103
363.   1.3451870640647043   0.0015524027127779157
363.25   1.3507302114440511   0.0015589461421525936
363.5   1.3561514948718454   0.001565280780640458
363.75   1.3614514008673224   0.0015712887262413666
364.   1.3666302942817063   0.0015768488243604326
364.25   1.371679238797116   0.0015810297824097254
364.5   1.3766111293286103   0.0015848306110309005
364.75   1.3814297812970948   0.0015884551522126805
365.   1.386138995260284   0.0015921103198005778
365.25   1.3907462545403266   0.0015966687848502656
365.5   1.39525019524134   0.0016014230255622897
365.75   1.399653057315077   0.0016063209920606123
366.   1.4039570357632183   0.0016113092465987286
366.25   1.4081656191085374   0.0016164168771359364
366.5   1.412279058533667   0.0016214699026649425
366.75   1.416298874152506   0.001626375466893796
367.   1.4202265356306794   0.0016310385151398759
367.25   1.4240649431508048   0.0016349999751526178
367.5   1.4278134123124486   0.0016386642592300616
367.75   1.431472663141369   0.0016420785046573616
368.   1.4350433588391573   0.0016452906922745265
368.25   1.4385217443076956   0.0016484331142467227
368.5   1.441914445981462   0.0016514400753984805
368.75   1.4452237568411348   0.0016543283587705847
369.   1.4484519544667585   0.0016571147303001126
369.25   1.4515975174162419   0.0016598496859818053
369.5   1.4546679628346135   0.0016625037676773343
369.75   1.457667077745417   0.0016650810086286144
370.   1.4605986657115193   0.0016675853399488278
370.25   1.4634839152300587   0.0016699460306047085
370.5   1.4663024785796388   0.001672270818636021
370.75   1.4690510976594213   0.0016745939166796162
371.   1.4717264034238178   0.0016769498424188205
371.25   1.474309431396867   0.0016795884225916124
371.5   1.4768181670870484   0.0016822454251158932
371.75   1.4792552564121981   0.001684868986425514
372.   1.4816233517234982   0.001687406267979997
372.25   1.4839301052880218   0.001689575060224569
372.5   1.486171226519679   0.001691638855200364
372.75   1.4883473474335718   0.0016936352754557936
373.   1.4904590734274814   0.001695602508287242
373.25   1.492509085505   0.001697860438977048
373.5   1.4944950094499068   0.0017000565267449965
373.75   1.4964165166186927   0.0017021158865354593
374.   1.4982732406882846   0.0017039624306840458
374.25   1.5000535446404621   0.00170493686088433
374.5   1.5017726453510676   0.0017057725232840417
374.75   1.503434650857324   0.001706627084228453
375.   1.5050437040543083   0.0017076603353304528
375.25   1.5066179654837377   0.0017097894162084767
375.5   1.5081421551654999   0.0017121261287303343
375.75   1.509614818348954   0.0017145297837166977
376.   1.5110344504862243   0.0017168574912553582
376.25   1.5123881101216952   0.001718524615268353
376.5   1.5136900724443296   0.0017199968599860749
376.75   1.5149433275199962   0.00172130348354543
377.   1.516150884200131   0.0017224738561980144
377.25   1.5173246045847253   0.0017235011680572848
377.5   1.5184552158194933   0.001724466016193034
377.75   1.5195421859378464   0.0017254139849885862
378.   1.5205849524575252   0.001726391300473889
378.25   1.5215792482418946   0.001727871293415778
378.5   1.5225295760599957   0.0017293064994232967
378.75   1.523436779973974   0.0017305713185414742
379.   1.5243016951438653   0.0017315384462135454
379.25   1.5251251480425683   0.0017320789665219618
379.5   1.5259079566641305   0.0017320624870611398
379.75   1.5266509307254847   0.0017313573178914983
380.   1.5273548718619856   0.0017298306978815584
