310   0.00002504230162866154   1.4951512826576822e-7
311   0.000024680369840215962   1.4649645356430123e-7
312   0.000024292638418297533   1.445321752829802e-7
313   0.00002392606994505981   1.4260835676168334e-7
314   0.000023562904065066495   1.4117419090902506e-7
315   0.000023217018977285063   1.4007623204133347e-7
316   0.000022866128523081505   1.38385120856923e-7
317   0.000022531088502766878   1.3711332230422244e-7
318   0.000022194569894054065   1.3570618194804378e-7
319   0.000021861144413935627   1.3398130665885027e-7
320   0.000021527626772152004   1.3217928834184992e-7
321   0.000021210828147373206   1.301171461457395e-7
322   0.000020896615041404214   1.2859439151696169e-7
323   0.000020590296235855735   1.2709705196293587e-7
324   0.000020272322076634356   1.2566135793556197e-7
325   0.00001997509315940901   1.2425747367503652e-7
326   0.00001968133624806805   1.229891991572785e-7
327   0.000019390029043333736   1.2076480473989647e-7
328   0.000019106576010580528   1.1928357843441972e-7
329   0.00001883357430159967   1.1682892033829471e-7
330   0.000018561634831365997   1.1511341366394631e-7
331   0.000018288319764664442   1.1388885458574853e-7
332   0.00001802027035966795   1.1282298580421239e-7
333   0.000017745586070512427   1.1198758508206207e-7
334   0.000017487339754997296   1.1075692708473763e-7
335   0.000017234519060697704   1.0949321704393156e-7
336   0.00001698685802140173   1.0842677975892654e-7
337   0.0000167461967593496   1.0642811232059669e-7
338   0.000016506672828089952   1.0521544986467975e-7
339   0.000016270377459473154   1.0404646818824127e-7
340   0.00001603767416941657   1.0274386451952498e-7
341   0.000015801082212013246   1.0159027476054118e-7
342   0.00001557303187084412   1.0039746389671837e-7
343   0.00001535059380743427   9.943838193375345e-8
344   0.000015132040962836195   9.798061063073588e-8
345   0.000014919958524548918   9.701907080668058e-8
346   0.000014703979451403135   9.609431451262156e-8
347   0.000014503748231246367   9.419205186737886e-8
348   0.000014294589092047023   9.340391122549875e-8
349   0.00001409261960985786   9.195006787347782e-8
350   0.000013887692160622259   9.07822730969358e-8
351   0.000013696140322791607   8.915002032022142e-8
352   0.000013505259384161396   8.792898082523757e-8
353   0.0000133186272491813   8.778207894877284e-8
354   0.000013131351343315229   8.655776162299635e-8
355   0.000012949820638624193   8.568601272424588e-8
356   0.00001277579763601745   8.526762680919962e-8
357   0.000012593870362752647   8.418516134853273e-8
358   0.000012419108649121337   8.332874648062874e-8
359   0.000012245344122451047   8.262864240703884e-8
360   0.000012075277416291982   8.16312295312935e-8
361   0.000011906793427429666   8.067863604872375e-8
362   0.000011741320807404687   7.943481079984447e-8
363   0.000011576983212069602   7.820826421321753e-8
364   0.000011419759257408181   7.738708807470513e-8
365   0.000011263985647210804   7.663470761918031e-8
366   0.000011106367878885986   7.55033740611468e-8
367   0.000010951674659703682   7.442409966161513e-8
368   0.00001079403274555636   7.403426897598488e-8
369   0.000010646382083921135   7.337722453987191e-8
370   0.000010502931250587762   7.278738094452507e-8
371   0.00001035877806076891   7.178767156502014e-8
372   0.000010217197591113417   7.109405615022478e-8
373   0.000010077962218917161   7.02265594476922e-8
374   9.940073242550134e-6   6.951692345192326e-8
375   9.800270580213486e-6   6.835760441337488e-8
376   9.666084299001294e-6   6.758297859211472e-8
377   9.537055769410556e-6   6.681305266080417e-8
378   9.405490263122128e-6   6.617470778223725e-8
379   9.279520895132106e-6   6.555531427976962e-8
380   9.153753391564565e-6   6.47593976230599e-8
