310.   0.07438427471872336   0.00030903379891227434
310.25   0.07432001410784783   0.00030767148739218583
310.5   0.07425417496671018   0.0003066874573835092
310.75   0.07418737487969583   0.0003060230061399496
311.   0.07412023806013011   0.0003056188416330223
311.25   0.07405339555538133   0.00030541506441020955
311.5   0.0739874854593799   0.00030535114880596265
311.75   0.07392315313288843   0.0003053659234765361
312.   0.0738610514318751   0.0003053975512281013
312.25   0.07380410633341469   0.00030514986969295833
312.5   0.073749825169679   0.00030488567683167634
312.75   0.07369796580941956   0.0003046357821263266
313.   0.0736482838493811   0.0003044313514838568
313.25   0.07359911142761917   0.0003043817712820569
313.5   0.07355218221402292   0.00030441033011155335
313.75   0.07350782133172329   0.00030451773615971844
314.   0.07346635836602765   0.0003047047172356625
314.25   0.07343008454443418   0.0003051066838810413
314.5   0.07339660863481011   0.0003055365414392714
314.75   0.07336547977378359   0.0003059403937072773
315.   0.07333624209886948   0.0003062636721098511
315.25   0.07330668328910703   0.00030620703129179643
315.5   0.07327877979558746   0.00030605494956585324
315.75   0.07325277138816273   0.0003058498856252845
316.   0.07322890155910272   0.0003056348428534878
316.25   0.07320732406315951   0.00030554087396246103
316.5   0.07318842077346793   0.0003054901180734741
316.75   0.07317248523241292   0.00030549175540463497
317.   0.07315981580146869   0.0003055550999177851
317.25   0.07315220482757992   0.0003057889997244887
317.5   0.0731478845946952   0.00030606445295894085
317.75   0.0731465631225869   0.00030635075857296735
318.   0.0731479452606532   0.0003066167856984721
318.25   0.07314990811526817   0.0003067158062031647
318.5   0.07315469344277689   0.00030677632055874993
318.75   0.07316273887667676   0.0003068127037336488
319.   0.07317448963438984   0.00030683954151632006
319.25   0.07319203956171998   0.00030691544094715476
319.5   0.07321356294115426   0.0003069943786053152
319.75   0.07323886087730248   0.00030707377037829826
320.   0.07326773275836053   0.00030715099510358136
320.25   0.07329965366999207   0.0003071637635543746
320.5   0.07333486887104103   0.0003071924753824566
320.75   0.0733733038210248   0.0003072587137260893
321.   0.07341488420773339   0.0003073844222304428
321.25   0.07345798505867843   0.00030768471511599264
321.5   0.07350469343589644   0.00030805301282020727
321.75   0.0735555691131327   0.00030847454296114023
322.   0.07361118323664813   0.00030893429702246773
322.25   0.07367611708188558   0.00030932885828757056
322.5   0.07374539677169908   0.0003097655196357963
322.75   0.07381799647375932   0.00031026453726528015
323.   0.07389287392809955   0.00031084654935044777
323.25   0.0739621777005787   0.0003116645826645753
323.5   0.07403428885840828   0.0003125562879054428
323.75   0.07411089072836399   0.0003134895462789613
324.   0.07419370090856496   0.0003144316505661168
324.25   0.07429053771044059   0.00031523412129101885
324.5   0.07439474900874816   0.00031602330834364025
324.75   0.07450568053244891   0.0003168117504422592
325.   0.07462266854591218   0.0003176122444304358
325.25   0.07474238608352794   0.0003185899741336274
325.5   0.07486784191609672   0.00031954659042467685
325.75   0.07499942986700046   0.00032043333980276103
326.   0.07513755605189565   0.0003212004328524999
326.25   0.07528381356992406   0.00032144342097574816
326.5   0.0754370018835464   0.000321602175693358
326.75   0.07559708588664064   0.00032176873469640213
327.   0.07576403468641595   0.0003220372040495242
327.25   0.0759363833516924   0.000322935221273245
327.5   0.0761161108776556   0.00032396149618679114
327.75   0.07630379287519358   0.00032503952176058277
328.   0.07650002497766695   0.0003260910085426223
328.25   0.07670770923756484   0.0003266936268907482
328.5   0.0769243085585664   0.00032724084060704493
328.75   0.0771495442760774   0.0003277894481101654
329.   0.07738313865695845   0.0003283977046495995
329.25   0.07762313453164635   0.00032928439921417913
329.5   0.07787159160106194   0.00033029006682334494
329.75   0.07812893045280575   0.00033141219887476193
330.   0.07839559296584413   0.000332648294180831
330.25   0.07867152115411548   0.0003340090627819964
330.5   0.07895792999251446   0.0003354736912709917
330.75   0.07925555135280546   0.00033703424602042056
331.   0.07956515188475838   0.0003386826448702124
331.25   0.07988860098745436   0.0003404141556486212
331.5   0.08022526448376675   0.0003422155077755568
331.75   0.08057558776288101   0.0003440766665198561
332.   0.08094004863074361   0.0003459873648597046
332.25   0.08131968147184541   0.0003479170991404212
332.5   0.08171431439873383   0.00034988281367130084
332.75   0.08212432305814965   0.00035188177521493637
333.   0.08255012070944501   0.00035391124639297633
333.25   0.082989701842623   0.00035592353126632836
333.5   0.08344697424274967   0.00035797818038744305
333.75   0.08392351443281718   0.00036009123854714985
334.   0.08442099293835012   0.00036227948202797495
334.25   0.08494293622820297   0.00036456576515217986
334.5   0.08548880370369664   0.00036696121685837713
334.75   0.08605986985677956   0.0003694830102695298
335.   0.0866575141217277   0.00037214926270758675
335.25   0.08728410223200762   0.0003750809705781048
335.5   0.08794005550935495   0.0003781576340706393
335.75   0.08862677481367794   0.00038135789937551506
336.   0.08934580327605333   0.0003846597855119469
336.25   0.09009717896008605   0.00038789039006925717
336.5   0.09088508058362656   0.00039123373398941417
336.75   0.09171229567540969   0.0003947292948959649
337.   0.09258187615705338   0.0003984190532492241
337.25   0.09349862196420526   0.0004024600833685296
337.5   0.09446422466981352   0.00040674556690191443
337.75   0.09548213948679882   0.0004112790576747441
338.   0.09655622353979733   0.00041606523403285236
338.25   0.09768876001966263   0.00042106362010059555
338.5   0.09888739666084914   0.00042634559750543614
338.75   0.10015847389753661   0.0004319404468250726
339.   0.10150910771657488   0.00043788092887413915
339.25   0.1029512166970113   0.00044419017909232855
339.5   0.10448853763038969   0.00045092851368287723
339.75   0.10612970307416025   0.00045814904254509395
340.   0.10788468616131079   0.00046591198729623316
340.25   0.10975901573651846   0.00047439198630936177
340.5   0.11177444362465203   0.00048352323900698263
340.75   0.11394946820146479   0.0004933500062175084
341.   0.11630569157512419   0.0005039267308122157
341.25   0.11887318191712694   0.000515150698021063
341.5   0.12167570742727883   0.0005273347477935393
341.75   0.12474709892948795   0.0005406574301924156
342.   0.12812823806192536   0.0005553314398734731
342.25   0.13186846477896216   0.0005716953420575739
342.5   0.1360294872452843   0.0005899483628114042
342.75   0.14068707094406901   0.0006104324788675691
343.   0.145935487292015   0.0006335727645683846
343.25   0.1518889146414569   0.0006600471855729685
343.5   0.1586994862261581   0.0006903253002203642
343.75   0.16655199664685333   0.0007251612198735918
344.   0.17567174941396552   0.0007654747243375521
344.25   0.18633269096616004   0.0008119402506669552
344.5   0.19880648157203956   0.0008662087291659488
344.75   0.21334892985871987   0.0009294915511433151
345.   0.23011403690332846   0.001002588666223436
345.25   0.24904520013403444   0.0010864852980853282
345.5   0.26990445140717356   0.0011790426320618887
345.75   0.29225112304405376   0.0012780370616667339
346.   0.31556983402340605   0.0013807963533935
346.25   0.3394091768787904   0.0014825137897174906
346.5   0.3633407231367095   0.0015835669549404763
346.75   0.3870674356804433   0.0016831153708162354
347.   0.41038475686276554   0.0017808847395557803
347.25   0.4331417629397876   0.001879445991174296
347.5   0.45527973644242387   0.0019762410589643366
347.75   0.4767604425602379   0.0020709068680717447
348.   0.49756985821667693   0.002163114796140572
348.25   0.5177143462291357   0.0022516623526283876
348.5   0.537199391345582   0.0023373702343511805
348.75   0.5560404912745154   0.002420281483004544
349.   0.5742563369949358   0.002500451198464107
349.25   0.5918429658384161   0.00257797406629257
349.5   0.6088535439481881   0.0026528633231973297
349.75   0.6253196113097679   0.0027251600860538324
350.   0.6412731205057242   0.002794899192027336
350.25   0.6567776393884938   0.0028616118329704127
350.5   0.6718222993133117   0.0029259919133798567
350.75   0.6864245280507141   0.002988276371677124
351.   0.700600240271088   0.003048713670760771
351.25   0.7143621034808033   0.0031070173209262553
351.5   0.7277255403826706   0.0031642015421250724
351.75   0.7407029836289896   0.003220788135618345
352.   0.7533056293471558   0.0032773262310079264
352.25   0.7655241623697912   0.0033379809570440984
352.5   0.7773940013727451   0.0033984356963001005
352.75   0.7889315088887463   0.0034577422670005855
353.   0.8001526217416413   0.0035148738801555933
353.25   0.8110760041261917   0.0035642899896404776
353.5   0.8217125695046308   0.003610912950150336
353.75   0.8320758404314793   0.003655422030452001
354.   0.8421789710614189   0.0036985403250326433
354.25   0.8520581356022021   0.0037425857305314262
354.5   0.8616936868625724   0.0037862269423949504
354.75   0.8710878206997189   0.0038296426807135965
355.   0.8802419578407088   0.0038730153358401158
355.25   0.8891399389148944   0.00391832948525951
355.5   0.897804982725838   0.003963294236091533
355.75   0.9062435943116683   0.0040073359051106105
356.   0.9144619821081214   0.004049848479284886
356.25   0.9224550289068364   0.004087459662480626
356.5   0.930243664914254   0.004123279446668097
356.75   0.937837999419505   0.004157770057859141
357.   0.9452481124538605   0.004191414665577409
357.25   0.9524965794222476   0.0042265689179319796
357.5   0.9595761368856753   0.004261194866327026
357.75   0.9664915453030186   0.004295054076955563
358.   0.9732473579547218   0.00432789631539749
358.25   0.9798594115671354   0.0043582654912682145
358.5   0.9863159876818893   0.004387542208221344
358.75   0.9926162634995521   0.0044159443326385606
359.   0.9987590760672773   0.004443697321284131
359.25   1.0047271102542217   0.004471595975972289
359.5   1.0105404869140977   0.004499101809962591
359.75   1.0162037172434109   0.004526226914271629
360.   1.0217212414477281   0.00455298241014596
360.25   1.0270861892434449   0.0045799623576092754
360.5   1.0323184636030258   0.004606366486347761
360.75   1.037427007000673   0.004631959807664281
361.   1.04242085402897   0.004656498929243306
361.25   1.0473405499546236   0.004678275567954045
361.5   1.0521517211505798   0.004699051302467969
361.75   1.0568506166755103   0.004719164386157729
362.   1.0614331973785134   0.004738963093209879
362.25   1.0658651738512124   0.00475996566662876
362.5   1.0701835638409813   0.004780929080616578
362.75   1.0743959420636762   0.004801749216465482
363.   1.0785099660940107   0.004822317985743019
363.25   1.082557547450531   0.004842068770978332
363.5   1.086512933022903   0.004861517357606083
363.75   1.090374024137871   0.004880732439720927
364.   1.0941385459501842   0.004899783937025014
364.25   1.0978038504630316   0.0049197150229513785
364.5   1.1013676054296022   0.004939247167378673
364.75   1.1048271192812475   0.004958052413657744
365.   1.1081795445798472   0.004975794214091605
365.25   1.1113926318196328   0.004990789934884364
365.5   1.1145038994421956   0.005004546103450106
365.75   1.117522114072562   0.005017252891612136
366.   1.1204561784014317   0.005029105217073903
366.25   1.1233192031439234   0.005040249916644581
366.5   1.126114691053816   0.0050509644668111555
366.75   1.128850264354359   0.005061479182182438
367.   1.13153363703182   0.005072029241904447
367.25   1.1342172365835823   0.005083399653058184
367.5   1.1368468744536924   0.005095076736036777
367.75   1.1394121944768674   0.005107085731028933
368.   1.1419025485421859   0.005119451764564494
368.25   1.1442626006573813   0.005132214439335948
368.5   1.1465429308304305   0.0051453783725256205
368.75   1.1487502731601555   0.005158962394345133
369.   1.1508914510802157   0.005172985122996919
369.25   1.1530054528364284   0.005189148703926194
369.5   1.1550546225762905   0.0052051274124744135
369.75   1.157032895680622   0.0052202490822771865
370.   1.1589340451873595   0.005233828401620845
370.25   1.1607138984723506   0.005241149509906671
370.5   1.162418529991854   0.005247095948700094
370.75   1.164056716101948   0.005252589365067106
371.   1.1656373603711414   0.005258568652389688
371.25   1.167188688085381   0.005270517710876756
371.5   1.168693114499332   0.0052831023205514305
371.75   1.170152061618197   0.005295459284091162
372.   1.1715669365130374   0.0053067097415355055
372.25   1.1729718554660833   0.005311897302609537
372.5   1.174322608946085   0.005315771615604561
372.75   1.1756071900306007   0.005319068301386493
373.   1.1768133588593588   0.005322535612945014
373.25   1.1778544492428027   0.005330110491767454
373.5   1.1788211548878655   0.005338139997447805
373.75   1.1797308529941692   0.005346112299906823
374.   1.1806011807511638   0.005353506962574284
374.25   1.181499988055173   0.005357679958279199
374.5   1.1823757964184436   0.005361041856467841
374.75   1.1832266206164663   0.005363910036358747
375.   1.1840504113916162   0.005366606869042101
375.25   1.1848486988620082   0.005369964416609801
375.5   1.1856142320148522   0.005373611179563172
375.75   1.1863432915720666   0.005377678294304708
376.   1.1870320769859148   0.0053822985946866
376.25   1.187666753034666   0.005388749300994386
376.5   1.1882572392550876   0.005395573432532655
376.75   1.1888035540509483   0.005402443316362494
377.   1.1893056966053581   0.0054090263557646364
377.25   1.1897559358478074   0.005413514704594512
377.5   1.1901649863465225   0.005417616444040047
377.75   1.1905359307631909   0.005421583162158609
378.   1.1908718763941617   0.005425669892707771
378.25   1.1911653791603893   0.005431464723995593
378.5   1.1914343436348636   0.005437375100797401
378.75   1.1916862514462563   0.005443125210177085
379.   1.19192866381023   0.00544843544588329
379.25   1.192169220467229   0.005453022462986657
379.5   1.1924156386402205   0.0054565992313793015
379.75   1.1926757120117462   0.005458875088170343
380.   1.1929573097198354   0.0054595557890106975
