310   0.00008022472259918254   9.46576006861032e-8
311   0.00007913023892207483   9.304846821369857e-8
312   0.00007805073789223787   9.171891065322069e-8
313   0.00007698731594386062   9.074297658049166e-8
314   0.0000759473123845082   8.855029648425202e-8
315   0.00007492491021357411   8.741851043500493e-8
316   0.00007391757792458178   8.637558383703666e-8
317   0.00007292632715450039   8.471184677498673e-8
318   0.0000719518266358137   8.359005069393205e-8
319   0.0000710005172716308   8.245192557629157e-8
320   0.00007005405743949235   8.10980610638366e-8
321   0.00006912929185053677   7.947932460673238e-8
322   0.0000682185448243348   7.830824015669699e-8
323   0.00006731931296719029   7.725191767580007e-8
324   0.00006642542438469251   7.597100872341284e-8
325   0.0000655508688799669   7.497965981756481e-8
326   0.00006468326662261692   7.40131161962114e-8
327   0.0000638233176931766   7.369582301996603e-8
328   0.00006298877206188048   7.289678393684729e-8
329   0.00006216691744666261   7.212991925160769e-8
330   0.00006136892362545436   7.083717464734254e-8
331   0.000060587021188225404   6.922726987370833e-8
332   0.000059801680950589575   6.815385030550651e-8
333   0.00005903150648624149   6.747533130312913e-8
334   0.00005826993215187804   6.739326857146039e-8
335   0.000057526530119142544   6.671476091580938e-8
336   0.000056775123529425354   6.480238452179923e-8
337   0.000056049674939863186   6.383208969045352e-8
338   0.000055320340630746705   6.237556660684829e-8
339   0.00005461651241787952   6.194124834127655e-8
340   0.000053923297011307786   6.124761598557444e-8
341   0.000053240570745904326   6.081568975655579e-8
342   0.00005257189042511275   6.007913865177278e-8
343   0.000051901962238938435   5.914921928313681e-8
344   0.00005124903138971206   5.830553204163714e-8
345   0.00005060348868018913   5.7589684922950346e-8
346   0.0000499750787295366   5.6774630330092814e-8
347   0.00004934659358232119   5.604809409906136e-8
348   0.000048734454438733475   5.457364618171324e-8
349   0.00004812814624566572   5.3861156023991194e-8
350   0.000047533508390204304   5.302321421507583e-8
351   0.000046941706293494336   5.2236874050407526e-8
352   0.00004636070791124034   5.146278010552482e-8
353   0.00004579469611551701   5.093110589561097e-8
354   0.00004522841002937802   5.062318923195206e-8
355   0.00004467708530826919   4.996801585627396e-8
356   0.00004414683489329382   4.903531044167629e-8
357   0.000043610659061562226   4.837787813661762e-8
358   0.00004308011000642273   4.751857472585093e-8
359   0.00004255823253334228   4.695459408774205e-8
360   0.00004204461109418819   4.632628636510526e-8
361   0.00004153459280068234   4.596893007253167e-8
362   0.0000410327960324065   4.5496011042667074e-8
363   0.000040539751002588004   4.5134586092769385e-8
364   0.00004005317645683056   4.460667062222591e-8
365   0.000039575165832791644   4.349546720000695e-8
366   0.000039102331580469204   4.3006588981097375e-8
367   0.00003863594216688105   4.2558520363143244e-8
368   0.000038175655541394245   4.200151954691366e-8
369   0.0000377223636263046   4.155359243329562e-8
370   0.000037275757274097675   4.106229465519896e-8
371   0.000036834073993416124   4.0449881835409485e-8
372   0.00003639910451450815   3.996737156763343e-8
373   0.00003596946621710055   3.901989624044057e-8
374   0.000035546863733568014   3.8357098467495485e-8
375   0.00003513084549513208   3.7864083638634226e-8
376   0.00003471802657192625   3.739571769197404e-8
377   0.00003431334740101306   3.697780864225515e-8
378   0.00003391800031666122   3.656879520645045e-8
379   0.00003352531862895025   3.5947286866343276e-8
380   0.00003313510902030822   3.6033760092842176e-8
