310.   0.07562705191354953   0.00018036769729769773
310.25   0.07556342967750802   0.00018006014495592366
310.5   0.0755006816818789   0.00017999042785700107
310.75   0.07543903958886543   0.00018009569520424697
311.   0.07537873781595224   0.00018031244738792715
311.25   0.07532001362177172   0.00018057651604339356
311.5   0.0752631071951336   0.0001808230433955029
311.75   0.07520826174736167   0.0001809864608572714
312.   0.07515572360808953   0.00018100046684902229
312.25   0.07510666037121767   0.00018037564371196647
312.5   0.07506004381842063   0.00017963353577166047
312.75   0.07501575785074642   0.00017887682670805557
313.   0.07497368554434837   0.00017820937781861025
313.25   0.07493305133250712   0.0001781810394950795
313.5   0.07489465436348444   0.00017827756609981057
313.75   0.07485864206294027   0.00017842606715253218
314.   0.07482516418467713   0.0001785527884731997
314.25   0.07479473208368373   0.000178295735699937
314.5   0.0747669993104919   0.00017798021159946102
314.75   0.07474197722265144   0.00017764638856822252
315.   0.0747196779902809   0.00017733493699696777
315.25   0.07470097369878702   0.0001772091088842456
315.5   0.07468467994862128   0.00017714035534324718
315.75   0.074670462447413   0.00017712134188503615
316.   0.07465798322363203   0.00017714464670428283
316.25   0.07464442411638735   0.0001771584973723526
316.5   0.07463289309586957   0.00017721701555896137
316.75   0.07462404736200058   0.0001773304963742148
317.   0.07461855382957892   0.00017750938351498126
317.25   0.07461921542518479   0.00017788043106394007
317.5   0.07462375513652755   0.0001782924266860537
317.75   0.07463200611830735   0.00017870902650903508
318.   0.07464380025666532   0.00017909337541606283
318.25   0.07465907121501099   0.00017924881695013278
318.5   0.07467750450460606   0.00017935946490639385
318.75   0.0746988859824017   0.00017945167391498687
319.   0.07472299943499927   0.00017955218651084733
319.25   0.07474746077323491   0.00017983319945630776
319.5   0.07477506821247018   0.00018012009126632022
319.75   0.0748064815709783   0.00018038174208569895
320.   0.07484237226507294   0.00018058654809059442
320.25   0.07488659996215713   0.00018051996307095547
320.5   0.07493543440206688   0.00018040360300076527
320.75   0.07498828906415185   0.00018027871520651616
321.   0.07504456954537696   0.00018018721606005592
321.25   0.07510102313769407   0.00018033125147328983
321.5   0.07516073107790978   0.0001805318857452107
321.75   0.07522415548639393   0.00018076807287629608
322.   0.0752917681449191   0.0001810184183863492
322.25   0.07536473334095094   0.00018116200515436764
322.5   0.07544259292676202   0.00018131481924597875
322.75   0.07552557140701181   0.0001814948589753937
323.   0.07561389969189264   0.00018172045393836367
323.25   0.07570930896834101   0.0001820905990933139
323.5   0.07580996402547803   0.00018251248190636222
323.75   0.07591550576398644   0.00018297265134495082
324.   0.0760255710209932   0.00018345741597148316
324.25   0.07613792165815253   0.00018392520078146858
324.5   0.07625479029638568   0.0001844002684642415
324.75   0.0763765670593532   0.00018487945898478815
325.   0.0765036530021474   0.00018535955554583556
325.25   0.0766371239750422   0.00018582376794203817
325.5   0.07677648151932696   0.0001862875653623873
325.75   0.07692189092635235   0.00018675308830801203
326.   0.07707352503482393   0.00018722252893909838
326.25   0.07723140514747781   0.0001877104556249866
326.5   0.07739594246633942   0.0001882020299329579
326.75   0.07756740075887267   0.00018869455379894533
327.   0.07774605479036548   0.00018918527668744314
327.25   0.07793268476478989   0.00018965919970689946
327.5   0.07812690278466063   0.00019013041617720638
327.75   0.07832881757018373   0.0001906010194652598
328.   0.07853854682586359   0.00019107316154853542
328.25   0.07875531475398272   0.00019153567053330935
328.5   0.07898051424738904   0.00019200943336583935
328.75   0.07921466610634066   0.00019250231786806032
329.   0.07945831256796476   0.0001930224097613184
329.25   0.0797132017957315   0.0001936633687067411
329.5   0.0799782795064301   0.0001943151839613534
329.75   0.08025367247491146   0.00019495142508202206
330.   0.0805395216452597   0.00019554495422307238
330.25   0.08083498889543472   0.0001958683889738162
330.5   0.08114162763160383   0.00019617005818897741
330.75   0.08146003997914483   0.00019650301810525061
331.   0.08179085965003259   0.00019692190117591728
331.25   0.08213544033395047   0.00019771394833495318
331.5   0.0824935343946569   0.0001986168067139811
331.75   0.08286560092194463   0.00019959465205003103
332.   0.08325213244093216   0.0002006106041122696
332.25   0.08365236519849115   0.00020149410740085135
332.5   0.08406865975148164   0.00020238974553200194
332.75   0.08450216521072436   0.0002033121817754149
333.   0.08495409633537136   0.00020427663205412684
333.25   0.08542956229588773   0.0002053217859759509
333.5   0.0859246299672541   0.000206432402508998
333.75   0.08643915098686278   0.00020761607923068027
334.   0.0869730080651665   0.00020888080178928036
334.25   0.08752001570740472   0.00021026668018199183
334.5   0.08808857756359868   0.000211738705842174
334.75   0.08868125287822082   0.00021329296053827963
335.   0.0893007583545625   0.00021492551668793937
335.25   0.08995429238791308   0.0002166090254661733
335.5   0.09063898020957517   0.00021837192530525047
335.75   0.09135629972247038   0.00022022015344789548
336.   0.0921078781577557   0.00022216012382184644
336.25   0.09289450221699128   0.00022422813902729386
336.5   0.09371954489712515   0.00022639121151256625
336.75   0.09458562617363181   0.00022864510810813885
337.   0.09549562684203768   0.0002309856873815748
337.25   0.09645280640154298   0.00023334381036229623
337.5   0.09746055924495214   0.0002358053161694857
337.75   0.09852274008049187   0.0002383942738236974
338.   0.0996436360914489   0.0002411366361555467
338.25   0.10082782003603599   0.0002441078189603712
338.5   0.10208093520389153   0.00024727330051416905
338.75   0.10340908645191374   0.00025064605685670867
339.   0.10481915182830702   0.00025424087786118666
339.25   0.10631828808158626   0.00025814060452677897
339.5   0.107916188406753   0.0002622742704827224
339.75   0.10962321041518777   0.00026663553309289474
340.   0.11145121365154924   0.0002712191905065153
340.25   0.11341651199363596   0.0002758011735476112
340.5   0.11553127091365692   0.00028068016815334406
340.75   0.11781271235844219   0.00028595367097368805
341.   0.12028110115545687   0.0002917316730511877
341.25   0.1229572072248363   0.0002984036190536006
341.5   0.12587401634572445   0.0003057547727651557
341.75   0.12906733118206226   0.000313832870529799
342.   0.1325803379694481   0.0003226993882473549
342.25   0.13646671345642714   0.00033230642685998913
342.5   0.1407892530259121   0.00034292547306347603
342.75   0.1456269084464878   0.00035474474360166136
343.   0.1510778848881155   0.00036799828073289605
343.25   0.15726522382585806   0.00038289642148348193
343.5   0.16434190190571998   0.0003999127001996285
343.75   0.1724983647625347   0.00041954008571722627
344.   0.1819668179650975   0.0004423794300056154
344.25   0.19301811033190178   0.00046930796613279575
344.5   0.20594644104249515   0.0005008768099930604
344.75   0.22102017898374318   0.0005377254823822102
345.   0.2384032985409675   0.0005802346610869982
345.25   0.2580666558730581   0.0006280619345842696
345.5   0.2797415421217566   0.0006808228521995419
345.75   0.30296752077456524   0.0007374803793867634
346.   0.32720438579769673   0.0007968290253623069
346.25   0.35194615639466864   0.0008583315233347452
346.5   0.37677542363570876   0.0009204174632869911
346.75   0.4013869719741196   0.0009822227409342918
347.   0.42557278420199146   0.0010430758595871305
347.25   0.44919665225477   0.0011018766500508494
347.5   0.4721848588216669   0.001158937137387074
347.75   0.49449807464560197   0.0012141664329149255
348.   0.5161220229925441   0.0012675464710638579
348.25   0.5370541087747863   0.0013190705983237708
348.5   0.5573127456110908   0.001368860126530271
348.75   0.576918684461261   0.0014170279827844722
349.   0.5958965175841684   0.0014637075645889284
349.25   0.6142849895533479   0.0015093675541067535
349.5   0.632095330234362   0.0015537375241598181
349.75   0.6493495852203521   0.001596839027352303
350.   0.6660688858580297   0.0016386863376407588
350.25   0.6822607838777806   0.0016795681407848202
350.5   0.6979607686109744   0.0017191003259904676
350.75   0.7131917333368542   0.0017571462948518925
351.   0.7279756739309704   0.0017935509736011082
351.25   0.7423355018998269   0.0018261012395434438
351.5   0.7562889721042557   0.0018573919384843839
351.75   0.7698546708483441   0.0018881243498975826
352.   0.7830503338409882   0.0019190515364771142
352.25   0.7959014503948705   0.001954968685413028
352.5   0.8084124928595539   0.001991256928068511
352.75   0.820595205001319   0.0020270623576965096
353.   0.8324604403079144   0.0020614613800431763
353.25   0.8440193507138134   0.00208979497590322
353.5   0.8552796209405413   0.0021160479715842235
353.75   0.8662492697625732   0.002140693812404985
354.   0.8769356037085176   0.0021642380936704704
354.25   0.887337170719148   0.0021886464312846393
354.5   0.8974711198741481   0.002212517904135663
354.75   0.9073463472353351   0.0022358340860916745
355.   0.9169713737474845   0.0022585727586189224
355.25   0.9263513215925165   0.0022803377530252497
355.5   0.9354982447668925   0.0023016104857846876
355.75   0.944420989107808   0.0023225162004270445
356.   0.953128179690679   0.0023431843230027247
356.25   0.961636608654011   0.002364461706446665
356.5   0.9699429483763454   0.0023855005853467654
356.75   0.9780517118852678   0.002406140026753301
357.   0.9859671012761606   0.0024262100217143753
357.25   0.9936841508126406   0.002444953594275573
357.5   1.0012187607770935   0.0024629829804242664
357.75   1.0085780379023699   0.0024803464132835324
358.   1.0157689844541469   0.002497093646760475
358.25   1.0228137533982375   0.002513099297287778
358.5   1.0296980573691643   0.0025286605641782396
358.75   1.0364222327750914   0.0025439057278263356
359.   1.0429863111358773   0.0025589671409337127
359.25   1.0493800705384178   0.002573831169872787
359.5   1.055616769514825   0.0025888457908822752
359.75   1.0616997619873065   0.0026042177242524087
360.   1.0676322811333407   0.0026201594904022097
360.25   1.0734065969901927   0.0026386689072791136
360.5   1.0790407613365984   0.0026575021335293854
360.75   1.084542203335847   0.002676146332871235
361.   1.0899183944883464   0.002694070862241959
361.25   1.0951920668666635   0.0027089976059650055
361.5   1.1003496673629378   0.002722762098000469
361.75   1.1053924756782778   0.0027355021157114295
362.   1.1103216342935267   0.002747360211376097
362.25   1.115131499277597   0.002757571281555264
362.5   1.1198321916899276   0.0027675536825329176
362.75   1.1244272312135777   0.002777841999498432
363.   1.1289200943425008   0.0027889855104933285
363.25   1.1333240587071525   0.002804247299496226
363.5   1.1376288508117234   0.002820455477593039
363.75   1.1418337590143472   0.0028370845130767804
364.   1.14593793266707   0.002853593643216286
364.25   1.1499374822644213   0.002868940376461863
364.5   1.1538353268854251   0.0028832310027281536
364.75   1.1576314220626027   0.002896082046968837
365.   1.1613256287797948   0.002907100930715766
365.25   1.1649044019721557   0.0029127798097187615
365.5   1.1683859323603698   0.0029170271022437165
365.75   1.1717753024280275   0.0029207045624311313
366.   1.1750776366527402   0.0029246949341479615
366.25   1.1783101057803416   0.0029330358478706353
366.5   1.181461222278016   0.0029422916092338176
366.75   1.184531295167253   0.0029521154946274817
367.   1.1875205673766294   0.002962152114339851
367.25   1.1904204122466318   0.0029712982243449643
367.5   1.193243196680803   0.0029802102542038416
367.75   1.1959925949142   0.0029888116642156235
368.   1.1986722969128247   0.002997024178231442
368.25   1.2012954329647059   0.003004228870645317
368.5   1.2038526090378816   0.00301109414750591
368.75   1.2063436954267037   0.0030177579119640852
369.   1.2087685026649715   0.003024360812086147
369.25   1.2111308569893238   0.0030318030005235326
369.5   1.213424782385583   0.0030391769113268198
369.75   1.215648248802965   0.0030463209137714664
370.   1.2177991406892184   0.0030530701109307058
370.25   1.2198707008442387   0.00305838584668359
370.5   1.2218669949881487   0.0030633090848427094
370.75   1.2237875280489838   0.00306802192137542
371.   1.2256317598730861   0.003072709801701927
371.25   1.2273652515324511   0.003079037756469865
371.5   1.2290345290480271   0.003085141562724451
371.75   1.2306527705515076   0.0030906125367919325
372.   1.2322333506018477   0.0030950347657270087
372.25   1.2338427279124142   0.0030953558546146513
372.5   1.235420977406904   0.0030948088362427574
372.75   1.236960432023406   0.0030940312719570633
373.   1.2384532541109528   0.0030936716202029507
373.25   1.2398750763860915   0.0030969083988646004
373.5   1.2412405279533862   0.0031009008512877406
373.75   1.2425479570643083   0.0031053005148208098
374.   1.2437956581683967   0.0031097529228962333
374.25   1.2449622900579267   0.0031125126114405566
374.5   1.2460733348990845   0.003115143768677849
374.75   1.2471349201454656   0.0031178395047866746
375.   1.2481532443145302   0.003120795854428069
375.25   1.249153280732288   0.0031255893534104236
375.5   1.2501152940296463   0.003130501438009066
375.75   1.2510380658574678   0.003135175110745283
376.   1.2519203341401854   0.003139247947202538
376.25   1.2527544702161546   0.0031402648523027312
376.5   1.2535479431129346   0.0031407628773977374
376.75   1.2543019399558095   0.0031412140180317257
377.   1.2550176432664202   0.003142097080565063
377.25   1.2557003476508142   0.0031460550852965394
377.5   1.2563454869086101   0.003150571763538274
377.75   1.2569525551346281   0.003155267553416095
378.   1.2575210198312854   0.0031597574510641175
378.25   1.2580393595343997   0.0031623495902483203
378.5   1.2585222786758996   0.0031644633824924914
378.75   1.25897362732849   0.00316622740352379
379.   1.2593972888876421   0.0031677719923517327
379.25   1.2597971796702285   0.00316922922609376
379.5   1.260177248519502   0.003170732895319689
379.75   1.2605414764161835   0.003172418479899372
380.   1.2608938760956057   0.0031744231253388925
