310.   0.03605197541927889   0.00011120542702245146
310.25   0.03609098115953625   0.00011133199159653342
310.5   0.036131649635372375   0.00011156017295761918
310.75   0.036174088248858545   0.00011185945516805575
311.   0.03621840695940505   0.00011219875509231171
311.25   0.036264718387215886   0.00011254639972091498
311.5   0.03631313792180373   0.00011287010240332198
311.75   0.03636378383585868   0.00011313693792656825
312.   0.03641677740478513   0.00011331331637231484
312.25   0.03647277350954435   0.00011312042672660344
312.5   0.0365311615048627   0.00011286359712891127
312.75   0.036591854877573014   0.00011260736715314407
313.   0.03665476604378859   0.00011241762084634613
313.25   0.03671918642852291   0.00011264284237677964
313.5   0.036785888663829695   0.00011296052336919765
313.75   0.03685503622337768   0.00011332546913027832
314.   0.036926796983374005   0.00011369150943923966
314.25   0.03700197874456942   0.00011383720862123331
314.5   0.03707987507486196   0.00011395668532143643
314.75   0.03716040707260985   0.00011407221586946442
315.   0.03724349499461433   0.00011420658719178095
315.25   0.037328641918197826   0.00011445596737956353
315.5   0.0374163451820867   0.00011474294151092275
315.75   0.03750669369449546   0.0001150619824278009
316.   0.037599779579142824   0.00011540743887091147
316.25   0.037695012171609116   0.00011573223040896255
316.5   0.03779344428005019   0.000116087845905826
316.75   0.03789546157133679   0.00011648525331232587
317.   0.03800146093572631   0.0001169357113198954
317.25   0.03811266689835885   0.00011754207040658212
317.5   0.0382283669179882   0.0001181893749413557
317.75   0.038348658141134855   0.00011885214696465469
318.   0.038473642202380975   0.00011950423321078776
318.25   0.038604625583584525   0.00012002031411929411
318.5   0.03874005280855112   0.00012050952246002326
318.75   0.038879543989533395   0.00012098419164866767
319.   0.039022710446557814   0.00012145700231866293
319.25   0.03916643785652562   0.00012196246412089452
319.5   0.03931408948794285   0.00012248421408392847
319.75   0.03946637326721536   0.00012302719604159103
320.   0.039624020720663886   0.00012359651178905782
320.25   0.03979011174675434   0.00012422614472291699
320.5   0.03996220541951579   0.00012488169815522165
320.75   0.0401401474732931   0.00012555687735252074
321.   0.040323781853425396   0.00012624519774312223
321.25   0.040511526325038114   0.00012692474964720433
321.5   0.04070519607849158   0.0001276097458372289
321.75   0.0409052220762617   0.00012829939959935923
322.   0.0411120536121451   0.0001289929037094352
322.25   0.04132679977933473   0.00012965776010854705
322.5   0.04154906275232606   0.0001303370049696379
322.75   0.041779086909811476   0.00013104297987469925
323.   0.04201713030413524   0.00013178848909484978
323.25   0.042263931999753986   0.00013263208748744154
323.5   0.04251913432852894   0.0001335249241334438
323.75   0.04278284698795277   0.00013446244135711488
324.   0.04305518979304202   0.00013543993174883906
324.25   0.043335267471790874   0.00013644436134967094
324.5   0.04362464197258405   0.00013748199176620576
324.75   0.04392389892585811   0.00013855103002163152
325.   0.044233655775442755   0.00013964963252901294
325.25   0.044555140101488595   0.00014076720467889493
325.5   0.04488824413848308   0.00014191381360370442
325.75   0.04523345329119599   0.00014309110569401962
326.   0.04559128457669633   0.00014430082862127095
326.25   0.04596220638156198   0.00014555215331120837
326.5   0.04634692111668606   0.0001468369542364656
326.75   0.04674609188111434   0.00014815423998951023
327.   0.04716042686380616   0.00014950300355292423
327.25   0.047591068871042974   0.00015086863907047847
327.5   0.048038296215871815   0.00015226883964139168
327.75   0.048502813149007507   0.00015370831732772734
328.   0.04898537809038962   0.00015519207674204784
328.25   0.049485053510342214   0.00015671273449515232
328.5   0.050005139185475986   0.0001582934672914493
328.75   0.05054733811967125   0.0001599457603104003
329.   0.05111347559893469   0.00016168184098895127
329.25   0.05170757719590516   0.00016362702577545098
329.5   0.052328908967203165   0.000165640848810007
329.75   0.05297885261243542   0.00016768995573364262
330.   0.053658911189933656   0.0001697389077697375
330.25   0.05437021547077071   0.0001714870055687002
330.5   0.05511524675308572   0.0001732548713834593
330.75   0.0558961756866962   0.00017511325706975772
331.   0.05671537278074247   0.0001771380728690274
331.25   0.05757534565608295   0.00017969008113851578
331.5   0.05847905436811117   0.0001824752150484471
331.75   0.05942965815169022   0.00018546689377079283
332.   0.06043063288839219   0.00018863667946897327
332.25   0.06148549971306911   0.00019180761655837846
332.5   0.06259891879551262   0.0001951467182587483
332.75   0.06377571847625516   0.00019868299222222885
333.   0.06502125748814362   0.00020244836238574493
333.25   0.06634247644168101   0.00020653240444882731
333.5   0.06774469818152115   0.00021090026634705206
333.75   0.0692349301850712   0.00021557110352227218
334.   0.0708210436682492   0.00022056652814082234
334.25   0.0725092515391536   0.00022587884206149174
334.5   0.07431317318212516   0.00023157930739825563
334.75   0.07624538053667333   0.00023771405564459238
335.   0.07832016426361221   0.00024433547981663124
335.25   0.08055627689322131   0.0002515781301622101
335.5   0.0829691154636854   0.00025940973888551256
335.75   0.0855790559558634   0.0002678744184576961
336.   0.08840966612629937   0.00027702346472515527
336.25   0.09148840043538095   0.00028682241298099337
336.5   0.09484715149002661   0.00029746725077246555
336.75   0.09852343169514495   0.00030908506476014577
337.   0.10256151994532448   0.0003218257665192506
337.25   0.10701277024911873   0.0003358843398947552
337.5   0.111941587416225   0.0003514508308186524
337.75   0.11742407138552517   0.0003687725381373597
338.   0.12355234816665771   0.0003881489442986449
338.25   0.13043982161472578   0.0004099838937716494
338.5   0.13822307332544526   0.00043467645261698653
338.75   0.1470723478185299   0.0004627631852451052
339.   0.15720001139946102   0.0004949133654215021
339.25   0.16887115475179998   0.0005320282454333252
339.5   0.18242629366359447   0.0005750970617084403
339.75   0.1982975947554664   0.0006254446570310854
340.   0.21703907001956713   0.0006847646187953169
340.25   0.2393652566524408   0.0007547206974604983
340.5   0.26618578923828234   0.0008386929354612225
340.75   0.2986561705421038   0.0009404671333304199
341.   0.3382006059493272   0.0010647625050301107
341.25   0.38647491541982204   0.0012184652271609582
341.5   0.4451334006527517   0.0014058835125887552
341.75   0.5152395839723981   0.0016304055183794476
342.   0.5959765422362527   0.001889332041342623
342.25   0.6825464238287022   0.002165766105139798
342.5   0.7643094395312449   0.0024267643217777313
342.75   0.8259945922461736   0.0026236307170661973
343.   0.8550376760292414   0.002716284862057296
343.25   0.8508580406638029   0.002702467098872962
343.5   0.8256612334383024   0.0026215467603377027
343.75   0.7953268103289615   0.0025242135585669106
344.   0.7703646474780854   0.0024440360371010463
344.25   0.7536380358216271   0.002390713174935588
344.5   0.7432201840635422   0.0023576423707865114
344.75   0.7361951497876132   0.002335571052692773
345.   0.7306835766798022   0.0023185404985241443
345.25   0.725966069251025   0.0023038793578253093
345.5   0.7218969518511141   0.0022916837573190648
345.75   0.7185124650323094   0.002282230837353951
346.   0.7158201162465817   0.0022757086455048973
346.25   0.7137371874456279   0.002273548714453936
346.5   0.7121963292430894   0.002273573658848005
346.75   0.711097784081092   0.0022750280320528926
347.   0.7103509917056612   0.0022771805019932145
347.25   0.7099068159048513   0.002277821378568813
347.5   0.7096712114886097   0.002278430657927462
347.75   0.709589591918857   0.002279019246344624
348.   0.7096187012866833   0.002279635759110158
348.25   0.7097033288724415   0.0022805197286078598
348.5   0.7098447709821493   0.0022815502874144857
348.75   0.7100289402696925   0.002282784278792304
349.   0.7102457704774686   0.0022842928858024104
349.25   0.7105001312465041   0.0022868100361021753
349.5   0.7107709114583315   0.0022895193912399535
349.75   0.7110505482731897   0.0022922548867566747
350.   0.7113328640720239   0.0022948527804517037
350.25   0.7116192504952804   0.002297113246355822
350.5   0.7118964148002885   0.0022989266980906467
350.75   0.7121581387705519   0.002300146675280516
351.   0.7123987001127029   0.0023006265904294567
351.25   0.7125870498700073   0.002298297898495113
351.5   0.7127540173469452   0.0022956922107133394
351.75   0.7129052816560748   0.0022934431246217873
352.   0.7130468513065812   0.0022921938658365844
352.25   0.7132242487453179   0.0022958277851194597
352.5   0.7133893114078328   0.002300501051813491
352.75   0.713532845761316   0.002305569938278883
353.   0.7136456467443424   0.002310382225470818
353.25   0.7136864730913335   0.0023123042146686234
353.5   0.7136906949628783   0.002313418969940653
353.75   0.713661999303226   0.0023138515013475707
354.   0.7136041759300101   0.0023137287783185174
354.25   0.7135236806203403   0.0023132707999294184
354.5   0.7134208928716305   0.0023124811667851485
354.75   0.7132988139369335   0.0023114553771910883
355.   0.7131605046620971   0.00231029023816383
355.25   0.7130198306609286   0.0023092315361286212
355.5   0.7128649590381193   0.0023081725097695736
355.75   0.7126947370553077   0.0023071537105394716
356.   0.712508004872972   0.0023062161754515706
356.25   0.7123024573136776   0.0023056912554587678
356.5   0.712078500353958   0.0023052164666869227
356.75   0.7118354034756291   0.0023047165965886826
357.   0.7115724281182253   0.0023041155601451428
357.25   0.711282845998844   0.0023031953731413165
357.5   0.7109742460960264   0.002302075073011724
357.75   0.710648285850746   0.0023007332314170493
358.   0.7103066373441533   0.002299148205931491
358.25   0.7099586785986246   0.0022969141582715622
358.5   0.7095953718557165   0.0022945449682172294
358.75   0.709215309949392   0.002292174006670248
359.   0.7088170653169109   0.0022899360295400074
359.25   0.7083984284907308   0.0022880252150218033
359.5   0.707958994056566   0.0022864979593993817
359.75   0.7074975818023231   0.0022854694955112055
360.   0.7070129943123078   0.002285056109046786
360.25   0.7064908953755089   0.00228665262822049
360.5   0.7059483721513105   0.0022885938961912616
360.75   0.7053894896089711   0.00229048192970698
361.   0.7048183462515782   0.0022919148250973905
361.25   0.704250988546475   0.0022911101443243175
361.5   0.7036749437936151   0.00228958048971387
361.75   0.703089584134996   0.0022874698186623695
362.   0.7024942685077756   0.0022849235171540465
362.25   0.7018796286924059   0.0022816580550438525
362.5   0.7012571655998975   0.0022784224791671617
362.75   0.7006297250030339   0.00227554041332001
363.   0.7000001711072715   0.0022733383456437738
363.25   0.6993936648176319   0.002273612700967455
363.5   0.6987819944298772   0.0022746467429040473
363.75   0.6981590674521871   0.0022761819343468472
364.   0.6975187319291185   0.0022779573742898363
364.25   0.6968360031256866   0.0022800491568062756
364.5   0.6961308332823511   0.0022817178751734744
364.75   0.6954044875311005   0.0022825585952135686
365.   0.6946582375642483   0.0022821630461378264
365.25   0.6938870540721989   0.0022773422413063776
365.5   0.6931010312328839   0.002271560698752497
365.75   0.6923040086474523   0.0022655228716078383
366.   0.6914998522257341   0.0022599389887884703
366.25   0.6907081358551721   0.0022579806441642308
366.5   0.6899108715453971   0.0022569391681675766
366.75   0.6891056663368115   0.002256549518978076
367.   0.6882901033241561   0.0022565444597930986
367.25   0.6874500842732711   0.0022562542988780834
367.5   0.686599430650592   0.002255966699329868
367.75   0.6857403639395817   0.0022555697048967315
368.   0.6848751181056165   0.0022549504999808388
368.25   0.6840146341477885   0.002253595193855866
368.5   0.6831490235738967   0.0022519484257677875
368.75   0.6822770463701435   0.002250056464120222
369.   0.6813974490221467   0.0022479659318062153
369.25   0.6805090757284691   0.002245844941172328
369.5   0.6796104915230426   0.002243571559247612
369.75   0.6787003588461987   0.0022411445468981926
370.   0.6777773271511965   0.0022385626576350765
370.25   0.6768382692029781   0.0022355275405370346
370.5   0.6758842736356192   0.002232453043668152
370.75   0.6749146638629479   0.0022294577763677563
371.   0.6739287559042489   0.0022266611507992303
371.25   0.6729047531953578   0.002225312474685872
371.5   0.6718714477658182   0.0022239550313456493
371.75   0.6708366477674614   0.0022222551027914752
372.   0.66980821019342   0.002219876742741087
372.25   0.6688290940878182   0.002214647422964573
372.5   0.6678582682921199   0.00220879017624304
372.75   0.6668895953048173   0.0022027023499303737
373.   0.6659168937741803   0.002196783896020847
373.25   0.6649104702015283   0.002192711933434145
373.5   0.6638968543231367   0.0021891103096492717
373.75   0.6628791994907915   0.002185872660076612
374.   0.6618606761526925   0.0021828919033012274
374.25   0.6608607259791451   0.0021797011147739287
374.5   0.6598598368970376   0.0021766937151531675
374.75   0.6588546771244572   0.002173905300808531
375.   0.6578418917233371   0.002171371660153526
375.25   0.6568053254387787   0.0021696734795074433
375.5   0.6557594358669167   0.002168085637409466
375.75   0.6547059500208325   0.0021664249599020378
376.   0.6536466030874597   0.0021645071742140295
376.25   0.652587432726253   0.002161064216356409
376.5   0.6515241879782874   0.0021574229294746864
376.75   0.6504568975741946   0.0021538320852762926
377.   0.649385588174392   0.0021505418908442783
377.25   0.6483107075505709   0.0021490343641487196
377.5   0.6472316868697191   0.0021478427586662445
377.75   0.6461483763108471   0.002146725812826502
378.   0.6450606231683187   0.002145440888354598
378.25   0.6439703733195866   0.002142732188837728
378.5   0.6428745310554904   0.0021397686685762783
378.75   0.6417720888875221   0.002136711189959451
379.   0.6406620320647286   0.00213372150032136
379.25   0.6395433386749545   0.0021309622199830354
379.5   0.638414979744374   0.002128596830489671
379.75   0.6372759193353239   0.002126789663038747
380.   0.636125114642496   0.0021257058870948805
