310.   0.0005945049326447917   6.650435938918235e-7
310.25   0.0005952759915014944   6.655229491622014e-7
310.5   0.0005960866141737019   6.663177987414844e-7
310.75   0.0005969366556843583   6.673535525299953e-7
311.   0.000597825978740355   6.685542478917152e-7
311.25   0.0005987544540598008   6.698424947900606e-7
311.5   0.0005997219607165226   6.711394182855363e-7
311.75   0.0006007283865028107   6.7236459824259e-7
312.   0.0006017736283115058   6.734360060827743e-7
312.25   0.000602856202624899   6.737486929165146e-7
312.5   0.0006039779602242052   6.739426712629883e-7
312.75   0.0006051393978823074   6.741444648685581e-7
313.   0.000606341035311663   6.744832378551341e-7
313.25   0.0006075833116511895   6.755095693647949e-7
313.5   0.0006088669410284355   6.767757262444561e-7
313.75   0.0006101925612039281   6.782475785687191e-7
314.   0.0006115608382302304   6.798903006786144e-7
314.25   0.0006129695522766857   6.816661034505123e-7
314.5   0.0006144234852640819   6.83541787641479e-7
314.75   0.0006159245948792207   6.854811692461761e-7
315.   0.0006174749007290521   6.874472568993515e-7
315.25   0.0006190802264190045   6.892407706075225e-7
315.5   0.0006207375248863125   6.910474811476742e-7
315.75   0.0006224474801000985   6.928942128375605e-7
316.   0.000624210812761561   6.948084543426509e-7
316.25   0.00062602637095048   6.969522905877414e-7
316.5   0.0006278976109708005   6.99168513124409e-7
316.75   0.0006298261631128536   7.014315925268881e-7
317.   0.0006318137227683784   7.03715373865449e-7
317.25   0.0006338614542969355   7.057963275713206e-7
317.5   0.0006359720263863246   7.079202871948293e-7
317.75   0.0006381475980560295   7.101402679475706e-7
318.   0.0006403904147648357   7.125107422929744e-7
318.25   0.0006427037718595094   7.15341906781953e-7
318.5   0.0006450887699947863   7.183383388193694e-7
318.75   0.0006475475460004   7.214541969939699e-7
319.   0.0006500823319076859   7.246423930780801e-7
319.25   0.0006526961448761579   7.276588377580208e-7
319.5   0.0006553904731505312   7.307254016687907e-7
319.75   0.0006581675838120286   7.338719447740123e-7
320.   0.0006610298538910733   7.371292652854329e-7
320.25   0.0006639774521169144   7.40683559688859e-7
320.5   0.0006670162205942308   7.443534249267654e-7
320.75   0.0006701498720679109   7.481086749336731e-7
321.   0.0006733822891230964   7.519182139307554e-7
321.25   0.0006767209762483096   7.55547384642147e-7
321.5   0.0006801654147136215   7.592440534725418e-7
321.75   0.0006837186288269692   7.630584020640737e-7
322.   0.0006873838092732362   7.670423823244795e-7
322.25   0.0006911607809903033   7.713850521224008e-7
322.5   0.0006950580101175459   7.759548453727421e-7
322.75   0.0006990807327724201   7.807532844331439e-7
323.   0.0007032344542174137   7.857820730234805e-7
323.25   0.0007075276043574397   7.911768461084351e-7
323.5   0.0007119626302007045   7.967545021351883e-7
323.75   0.00071654485528277   8.024613890929652e-7
324.   0.000721279910490399   8.082418749149089e-7
324.25   0.0007261745571344052   8.139240338587073e-7
324.5   0.0007312339998260609   8.196058395393885e-7
324.75   0.0007364645943145194   8.252727894426772e-7
325.   0.0007418730891531524   8.309098173426237e-7
325.25   0.0007474619658783566   8.361349646112869e-7
325.5   0.0007532453335085093   8.414382968883946e-7
325.75   0.000759233284375814   8.469571533726979e-7
326.   0.0007654365306549178   8.528352199517531e-7
326.25   0.0007718713583743154   8.597622081851647e-7
326.5   0.0007785430997195483   8.671514171597524e-7
326.75   0.0007854625685313357   8.74940637031258e-7
327.   0.0007926413245278405   8.830649461735204e-7
327.25   0.0008000974250813467   8.913304286507958e-7
327.5   0.0008078362732977489   8.998399121959242e-7
327.75   0.0008158696580421532   9.085724601660025e-7
328.   0.0008242102803761934   9.175062704034418e-7
328.25   0.000832840228121495   9.262690714092289e-7
328.5   0.0008418178274313708   9.353185565656143e-7
328.75   0.0008511725638318024   9.447792018248473e-7
329.   0.0008609360344518664   9.547831506201376e-7
329.25   0.0008711836636338013   9.6577266284918e-7
329.5   0.0008818948345404694   9.77482658189722e-7
329.75   0.000893090976448603   9.899434368883561e-7
330.   0.0009047954494273571   1.0031880450420678e-6
330.25   0.0009170133861063573   1.0174223383479248e-6
330.5   0.0009298005987461425   1.0324527411732257e-6
330.75   0.0009431963978596345   1.0482489058550745e-6
331.   0.0009572436627796948   1.0647792698200313e-6
331.25   0.0009719916867007247   1.0817766141885587e-6
331.5   0.0009874884474433986   1.0995273186711955e-6
331.75   0.0010037891783595192   1.118097555514694e-6
332.   0.0010209546271687832   1.1375599292991792e-6
332.25   0.0010390492264754918   1.1580720188341033e-6
332.5   0.001058150394799172   1.1796157149005588e-6
332.75   0.0010783411575453787   1.2022539976204e-6
333.   0.0010997136609097171   1.226057177753496e-6
333.25   0.0011223808550030957   1.2507645994227236e-6
333.5   0.0011464429773712281   1.2769260917903276e-6
333.75   0.0011720233911566495   1.3047923894359046e-6
334.   0.0011992606214747258   1.3346429221038646e-6
334.25   0.0012282944105245443   1.3673199092189582e-6
334.5   0.001259323125704838   1.4024573221048592e-6
334.75   0.0012925540648297418   1.4402110067336539e-6
335.   0.0013282230065874453   1.480759718162491e-6
335.25   0.0013666188049903012   1.5242127212497799e-6
335.5   0.0014080236133131062   1.5709365744713802e-6
335.75   0.0014527836260264178   1.6212498411050788e-6
336.   0.0015012992779864754   1.6755215194617813e-6
336.25   0.001554006832134353   1.7338734506742391e-6
336.5   0.0016114885445870414   1.797217435961213e-6
336.75   0.0016743961537974323   1.8662878242083694e-6
337.   0.0017434989378370882   1.941950703531246e-6
337.25   0.0018197553706776088   2.0251693391655225e-6
337.5   0.001904197086077062   2.1172561109112968e-6
337.75   0.001998114108856563   2.2197182134789565e-6
338.   0.002103068096164776   2.334380955166431e-6
338.25   0.002220906859873672   2.463718837655021e-6
338.5   0.0023540417397335165   2.610149277582807e-6
338.75   0.002505395663748944   2.77693991056722e-6
339.   0.0026786154639460657   2.968169407422679e-6
339.25   0.0028783648267823726   3.188853108277714e-6
339.5   0.0031103548114856014   3.4456422304920734e-6
339.75   0.003381953242893836   3.7469023263330803e-6
340.   0.0037026030135920754   4.103375367914637e-6
340.25   0.004084277085983845   4.5304422934975055e-6
340.5   0.004542713779388659   5.0440030041989306e-6
340.75   0.005097702398424794   5.66575017092846e-6
341.   0.005773649813979285   6.4222834468247236e-6
341.25   0.006599123581175964   7.340179709822845e-6
341.5   0.0076023816998205054   8.454185887093664e-6
341.75   0.008801755232084794   9.784943261484071e-6
342.   0.010183480932651737   0.000011317823109508851
342.25   0.011665899076328161   0.000012968451841554225
342.5   0.013067107213939982   0.000014530795043230542
342.75   0.01412587294004755   0.000015713777257087024
343.   0.014626930510062192   0.000016276748148205247
343.25   0.014559633577992254   0.000016203033681189667
343.5   0.014132569468460282   0.00001572837186766
343.75   0.013617314947166476   0.000015155497979582171
344.   0.013193796489298958   0.000014685141606112084
344.25   0.012911217244508966   0.00001437566132863043
344.5   0.012736595777193214   0.000014186368849456059
344.75   0.012620024686228127   0.00001406101049653665
345.   0.012529311537798325   0.000013963014549940522
345.25   0.012451842478252147   0.000013876333912147605
345.5   0.012385503023334687   0.000013799642521598927
345.75   0.012331016293463355   0.0000137334963962894
346.   0.012288613041491415   0.000013677889454688077
346.25   0.012257716819357825   0.000013628584704526274
346.5   0.012236238393553383   0.000013587603161881357
346.75   0.012222270185540037   0.00001355385333273157
347.   0.012214058394375761   0.000013526426258427754
347.25   0.012209520491547025   0.0000135059696114551
347.5   0.012208278511622784   0.000013490480581769399
347.75   0.012209602931944081   0.000013479470844198644
348.   0.01221296087518395   0.000013472678745368511
348.25   0.012218492221824783   0.000013471877318126004
348.5   0.012225213949290107   0.000013474533786091086
348.75   0.012232746374200767   0.000013480055560671806
349.   0.012240776736861213   0.000013487922243629066
349.25   0.012248814703398206   0.0000134981656057263
349.5   0.012256955668070026   0.000013509664851027872
349.75   0.012265099299753382   0.000013521820913316675
350.   0.01227316949116405   0.000013534054121364616
350.25   0.012281153709496624   0.000013543812899148886
350.5   0.012288947812716274   0.000013553308643066117
350.75   0.012296503625120216   0.00001356279900695567
351.   0.01230378234561028   0.000013572556420788278
351.25   0.012310734606606973   0.000013584429358307164
351.5   0.01231736045985811   0.00001359653413345311
351.75   0.0123236470308921   0.00001360854031539594
352.   0.012329585578790865   0.000013620117499002368
352.25   0.012335189724326916   0.000013630103820533408
352.5   0.012340430510168709   0.000013639325394134464
352.75   0.012345300044485806   0.000013647786009995138
353.   0.012349792286475633   0.000013655491766603534
353.25   0.012353895834132924   0.000013662257482334383
353.5   0.012357617072180348   0.000013668362411046132
353.75   0.01236095662911184   0.000013673896272061377
354.   0.01236391604767448   0.000013678950998802343
354.25   0.0123665050788158   0.000013683587125681295
354.5   0.01236871628469803   0.000013687947116275757
354.75   0.01237055012065669   0.000013692142116920353
355.   0.012372007450259626   0.000013696285051216435
355.25   0.012373063745842728   0.000013702122828036545
355.5   0.012373756366442883   0.000013707494219052221
355.75   0.01237409744192711   0.000013711854112136113
356.   0.012374099393862813   0.000013714651175418042
356.25   0.01237375916686629   0.000013710453079637274
356.5   0.012373111594473206   0.000013705498608338592
356.75   0.0123721761309967   0.00001370119641187984
357.   0.012370972459799246   0.000013698971136348277
357.25   0.0123696755058655   0.000013708229706839245
357.5   0.01236808897607703   0.000013719309835311021
357.75   0.01236617023152823   0.000013730451364715415
358.   0.012363876114203087   0.000013739874572265433
358.25   0.012360968561056188   0.000013738625284267565
358.5   0.012357674682615127   0.000013734872577935231
358.75   0.012354028548895647   0.000013729680376924246
359.   0.01235006451604968   0.00001372412402457929
359.25   0.01234589596484624   0.000013723230097618309
359.5   0.012341447860333756   0.000013722596207929059
359.75   0.01233672344532509   0.000013721734463899758
360.   0.01233172589323495   0.000013720151875644804
360.25   0.012326430148575011   0.00001371679910643501
360.5   0.0123208785467291   0.000013711942928008733
360.75   0.012315085439816867   0.000013705298823870101
361.   0.012309065210172202   0.000013696579629682922
361.25   0.012302919354983278   0.000013682150897129141
361.5   0.012296540715467577   0.000013666390186661717
361.75   0.012289908498998449   0.00001365035642449782
362.   0.012283001611550182   0.00001363511841259947
362.25   0.01227570901684415   0.000013626677877659627
362.5   0.012268134204733484   0.000013619248311275414
362.75   0.01226029146824623   0.000013611935282413563
363.   0.012252195133564148   0.000013603836042048127
363.25   0.012243804996593543   0.000013588459743999495
363.5   0.01223521164050298   0.0000135726796779285
363.75   0.012226451548724452   0.000013557825590718585
364.   0.012217561420304815   0.000013545238622514497
364.25   0.01220884382561596   0.000013543768198108197
364.5   0.012199964861105892   0.00001354430721693683
364.75   0.012190854452124167   0.00001354519907384284
365.   0.012181441843065237   0.000013544772953942516
365.25   0.012171337382873312   0.000013535962715765876
365.5   0.012160913458588248   0.000013524586061706641
365.75   0.012150225937023012   0.000013511105625709945
366.   0.012139331066353726   0.000013495987980399107
366.25   0.012128418635059644   0.00001347808370202581
366.5   0.012117359626123982   0.000013460129735397589
366.75   0.012106157598702707   0.000013443258486058389
367.   0.012094816056497041   0.000013428611069749073
367.25   0.01208334013850453   0.000013423745738693718
367.5   0.012071730879433652   0.000013420868272224854
367.75   0.012059990939322933   0.000013418557006382213
368.   0.012048122921123054   0.000013415379238415764
368.25   0.012036136908741397   0.000013404905129630735
368.5   0.01202402486412537   0.000013392646398889931
368.75   0.012011786181572405   0.000013379151330867783
369.   0.011999420180072499   0.000013364972314694048
369.25   0.011986930218329845   0.000013351418668123912
369.5   0.011974309720884042   0.000013337998921426992
369.75   0.011961556127727755   0.00001332497353190218
370.   0.011948666796772225   0.000013312604698727285
370.25   0.011935659719243312   0.00001330436963633288
370.5   0.0119225031508227   0.000013296044275913964
370.75   0.011909185853029925   0.00001328659933645919
371.   0.01189569645402271   0.000013274998418958037
371.25   0.011881902635317026   0.000013255366768917621
371.5   0.011867961579936036   0.000013233404909064936
371.75   0.011853910263789772   0.000013210004625135684
372.   0.011839785856873137   0.000013186063769593817
372.25   0.011825788938363058   0.000013164117910637645
372.5   0.011811728980538562   0.000013142796606385134
372.75   0.011797577895619445   0.000013122357320807141
373.   0.01178330736048385   0.000013103059051275781
373.25   0.011768801921809673   0.000013089688207315693
373.5   0.011754154233132225   0.000013076182028600687
373.75   0.011739370322671494   0.00001306097918404342
374.   0.01172445621336911   0.000013042508519486915
374.25   0.011709376767154313   0.000013009215132017737
374.5   0.011694195513555104   0.000012973447719425877
374.75   0.011678935050441411   0.000012937627015337722
375.   0.011663618070559255   0.000012904188604659367
375.25   0.011648367726912601   0.000012885044627944169
375.5   0.011633066625565758   0.00001286943575149187
375.75   0.011617697287705   0.000012856027628427519
376.   0.011602242088537712   0.000012843477702934574
376.25   0.011586615568240368   0.000012826244814466046
376.5   0.011570894426249945   0.000012808827281640875
376.75   0.011555087886818074   0.000012791547064302713
377.   0.011539205191143391   0.000012774727937973878
377.25   0.011523202475924924   0.000012759707698782112
377.5   0.01150716326515013   0.000012745398850856869
377.75   0.011491118249417872   0.000012731722697664712
378.   0.01147509825367099   0.000012718600010871006
378.25   0.011459358234809066   0.000012706803847602125
378.5   0.011443616175836162   0.000012695061884040425
378.75   0.011427813074779107   0.000012682949856978672
379.   0.011411889572636101   0.00001267004115574112
379.25   0.01139578595825693   0.000012655906853980984
379.5   0.011379442173142386   0.000012640115740957968
379.75   0.01136279781616434   0.000012622234352306924
380.   0.011345792148208453   0.000012601827000309054
