310.   0.0033558233400154255   5.72144673192419e-6
310.25   0.003351838552729569   5.716680956499873e-6
310.5   0.003347865891518555   5.711294060380398e-6
310.75   0.0033439219798173355   5.705397557827424e-6
311.   0.003340023627783166   5.699104106135262e-6
311.25   0.0033361878380841806   5.692527540919641e-6
311.5   0.003332431811898904   5.6857829126718205e-6
311.75   0.0033287729551362633   5.6789865246349435e-6
312.   0.0033252288848861647   5.672255972062508e-6
312.25   0.00332187117667714   5.665856706629025e-6
312.5   0.0033186428980999773   5.659704564953436e-6
312.75   0.0033155405416983594   5.653861832952406e-6
313.   0.003312560584047856   5.648391564160819e-6
313.25   0.0033097016569932415   5.643592608460695e-6
313.5   0.0033069571737992737   5.6392017371407235e-6
313.75   0.0033043226790806166   5.635189079595319e-6
314.   0.0033017936889285205   5.63152447465178e-6
314.25   0.0032993455839097122   5.62822240798852e-6
314.5   0.003297001870072894   5.625189404687013e-6
314.75   0.0032947661380174345   5.622376120893109e-6
315.   0.0032926420500590022   5.61973265043404e-6
315.25   0.003290635962118394   5.6172502650577125e-6
315.5   0.0032887480341531224   5.614819628657873e-6
315.75   0.0032869810950949896   5.6123720631989475e-6
316.   0.0032853380424571247   5.609838023734415e-6
316.25   0.0032838271952009396   5.606525430699715e-6
316.5   0.003282444134046891   5.603229877720674e-6
316.75   0.0032811898025249244   5.600131811212437e-6
317.   0.0032800651936644716   5.597414177820475e-6
317.25   0.0032790786678399634   5.596233166826513e-6
317.5   0.0032782211219167657   5.595423513705615e-6
317.75   0.0032774907328812046   5.594781243886015e-6
318.   0.0032768856928559165   5.594099562692292e-6
318.25   0.003276377750163619   5.592000203250177e-6
318.5   0.0032760020188507444   5.589899552910359e-6
318.75   0.0032757675169952562   5.5880575841984355e-6
319.   0.003275683444339905   5.586738195144131e-6
319.25   0.0032757823928483767   5.587246860767091e-6
319.5   0.003276041605210625   5.5884096319169196e-6
319.75   0.0032764614146209023   5.590080265398538e-6
320.   0.003277042217764306   5.592110397968208e-6
320.25   0.0032777682295257993   5.594112289804652e-6
320.5   0.0032786626261648182   5.596263609416514e-6
320.75   0.003279732641513938   5.5985058705736854e-6
321.   0.00328098569592555   5.6007797174641984e-6
321.25   0.0032824500866015342   5.602566883968562e-6
321.5   0.003284104816294169   5.604444298227846e-6
321.75   0.0032859494715057344   5.606536790389725e-6
322.   0.0032879837138641097   5.6089714322296185e-6
322.25   0.003290211675400075   5.612199748225037e-6
322.5   0.0032926270635372018   5.615904903132539e-6
322.75   0.0032952279955259112   5.620089633469401e-6
323.   0.0032980126484662507   5.624756919728192e-6
323.25   0.0033009264112548657   5.629805017823068e-6
323.5   0.0033040411911422272   5.63538362742241e-6
323.75   0.003307376994258957   5.641539497215945e-6
324.   0.0033109543211218644   5.648320506155866e-6
324.25   0.0033148610636878303   5.6564987360067e-6
324.5   0.003319025687730861   5.665117943775496e-6
324.75   0.003323442930449224   5.67393352954841e-6
325.   0.0033281075695378855   5.682696213657026e-6
325.25   0.003332945702503507   5.690222415502109e-6
325.5   0.0033380478439276676   5.697546268081988e-6
325.75   0.0033434371104131833   5.704784342904227e-6
326.   0.003349137286023124   5.71205580632761e-6
326.25   0.0033552965731143717   5.7191084077303615e-6
326.5   0.0033617680880322237   5.726587424501553e-6
326.75   0.003368527016941551   5.734774353051341e-6
327.   0.0033755482069483186   5.743957398634413e-6
327.25   0.003382679810278766   5.755592106469219e-6
327.5   0.003390071650059114   5.768367654713118e-6
327.75   0.0033977494561943183   5.782117175797427e-6
328.   0.003405739826326148   5.796670445517515e-6
328.25   0.0034140980223240146   5.811360804545081e-6
328.5   0.0034228139736283583   5.8266959327805406e-6
328.75   0.00343190577589099   5.8426976222415535e-6
329.   0.003441392330468695   5.859388821085411e-6
329.25   0.0034513100565018427   5.8769476585052775e-6
329.5   0.0034616564874974825   5.895185751022855e-6
329.75   0.003472446401011762   5.914066425518239e-6
330.   0.0034836954314261645   5.933552748064751e-6
330.25   0.0034954265302533025   5.953559621247898e-6
330.5   0.0035076483545909815   5.974116105379331e-6
330.75   0.003520376858535695   5.9952043163800465e-6
331.   0.003533629059682457   6.016806708692583e-6
331.25   0.0035474208023130557   6.0382026465042105e-6
331.5   0.0035617747104788513   6.06035161289831e-6
331.75   0.003576712491115784   6.0835293486256605e-6
332.   0.003592257333345847   6.108021612930152e-6
332.25   0.003608410230814409   6.135103019544677e-6
332.5   0.003625230730196598   6.163725334796917e-6
332.75   0.0036427571765662472   6.193801941980313e-6
333.   0.003661030328965683   6.22524532051144e-6
333.25   0.003680107084172952   6.257256448007497e-6
333.5   0.003700014975275896   6.290730483282672e-6
333.75   0.003720797739825262   6.325873927534826e-6
334.   0.003742502321760229   6.362903767062535e-6
334.25   0.003765196631349891   6.402896672076778e-6
334.5   0.003788910845817313   6.444919447004466e-6
334.75   0.0038136962354048173   6.488870941675918e-6
335.   0.003839608460860038   6.534649915963722e-6
335.25   0.0038666854767652778   6.5814768845394e-6
335.5   0.0038950243993316437   6.630188543245487e-6
335.75   0.003924706654807305   6.68097001996695e-6
336.   0.003955820808922082   6.734020484381336e-6
336.25   0.003988490074878748   6.7897714623641765e-6
336.5   0.004022783099060329   6.848156077040577e-6
336.75   0.0040588040774277336   6.909334378125472e-6
337.   0.004096667905621138   6.973483569387019e-6
337.25   0.004136459765060608   7.04047825871212e-6
337.5   0.004178378008442155   7.1109808582911405e-6
337.75   0.004222596843815087   7.1853725634599715e-6
338.   0.004269309422367363   7.264071573651195e-6
338.25   0.00431875917756057   7.347708038554134e-6
338.5   0.00437114666480719   7.4365577636906405e-6
338.75   0.0044267282944010925   7.531112764325287e-6
339.   0.004485793134106376   7.63192481415611e-6
339.25   0.004548677483816069   7.74008541132385e-6
339.5   0.004615740734598657   7.855653297708366e-6
339.75   0.004687403530756199   7.979223122464482e-6
340.   0.004764148718493401   8.111486649066489e-6
340.25   0.0048465102410302375   8.252987267491385e-6
340.5   0.004935165842475805   8.40503367546097e-6
340.75   0.005030879633958203   8.568859554415702e-6
341.   0.005134547852942361   8.745916566628146e-6
341.25   0.00524724250353515   8.9374505408944e-6
341.5   0.005370203080483789   9.146152786837878e-6
341.75   0.005504930512127646   9.374697125007979e-6
342.   0.005653237070259136   9.62630004425944e-6
342.25   0.005817347753292559   9.905582672957166e-6
342.5   0.005999941563713761   0.000010216350336066697
342.75   0.006204352635970818   0.000010564152824370701
343.   0.006434729013577371   0.0000109559050709063
343.25   0.006696192630891716   0.000011399480185636556
343.5   0.006995305683290978   0.000011906728740989461
343.75   0.007340148418250741   0.000012491473199438448
344.   0.007740569590666607   0.000013170556743434206
344.25   0.008208082431914867   0.000013963745628462996
344.5   0.008755114010968618   0.000014892224432462099
344.75   0.009393008172893904   0.000015975438737596172
345.   0.010128663794877604   0.00001722533415450715
345.25   0.01096087566111552   0.000018641392339439115
345.5   0.011878046599333966   0.00002020273759499879
345.75   0.012860532081061183   0.00002187577813560398
346.   0.013885314752833073   0.000023621072597597316
346.25   0.014930665316659928   0.000025400393109142163
346.5   0.015979031675975478   0.00002718440206375751
346.75   0.017017496288425308   0.000028950890543165234
347.   0.018037286547248992   0.0000306846725028855
347.25   0.019032770819238605   0.000032374524038826356
347.5   0.020000798941440502   0.00003401656056829688
347.75   0.020939751902119722   0.00003560839515581015
348.   0.02184907462430291   0.000037149543375710136
348.25   0.022728887351727074   0.00003864151238076921
348.5   0.02357978259307544   0.00004008492960808738
348.75   0.024402604353994318   0.000041481569671622806
349.   0.025198348380705095   0.00004283349133955526
349.25   0.025968260959131618   0.00004414528189664962
349.5   0.026713207836502297   0.000045416024861970386
349.75   0.0274342046631923   0.000046646915250314394
350.   0.028132235566770077   0.00004783901655381376
350.25   0.02880801239601257   0.00004899071361501379
350.5   0.029462738673377332   0.000050106208309674466
350.75   0.03009735843690676   0.00005118725726599761
351.   0.030712772066199486   0.00005223556351206251
351.25   0.0313099413882835   0.0000532538416219056
351.5   0.031889538517602685   0.00005424223355142875
351.75   0.032452291746996834   0.000055201811125502426
352.   0.03299888784223455   0.000056133563258921525
352.25   0.033530050706055865   0.00005703773054845549
352.5   0.034046286862552164   0.00005791606778382676
352.75   0.034548139571878064   0.00005876963641701476
353.   0.03503611792256188   0.000059599452121853306
353.25   0.035510896297441766   0.00006041514638002642
353.5   0.03597265121612108   0.00006120575981822209
353.75   0.03642171684761864   0.00006196843835283813
354.   0.036858396510594124   0.00006270007834300302
354.25   0.037282097513013326   0.00006337064807971581
354.5   0.0376942606977213   0.00006401331739354952
354.75   0.03809548003327747   0.0000646357548450109
355.   0.03848634465111733   0.00006524600840101897
355.25   0.038868383978307094   0.00006587943988972377
355.5   0.03924087721253254   0.00006650765761211395
355.75   0.03960400058634565   0.00006712829003918616
356.   0.039957909319572264   0.00006773876448662122
356.25   0.04030224454498114   0.00006833023738115835
356.5   0.04063780524888538   0.00006890814875143157
356.75   0.04096489937398179   0.0000694719400793998
357.   0.04128382674493224   0.00007002098811968812
357.25   0.041595155252094056   0.0000705520490296983
357.5   0.04189878898786705   0.00007106791521410805
357.75   0.042194890418912584   0.00007156886223700103
358.   0.04248361136163849   0.00007205515212589721
358.25   0.04276497099391928   0.00007252417947923067
358.5   0.043039271017446555   0.00007298013308334385
358.75   0.043306685819918464   0.00007342443713972454
359.   0.043567382935927615   0.00007385854824038816
359.25   0.04382141956370407   0.00007428689740728379
359.5   0.04406909445858718   0.0000747069273536712
359.75   0.0443106000910825   0.00007511895769640357
360.   0.04454612483080722   0.00007552329711884122
360.25   0.04477587317580008   0.00007592324386531179
360.5   0.044999998271224834   0.00007631492664963303
360.75   0.045218669212695836   0.00007669737359979947
361.   0.045432051595919655   0.00007706956487215077
361.25   0.04564004250372596   0.00007742680842236762
361.5   0.04584316904477496   0.00007777302283277724
361.75   0.04604169765026066   0.00007810855943680723
362.   0.04623589514353382   0.00007843377045715795
362.25   0.04642766827420764   0.00007874807514153766
362.5   0.046615008785864165   0.00007905312442385306
362.75   0.04679750518159048   0.0000793496611071894
363.   0.046974728042824446   0.00007963843982461656
363.25   0.047144240047837356   0.0000799217060681281
363.5   0.0473083420793279   0.00008019818300977366
363.75   0.04746737726382987   0.00008046804773982825
364.   0.047621693698753416   0.00008073147281946306
364.25   0.04777208359749217   0.00008099007534140558
364.5   0.047918294463775345   0.00008124200586311204
364.75   0.048060507569045695   0.00008148682606292707
365.   0.04819890451910055   0.00008172407924956637
365.25   0.04833415124104648   0.00008194993989529485
365.5   0.04846575727627947   0.00008216857453761314
365.75   0.048593705911457445   0.00008238085533340761
366.   0.04871797630319436   0.0000825876694398801
366.25   0.048837986005984275   0.0000827941762536688
366.5   0.048954481737814415   0.00008299537091982872
366.75   0.04906766041250723   0.00008319043189008779
367.   0.0491777202332356   0.00008337851354248982
367.25   0.049285344396322636   0.00008355349452636482
367.5   0.049390060721778206   0.00008372178975584161
367.75   0.049491872494896096   0.00008388464281812654
368.   0.049590780177722935   0.00008404331977727993
368.25   0.04968687052575128   0.00008420226648917321
368.5   0.0497800146503976   0.00008435839823301485
368.75   0.049870168429357035   0.00008451175026598723
369.   0.049957284475414025   0.00008466235333560379
369.25   0.05004084405367117   0.00008481288801427091
369.5   0.05012144519933021   0.00008495968140308439
369.75   0.05019922307981071   0.00008510166338020489
370.   0.05027431348815421   0.00008523773931639234
370.25   0.05034724418598602   0.00008536176341267063
370.5   0.05041760729452535   0.00008547959350659317
370.75   0.050485380263797626   0.00008559212248365948
371.   0.050550538304331906   0.00008570025737641414
371.25   0.05061268410022467   0.00008580705784199053
371.5   0.05067230434085605   0.00008591047973255477
371.75   0.05072951928876429   0.0000860105964165558
372.   0.05078444975588584   0.00008610747953788573
372.25   0.05083753712063832   0.00008620181471205342
372.5   0.050888457472119904   0.00008629281259200775
372.75   0.05093720250306098   0.00008638028834108575
373.   0.05098376230647067   0.00008646405143633061
373.25   0.05102791991186375   0.00008654316475393155
373.5   0.05106994865831746   0.00008661845926408361
373.75   0.05110991793935276   0.0000866900305479422
374.   0.05114789700237838   0.00008675797367916556
374.25   0.05118411147046519   0.00008682182222205898
374.5   0.051218412197214   0.00008688245217936809
374.75   0.05125080419923434   0.00008694018607441086
375.   0.05128129141460161   0.00008699534946275802
375.25   0.05130979282124213   0.0000870494685554598
375.5   0.051336427224363636   0.00008710120540311772
375.75   0.0513612296601958   0.00008715040625371295
376.   0.0513842346710052   0.00008719691313365376
376.25   0.05140547033247292   0.00008724039428584579
376.5   0.051424978580268926   0.00008728092000966374
376.75   0.051442794985954776   0.00008731838919237896
377.   0.05145895470884273   0.0000873526977487009
377.25   0.051473696057226834   0.00008738424812964688
377.5   0.05148676956826375   0.00008741222007681965
377.75   0.05149812637120271   0.00008743629351786692
378.   0.051507716103655746   0.00008745614280485212
378.25   0.051515105759162294   0.00008746708487427321
378.5   0.051520773655187556   0.0000874748523492714
378.75   0.05152482016258034   0.000087480873678435
379.   0.05152734627813973   0.0000874865951308285
379.25   0.05152845361876406   0.00008749348054632873
379.5   0.05152824441564102   0.00008750301109097977
379.75   0.051526821508475734   0.00008751668501721383
380.   0.05152428833976077   0.00008753601742880242
