310.   0.000014341705191105865   1.2645408753255583e-8
310.25   0.00001436895180324756   1.266896080217247e-8
310.5   0.000014397074563071005   1.2693834607657932e-8
310.75   0.000014426077948940007   1.2719946202427423e-8
311.   0.0000144559667730166   1.2747210322901818e-8
311.25   0.000014486746195142551   1.2775540357823335e-8
311.5   0.000014518421737425416   1.2804848294435812e-8
311.75   0.000014550999299570346   1.2835044662088694e-8
312.   0.000014584485175002026   1.2866038473115186e-8
312.25   0.000014618843957485135   1.2897971930682606e-8
312.5   0.000014654141388086444   1.2930424075403682e-8
312.75   0.000014690402318346055   1.2963202693019851e-8
313.   0.000014727652433279721   1.299611174256947e-8
313.25   0.000014765906819106337   1.3027226304086478e-8
313.5   0.000014805208896741322   1.3058742182227907e-8
313.75   0.000014845591787887189   1.3091159139290593e-8
314.   0.000014887089710559876   1.3124988161692933e-8
314.25   0.000014929761966649817   1.3162644837794614e-8
314.5   0.00001497361182157855   1.3202031186020987e-8
314.75   0.000015018667249185743   1.3242916703087599e-8
315.   0.0000150649573054112   1.328506609124044e-8
315.25   0.000015112511977438599   1.3327562987790336e-8
315.5   0.00001516136292253183   1.3371101894904242e-8
315.75   0.000015211542844694675   1.3415710107019004e-8
316.   0.000015263085754912018   1.3461416010009957e-8
316.25   0.000015316045059328756   1.350897711620799e-8
316.5   0.000015370432525636875   1.355741225569528e-8
316.75   0.00001542627905476577   1.3606453265926068e-8
317.   0.000015483616943042034   1.365582554458802e-8
317.25   0.00001554241036111775   1.3702633083224558e-8
317.5   0.000015602791312315892   1.3750220405446554e-8
317.75   0.000015664825466938152   1.3799371392558497e-8
318.   0.000015728580989828952   1.3850891578570306e-8
318.25   0.000015794205386048533   1.3908843941979891e-8
318.5   0.000015861665668259487   1.3969588198188861e-8
318.75   0.000015931006575640464   1.4032663691470601e-8
319.   0.000016002275007350375   1.4097597720019983e-8
319.25   0.000016075482921589173   1.4162083560037136e-8
319.5   0.0000161507335793501   1.4228150854992362e-8
319.75   0.000016228096544294062   1.429604162608115e-8
320.   0.000016307644545979382   1.436600608969803e-8
320.25   0.000016389456881261873   1.4439080552308273e-8
320.5   0.00001647360871229243   1.4514454367206217e-8
320.75   0.00001656018208692568   1.459208236770276e-8
321.   0.000016649262993714892   1.4671919165199373e-8
321.25   0.000016740947656468037   1.4753786222708388e-8
321.5   0.000016835322287721752   1.4837822006369286e-8
321.75   0.00001693248369124306   1.4924035751782252e-8
322.   0.00001703253359782113   1.5012438355861143e-8
322.25   0.00001713558271610874   1.5102259723989396e-8
322.5   0.000017241738425999   1.519459919922357e-8
322.75   0.000017351117674485994   1.5289800073479445e-8
323.   0.000017463843696790598   1.5388219877872562e-8
323.25   0.00001758002460652476   1.5491080069966287e-8
323.5   0.000017699827760094258   1.559759419735057e-8
323.75   0.0000178234070846754   1.5707813245911324e-8
324.   0.00001795092507701694   1.582179264648309e-8
324.25   0.00001808258612502545   1.5940102733969095e-8
324.5   0.000018218526482799567   1.606210292198983e-8
324.75   0.000018358924495859606   1.6187649807055778e-8
325.   0.000018503969272112017   1.6316596767965668e-8
325.25   0.00001865383868794703   1.6446723315120777e-8
325.5   0.000018808777415424672   1.658073803192164e-8
325.75   0.00001896902163787832   1.671935572628636e-8
326.   0.00001913482246989022   1.68633270899e-8
326.25   0.000019306486298784327   1.7016220729327187e-8
326.5   0.00001948424374421147   1.7175029716613434e-8
326.75   0.000019668381805309342   1.7339454641073362e-8
327.   0.000019859207122683934   1.750918649444841e-8
327.25   0.00002005694163981646   1.7680571637012402e-8
327.5   0.000020262082728666945   1.7857878677190666e-8
327.75   0.000020475051807566002   1.8042182110958718e-8
328.   0.000020696300229694705   1.8234620184783882e-8
328.25   0.000020926418774035234   1.8440308873712815e-8
328.5   0.000021165780118128125   1.8655148495346193e-8
328.75   0.000021414897460692996   1.8878835774932788e-8
329.   0.000021674324142881254   1.9111059090952178e-8
329.25   0.0000219446147440765   1.9347744655707293e-8
329.5   0.000022226474124111167   1.9593722936881303e-8
329.75   0.000022520620094703475   1.9850265872165627e-8
330.   0.000022827830697234768   2.0118739243173676e-8
330.25   0.000023148992719314226   2.040326198988559e-8
330.5   0.000023484966856825786   2.0701782396587575e-8
330.75   0.000023836735387411837   2.1014865491698285e-8
331.   0.000024205370530247424   2.134313480014929e-8
331.25   0.000024591997876899887   2.1686207594461288e-8
331.5   0.000024997966398544987   2.204631273479611e-8
331.75   0.000025424706956069954   2.2424761547880035e-8
332.   0.000025873793254184203   2.2822995341093107e-8
332.25   0.000026346965002743012   2.3242781185686207e-8
332.5   0.000026846131432635646   2.3685627191677598e-8
332.75   0.000027373412224161947   2.4153394440281725e-8
333.   0.000027931160458682075   2.4648149299327512e-8
333.25   0.00002852201344541263   2.5171792201417545e-8
333.5   0.000029148868946173096   2.572743448866615e-8
333.75   0.000029814989798659927   2.6318128609138853e-8
334.   0.00003052403866015385   2.694729849393687e-8
334.25   0.00003128015558958049   2.762074664514422e-8
334.5   0.00003208797850007083   2.8340182840990617e-8
334.75   0.00003295278201328771   2.910965110597283e-8
335.   0.00003388056718874527   2.9933761995889963e-8
335.25   0.00003487807422548666   3.08140428763589e-8
335.5   0.00003595331414962758   3.1761594946293773e-8
335.75   0.00003711538824773065   3.278513387935733e-8
336.   0.00003837482267457128   3.3894730113269276e-8
336.25   0.00003974398512076203   3.510495466986797e-8
336.5   0.00004123697795824178   3.642561471736337e-8
336.75   0.00004287050554735213   3.787136488125625e-8
337.   0.00004466428722611996   3.94595072510141e-8
337.25   0.00004664168773596352   4.121016449768835e-8
337.5   0.00004883074788819195   4.3148444750551884e-8
337.75   0.00005126513241724293   4.530407595778396e-8
338.   0.00005398560125879301   4.77130517963389e-8
338.25   0.000057041876952701223   5.041912993787766e-8
338.5   0.00006049500020907382   5.347640612636656e-8
338.75   0.0000644205603140791   5.695170205463369e-8
339.   0.00006891287234085536   6.0928390997628e-8
339.25   0.00007409052318797289   6.55104623060515e-8
339.5   0.00008010379170647977   7.083180748699853e-8
339.75   0.000087144348461815   7.706229389326649e-8
340.   0.0000954579635246347   8.441976764542415e-8
340.25   0.00010536057690092274   9.318734703089015e-8
340.5   0.00011725733792491326   1.0372064275232531e-7
340.75   0.00013166204846301512   1.1647364025668236e-7
341.   0.00014920855557181583   1.3200612472405665e-7
341.25   0.000170632503777468   1.5095821734464152e-7
341.5   0.00019667596315627297   1.739940523224259e-7
341.75   0.00022782080651902894   2.015414821011633e-7
342.   0.00026371917509905265   2.3329581403272593e-7
342.25   0.00030226902902829873   2.6741597436350604e-7
342.5   0.0003387552142768106   2.9972214002831416e-7
342.75   0.00036639851785731387   3.2421583432806275e-7
343.   0.0003795980115923743   3.3593750281322423e-7
343.25   0.0003780536157766577   3.346245508550257e-7
343.5   0.00036716064482490165   3.2503321569538674e-7
343.75   0.0003539631666702103   3.133915978071437e-7
344.   0.00034313675445268497   3.0383487157517685e-7
344.25   0.00033596413492074814   2.9746697461648684e-7
344.5   0.0003315940336104872   2.935714970875961e-7
344.75   0.00032873115092812234   2.910080938235251e-7
345.   0.00032653913773982675   2.8904274517453236e-7
345.25   0.0003246934245024425   2.8741737243215183e-7
345.5   0.00032313542480356055   2.860545443894194e-7
345.75   0.0003218835491411013   2.849680305836243e-7
346.   0.00032094338597266964   2.8416030149434204e-7
346.25   0.0003202902029837263   2.835989434244567e-7
346.5   0.0003198817927474689   2.832554013390583e-7
346.75   0.0003196713846469235   2.830890131250453e-7
347.   0.0003196161652627481   2.830626211436915e-7
347.25   0.0003196808070461791   2.83154303995038e-7
347.5   0.000319835924114709   2.8332679809010796e-7
347.75   0.0003200588947654144   2.835573524466559e-7
348.   0.00032033215843508433   2.83827655111385e-7
348.25   0.00032064050600833286   2.841096809991073e-7
348.5   0.0003209756005712997   2.8440958160608167e-7
348.75   0.00032132983989691105   2.8472251114178286e-7
349.   0.00032169739734942774   2.850452228224404e-7
349.25   0.00032207553733316696   2.853919857731364e-7
349.5   0.0003224584248786977   2.8573903850768584e-7
349.75   0.000322842744007992   2.860794365407272e-7
350.   0.00032322580026166207   2.8640672782134574e-7
350.25   0.0003236041589470339   2.8668016247511886e-7
350.5   0.00032397770395295813   2.869422810089599e-7
350.75   0.0003243454119122237   2.8720161679396656e-7
351.   0.0003247065080018834   2.874670604257769e-7
351.25   0.00032506120548551757   2.877940506045028e-7
351.5   0.00032540799459123597   2.8812760082210763e-7
351.75   0.000325746276070932   2.8845862295428866e-7
352.   0.0003260755554831126   2.887779998955801e-7
352.25   0.0003263954363373987   2.890404938397165e-7
352.5   0.0003267055636980151   2.892871988712574e-7
352.75   0.000327005652778819   2.8952350906973695e-7
353.   0.00032729546683261235   2.897549380548736e-7
353.25   0.00032757378536675595   2.90007874030597e-7
353.5   0.00032784187201423105   2.9025908457956707e-7
353.75   0.00032810000629923875   2.9050595394238346e-7
354.   0.0003283484956704434   2.9074585261090866e-7
354.25   0.00032858896999520785   2.909663202555773e-7
354.5   0.0003288199698982039   2.9117838258304814e-7
354.75   0.0003290413375826198   2.91383341214828e-7
355.   0.0003292529242922923   2.915825234715799e-7
355.25   0.0003294541880003189   2.917868190068724e-7
355.5   0.0003296455511990431   2.9198429245082614e-7
355.75   0.00032982704445627697   2.921724640942899e-7
356.   0.0003299987031783022   2.9234882863639785e-7
356.25   0.0003301598574635027   2.924972062554894e-7
356.5   0.00033031153898031347   2.92634084614554e-7
356.75   0.00033045407984290306   2.9276241844744454e-7
357.   0.0003305878169035858   2.9288519742734175e-7
357.25   0.00033071364906647483   2.930178607271594e-7
357.5   0.00033083114229598724   2.9314613768993747e-7
357.75   0.00033094041804962346   2.932680812242196e-7
358.   0.0003310415981205496   2.9338172168724997e-7
358.25   0.0003311355610420187   2.9347886384297477e-7
358.5   0.0003312213722232111   2.9356615150356227e-7
358.75   0.00033129884606619096   2.9364406275691e-7
359.   0.00033136779318377593   2.937130795771658e-7
359.25   0.0003314264968734271   2.937707597995897e-7
359.5   0.0003314768864230084   2.938216794668368e-7
359.75   0.00033151937769838955   2.9386751708921265e-7
360.   0.00033155438853492067   2.9390996594767046e-7
360.25   0.00033158331970592806   2.939579045783143e-7
360.5   0.00033160522287829894   2.9400304376412524e-7
360.75   0.0003316201237147466   2.940442152773555e-7
361.   0.0003316280456028201   2.940802368415166e-7
361.25   0.00033162890639297624   2.9410731306553925e-7
361.5   0.0003316228689967518   2.941278632617485e-7
361.75   0.000331609991643135   2.941417162105346e-7
362.   0.00033159033061106163   2.941486970105638e-7
362.25   0.00033156372817282976   2.9414399908269986e-7
362.5   0.0003315305327931089   2.941339026041555e-7
362.75   0.00033149088067715196   2.941200942273379e-7
363.   0.00033144490683836186   2.9410427353428865e-7
363.25   0.0003313927689536797   2.940978502832709e-7
363.5   0.0003313345663281179   2.940890068381996e-7
363.75   0.00033127042074282957   2.9407555832205646e-7
364.   0.0003312004527083586   2.9405529856019574e-7
364.25   0.0003311247330585714   2.9402611453308053e-7
364.5   0.00033104344740239844   2.939855991296509e-7
364.75   0.0003309567320629259   2.939314381894017e-7
365.   0.00033086472229283735   2.938612972145379e-7
365.25   0.0003307680308625269   2.937501955158279e-7
365.5   0.000330666122476142   2.936273613481628e-7
365.75   0.00033055893583862984   2.9349954477943576e-7
366.   0.0003304464070970126   2.9337354931912305e-7
366.25   0.0003303279532358941   2.9328206501772254e-7
366.5   0.00033020422706199004   2.931959140189319e-7
366.75   0.0003300753659887883   2.931116186364932e-7
367.   0.0003299415066236819   2.930256712242022e-7
367.25   0.0003298027712554388   2.92926274416802e-7
367.5   0.0003296593138076775   2.928214010734388e-7
367.75   0.00032951127400319036   2.927107923730023e-7
368.   0.00032935879084768506   2.925941861463879e-7
368.25   0.0003292023255811562   2.9246825266929635e-7
368.5   0.0003290415646532107   2.9233700410641944e-7
368.75   0.00032887651461039735   2.922014056752171e-7
369.   0.0003287071803921164   2.9206242834496486e-7
369.25   0.0003285326115626557   2.919343714064306e-7
369.5   0.00032835414249676866   2.9179960363105807e-7
369.75   0.0003281721584261498   2.9165373561014456e-7
370.   0.00032798704575984564   2.914923458884322e-7
370.25   0.0003278015538787013   2.9127849651797764e-7
370.5   0.0003276127715402395   2.910530918690699e-7
370.75   0.00032742013561330583   2.908247247402073e-7
371.   0.00032722307764581986   2.9060204631444725e-7
371.25   0.0003270180125810903   2.904383024104427e-7
371.5   0.00032680856935188323   2.902800266318866e-7
371.75   0.00032659537877747065   2.9011807439887105e-7
372.   0.0003263790746341591   2.8994323840450493e-7
372.25   0.0003261628514474701   2.897042664321639e-7
372.5   0.0003259437745152332   2.8945049490389287e-7
372.75   0.0003257214546992531   2.891894650580521e-7
373.   0.00032549549909673223   2.889287666969091e-7
373.25   0.00032526457717090874   2.8870984687283343e-7
373.5   0.0003250295937829897   2.884931431947068e-7
373.75   0.00032479052162379655   2.8827275537439874e-7
374.   0.00032454733216695205   2.8804274475305187e-7
374.25   0.0003242986054995452   2.8776065391090544e-7
374.5   0.00032404625355247934   2.8747145238098673e-7
374.75   0.0003237908046451163   2.8718379504357356e-7
375.   0.00032353278931815486   2.8690638879976543e-7
375.25   0.0003232746801869921   2.866866128513336e-7
375.5   0.0003230143009622547   2.8647929912890683e-7
375.75   0.0003227514068830842   2.862777416139334e-7
376.   0.00032248575073509016   2.8607519266378786e-7
376.25   0.00032221595321513334   2.8584129902588207e-7
376.5   0.00032194334121688357   2.8560216703380915e-7
376.75   0.00032166811555226697   2.8536042238544335e-7
377.   0.00032139047730205   2.85118705282527e-7
377.25   0.00032111102379678036   2.8488663509231095e-7
377.5   0.00032082940316995783   2.8465714540867114e-7
377.75   0.0003205456577773203   2.8443011301252714e-7
378.   0.00032025982935514645   2.8420541293145684e-7
378.25   0.00031997243800573863   2.8398961116203826e-7
378.5   0.0003196828547464786   2.837732242796798e-7
378.75   0.00031939092659925497   2.8355342660993594e-7
379.   0.00031909649896943575   2.8332737634998e-7
379.25   0.00031879941566908887   2.830922157878836e-7
379.5   0.0003184995189397971   2.828450715182956e-7
379.75   0.00031819664947506707   2.825830546545895e-7
380.   0.0003178906464423479   2.8230326103756353e-7
