310.   0.00003252541857400242   2.871169902381228e-8
310.25   0.00003252337254311932   2.871373042599496e-8
310.5   0.00003252218518462983   2.871490264812274e-8
310.75   0.00003252186807267329   2.8715552666381354e-8
311.   0.00003252243308992164   2.8716021065098033e-8
311.25   0.00003252389243761814   2.8716652148231633e-8
311.5   0.000032526258646020366   2.8717794054888665e-8
311.75   0.000032529544585266605   2.8719798879046803e-8
312.   0.000032533763476685825   2.8723022793677156e-8
312.25   0.00003253894075905622   2.8729173989463977e-8
312.5   0.000032545073849583764   2.873673638898602e-8
312.75   0.00003255217228716106   2.8745532469908787e-8
313.   0.000032560245955644855   2.8755382926181103e-8
313.25   0.000032569268005918266   2.876551465824336e-8
313.5   0.00003257930079889219   2.8776570552827457e-8
313.75   0.00003259037038134737   2.8788605857723718e-8
314.   0.00003260250338015431   2.8801676728235737e-8
314.25   0.000032615782265540815   2.88155437124985e-8
314.5   0.00003263015781882535   2.8830678577586825e-8
314.75   0.0000326456360986602   2.8847260821078095e-8
315.   0.00003266222354575445   2.8865472510232834e-8
315.25   0.00003267988083895494   2.8887157440473573e-8
315.5   0.00003269867961217575   2.891018890990557e-8
315.75   0.00003271864629919046   2.8934083063578736e-8
316.   0.000032739808026712075   2.895835006281951e-8
316.25   0.000032762217949996046   2.8981863620210686e-8
316.5   0.000032785869363703956   2.9005000288428447e-8
316.75   0.000032810781343735066   2.9027507286809275e-8
317.   0.000032836973628906084   2.90491285151071e-8
317.25   0.000032864470933883614   2.906603476701499e-8
317.5   0.00003289328842650047   2.9082940522899177e-8
317.75   0.0000329234462535013   2.9101031571138408e-8
318.   0.000032954965312900554   2.912151086147929e-8
318.25   0.00003298785361161845   2.914995259666794e-8
318.5   0.00003302215270796783   2.918152659546442e-8
318.75   0.000033057891514976295   2.921571836906812e-8
319.   0.000033095099915317245   2.9252006532589533e-8
319.25   0.0000331337989933281   2.9288769941649265e-8
319.5   0.000033174034369766965   2.932699559561789e-8
319.75   0.00003321584309035273   2.936658512786256e-8
320.   0.00003325926341219879   2.940743921325725e-8
320.25   0.00003330434171845966   2.944839497315105e-8
320.5   0.000033351109289655396   2.9490831842211138e-8
320.75   0.00003339960554934681   2.9535080860139546e-8
321.   0.00003344987131710205   2.9581479161273296e-8
321.25   0.000033501988956491606   2.9632722388817758e-8
321.5   0.00003355594642711025   2.968588344237632e-8
321.75   0.000033611772769171286   2.974035891474177e-8
322.   0.000033669498412734945   2.9795535855859284e-8
322.25   0.00003372904847150558   2.984837176241525e-8
322.5   0.00003379060509274566   2.990160374774846e-8
322.75   0.00003385424694301094   2.995557674512785e-8
323.   0.00003392005517717089   3.001064257177027e-8
323.25   0.00003398833811060379   3.0068489749434226e-8
323.5   0.00003405886954723239   3.012763340192476e-8
323.75   0.00003413164698317993   3.0187903928500276e-8
324.   0.00003420666915924559   3.024912945686258e-8
324.25   0.00003428354354037012   3.0308797029304675e-8
324.5   0.00003436281812935668   3.0369985803810846e-8
324.75   0.00003444465669915947   3.043347466830508e-8
325.   0.00003452922787567059   3.0500059411245465e-8
325.25   0.000034617103702202727   3.057251465877004e-8
325.5   0.00003470790895677051   3.0648943251060344e-8
325.75   0.00003480166501168955   3.0729392337597656e-8
326.   0.000034898395678141914   3.0813912208646296e-8
326.25   0.00003499793237133162   3.0903374698736214e-8
326.5   0.00003510057550917763   3.099669863599318e-8
326.75   0.000035206437276550365   3.10936087457969e-8
327.   0.00003531563480933428   3.119382600743724e-8
327.25   0.000035428348561269454   3.129656675422057e-8
327.5   0.00003554462573615833   3.140224034058587e-8
327.75   0.00003566457631234067   3.151076156111145e-8
328.   0.0000357883159735578   3.1622045795909726e-8
328.25   0.00003591593946596639   3.1736756821947514e-8
328.5   0.00003604761256797627   3.185377204926738e-8
328.75   0.00003618348154870791   3.197270087572727e-8
329.   0.00003632370033663088   3.209314561960053e-8
329.25   0.00003646837936973371   3.221034199988773e-8
329.5   0.00003661776129575324   3.232993356437664e-8
329.75   0.00003677204767715368   3.245329981058959e-8
330.   0.00003693145070182767   3.258186186044196e-8
330.25   0.00003709628875372186   3.272024326108296e-8
330.5   0.000037266665984731046   3.286557124595299e-8
330.75   0.00003744279207418243   3.3018101238322964e-8
331.   0.0000376248896452975   3.3178103119519966e-8
331.25   0.000037813175216286574   3.334777246968355e-8
331.5   0.00003800792824989635   3.352476077048221e-8
331.75   0.00003820942496986159   3.3708595473729514e-8
332.   0.00003841795947246378   3.389879784825758e-8
332.25   0.00003863381577815568   3.40923864673221e-8
332.5   0.00003885736916782066   3.4292331137407554e-8
332.75   0.00003908898917519025   3.449917235525248e-8
333.   0.0000393290705946342   3.4713480098426964e-8
333.25   0.000039578034681213264   3.493659668044417e-8
333.5   0.000039836335264428384   3.516813322239002e-8
333.75   0.00004010445798493024   3.540845531084342e-8
334.   0.000040382924466516353   3.5657958087353344e-8
334.25   0.000040672316658609876   3.591682621680465e-8
334.5   0.00004097321021727737   3.618585929686092e-8
334.75   0.00004128624871816209   3.6465661938547384e-8
335.   0.00004161212813956516   3.6756886607444675e-8
335.25   0.00004195160018537089   3.706069022972887e-8
335.5   0.00004230548620647762   3.737721260137065e-8
335.75   0.00004267467684540564   3.770709268937792e-8
336.   0.00004306014240709774   3.805103308784291e-8
336.25   0.00004346294069436117   3.84096034141193e-8
336.5   0.0000438842327588402   3.8783939230805806e-8
336.75   0.000044325290207543116   3.917507064794321e-8
337.   0.000044787510859220835   3.958413380713197e-8
337.25   0.000045272474205316266   4.001107715008857e-8
337.5   0.00004578182871500987   4.045909476514911e-8
337.75   0.00004631744406076354   4.0930291701501206e-8
338.   0.000046881399153870676   4.142698367007544e-8
338.25   0.000047475838000918774   4.195296014035205e-8
338.5   0.000048103595979032865   4.2509359648177576e-8
338.75   0.000048767662700980696   4.309880436973367e-8
339.   0.000049471403919710844   4.372424962380733e-8
339.25   0.00005021883180701224   4.439136697289113e-8
339.5   0.00005101398105767606   4.5100766190732536e-8
339.75   0.00005186168725890589   4.5855772122129224e-8
340.   0.00005276749792367316   4.6660263983529326e-8
340.25   0.000053737670217001144   4.751253222715957e-8
340.5   0.00005477981142949651   4.842645173207737e-8
340.75   0.00005590263229907969   4.941109172904241e-8
341.   0.00005711634967314109   5.047697688563755e-8
341.25   0.000058433155400998575   5.164275894422173e-8
341.5   0.00005986721814833355   5.29143292133071e-8
341.75   0.00006143566117089632   5.430605840306123e-8
342.   0.00006315915930620057   5.583537605993259e-8
342.25   0.00006506282368968629   5.752006524752733e-8
342.5   0.00006717758543751952   5.9391054771961174e-8
342.75   0.00006954161453656072   6.148245941973444e-8
343.   0.00007220239797951002   6.383668897857148e-8
343.25   0.00007521925052534224   6.650845351586546e-8
343.5   0.00007866644694148181   6.956168916042803e-8
343.75   0.00008263627087369878   7.307787171357315e-8
344.   0.0000872413243044635   7.715642683989823e-8
344.25   0.00009261369467192449   8.191644694111309e-8
344.5   0.00009889578368726722   8.748044962987836e-8
344.75   0.00010621848999453628   9.396256437683433e-8
345.   0.00011466283641341691   1.0143221534012923e-7
345.25   0.0001242164356936014   1.0986795332986968e-7
345.5   0.00013475269740752705   1.191632199451329e-7
345.75   0.0001460516457476353   1.2912269356688515e-7
346.   0.00015785410622840156   1.395167968540972e-7
346.25   0.0001699146243395345   1.5012056071571543e-7
346.5   0.0001820343306104982   1.6076932807431976e-7
346.75   0.00019406654160260294   1.71339277089629e-7
347.   0.00020591140707157277   1.817495334149211e-7
347.25   0.00021750714009598196   1.9198150943610852e-7
347.5   0.00022881449350815918   2.019749296145196e-7
347.75   0.00023981368439658212   2.117097530400086e-7
348.   0.0002504969489719663   2.2117548120258526e-7
348.25   0.00026086343527586707   2.3035648704946209e-7
348.5   0.0002709193074016461   2.3926623217944386e-7
348.75   0.00028067295589899064   2.479105536887063e-7
349.   0.00029013452290624564   2.5629660749961684e-7
349.25   0.00029931499532942566   2.6442483261731246e-7
349.5   0.00030822582381780957   2.723128998601805e-7
349.75   0.00031687839305557646   2.799718316601323e-7
350.   0.0003252838448970173   2.874126009580933e-7
350.25   0.00033345323988396344   2.946465153441521e-7
350.5   0.0003413964762290569   3.016834127461357e-7
350.75   0.00034912322569195033   3.085332977949498e-7
351.   0.000356642638710035   3.1520583804895037e-7
351.25   0.00036396293064793015   3.217199020046107e-7
351.5   0.00037109280272926284   3.280714664333416e-7
351.75   0.0003780400899818763   3.342649680488024e-7
352.   0.0003848121839326746   3.4030422781365866e-7
352.25   0.0003914162006962606   3.461813685483715e-7
352.5   0.00039785852577995344   3.519143011299121e-7
352.75   0.0004041453107125255   3.575100617493462e-7
353.   0.0004102823605681819   3.6297551164774267e-7
353.25   0.00041627539512132343   3.6832773349903343e-7
353.5   0.00042212926943889094   3.735590242691155e-7
353.75   0.0004278487821161378   3.7867131128905167e-7
354.   0.0004334384653039956   3.836661445468837e-7
354.25   0.0004389023312895055   3.885193116083173e-7
354.5   0.0004442448066271612   3.9326664663535956e-7
354.75   0.00044946984484039786   3.9791959990311307e-7
355.   0.00045458120418163   4.0248988377286086e-7
355.25   0.00045958230349698524   4.070412053067007e-7
355.5   0.000464476765727263   4.1151444064859697e-7
355.75   0.0004692679051127377   4.159000127953581e-7
356.   0.0004739588904730492   4.2018756433460714e-7
356.25   0.00047855355561139256   4.24314890020559e-7
356.5   0.0004830536997850431   4.2834072988211227e-7
356.75   0.0004874617698491146   4.3227420662711805e-7
357.   0.0004917800864002935   4.361246906044501e-7
357.25   0.0004960106924532601   4.3994041148852733e-7
357.5   0.0005001558968405049   4.4367782140396536e-7
357.75   0.00050421775002851   4.4733072523127923e-7
358.   0.0005081982050474341   4.508925222530544e-7
358.25   0.0005120983193695713   4.5430347723499293e-7
358.5   0.0005159209790726171   4.576292283851565e-7
358.75   0.0005196682128586825   4.6088417940195033e-7
359.   0.0005233419834469362   4.6408317660734845e-7
359.25   0.000526943750733444   4.672982551435574e-7
359.5   0.0005304759667290922   4.704664808405582e-7
359.75   0.0005339406017409957   4.735802292425143e-7
360.   0.0005373395796540454   4.766314867865215e-7
360.25   0.0005406774514217308   4.795763963736543e-7
360.5   0.0005439523526194052   4.824553746228246e-7
360.75   0.0005471649695921963   4.852740924120304e-7
361.   0.0005503159172251531   4.880383336641844e-7
361.25   0.0005534023750377212   4.907597515263694e-7
361.5   0.0005564294947495449   4.934363616536952e-7
361.75   0.0005593990931039713   4.96071882765349e-7
362.   0.0005623129666307292   4.986700700760946e-7
362.25   0.0005651749754550817   5.012518041049191e-7
362.5   0.0005679839885043699   5.037971884156291e-7
362.75   0.000570740885735462   5.063030004654421e-7
363.   0.0005734465081699785   5.08765860381369e-7
363.25   0.0005761009340567056   5.11168262205505e-7
363.5   0.0005787059386966396   5.135259323808275e-7
363.75   0.0005812625554334003   5.158408249778099e-7
364.   0.0005837717921081734   5.181149008085996e-7
364.25   0.0005862353119811442   5.203629969294968e-7
364.5   0.000588653130324608   5.225692045341989e-7
364.75   0.0005910259039932882   5.247301918958324e-7
365.   0.0005933542615323713   5.268425062774725e-7
365.25   0.0005956381926422466   5.288799296337261e-7
365.5   0.0005978791224492488   5.308702612316784e-7
365.75   0.0006000778525496801   5.328190379831433e-7
366.   0.0006022351657786678   5.347319008056453e-7
366.25   0.0006043500255954883   5.366522038472554e-7
366.5   0.0006064256847108726   5.385334816350684e-7
366.75   0.0006084636152186266   5.403661970591838e-7
367.   0.0006104652892506448   5.421405733773104e-7
367.25   0.000612435908850046   5.438007780560404e-7
367.5   0.0006143717581732685   5.454003188999185e-7
367.75   0.0006162727783428381   5.469475595694919e-7
368.   0.0006181388798492731   5.484510318567156e-7
368.25   0.0006199696487740419   5.49916679460302e-7
368.5   0.0006217653466849513   5.513571933851714e-7
368.75   0.0006235259177626394   5.527827223806071e-7
369.   0.000625251280960151   5.542035942193067e-7
369.25   0.0006269378831817488   5.55674290773371e-7
369.5   0.0006285903940701537   5.571442665106858e-7
369.75   0.000630210073819081   5.58606341060347e-7
370.   0.0006317981863541774   5.600531629231804e-7
370.25   0.0006333585498756243   5.614571118622657e-7
370.5   0.0006348888845900055   5.628384933722999e-7
370.75   0.0006363894218342326   5.641976915431796e-7
371.   0.0006378603782624497   5.655350790864978e-7
371.25   0.0006393007197707134   5.668523168835906e-7
371.5   0.0006407123569283977   5.681479462269449e-7
371.75   0.0006420959703154763   5.694217761041025e-7
372.   0.0006434522359488675   5.706735961901725e-7
372.25   0.0006447830679695614   5.719035054969377e-7
372.5   0.0006460874028537218   5.731107990572489e-7
372.75   0.0006473653962778969   5.742950769499027e-7
373.   0.0006486171917023164   5.754559193370833e-7
373.25   0.0006498421195909316   5.765903436167106e-7
373.5   0.0006510414160548026   5.777014351224244e-7
373.75   0.0006522155166599077   5.787897549758224e-7
374.   0.0006533648510166234   5.798558623006854e-7
374.25   0.0006544900951575753   5.809031470221227e-7
374.5   0.0006555913157954937   5.819282166745611e-7
374.75   0.0006566688227969393   5.829304694204638e-7
375.   0.0006577229191649628   5.839092842948746e-7
375.25   0.0006587537963724877   5.848627014359586e-7
375.5   0.0006597618903448001   5.857919028395579e-7
375.75   0.0006607475272385928   5.866967503443143e-7
376.   0.0006617110276242095   5.875770958551212e-7
376.25   0.0006626523796353679   5.884228853053512e-7
376.5   0.0006635723489681724   5.892477483337894e-7
376.75   0.0006644713734508815   5.900555391534446e-7
377.   0.0006653498877283973   5.908501593055209e-7
377.25   0.0006662089095413701   5.916497289098733e-7
377.5   0.0006670480500842933   5.924384810654039e-7
377.75   0.0006678674964079386   5.932146867667066e-7
378.   0.0006686674295191892   5.939765838561664e-7
378.25   0.0006694479156893479   5.947213365684353e-7
378.5   0.0006702092759837316   5.95448569736108e-7
378.75   0.0006709517183069364   5.961568482878094e-7
379.   0.0006716754455920879   5.968447115341341e-7
379.25   0.00067238065590761   5.975106735650892e-7
379.5   0.0006730675425608764   5.981532236385395e-7
379.75   0.0006737362941988121   5.98770826559903e-7
380.   0.0006743870949055973   5.993619230534082e-7
