310.   0.022938968669568675   0.00002545288420247421
310.25   0.02292911160375768   0.00002549995633883259
310.5   0.022920068163678465   0.000025536300507282375
310.75   0.022911819581854374   0.000025563553581990333
311.   0.022904347036284207   0.000025583368951446498
311.25   0.02289763164911016   0.000025597417027705224
311.5   0.02289165448526976   0.00002560738577382536
311.75   0.02288639655113185   0.00002561498125032645
312.   0.02288183879311655   0.000025621928181520993
312.25   0.02287787573453673   0.000025637796719277773
312.5   0.022874608711101183   0.000025653429672555964
312.75   0.022872053512636097   0.000025667436766373526
313.   0.02287022627390312   0.000025678411667435438
313.25   0.022869192262796947   0.000025673677911147732
313.5   0.022868900283548838   0.00002566749718210062
313.75   0.022869347781523802   0.00002566297921790117
314.   0.02287053235556497   0.000025663271223495148
314.25   0.02287244442269843   0.00002568557137383006
314.5   0.022875092148197825   0.00002571355745856206
314.75   0.02287847660918091   0.000025744806267673102
315.   0.022882599099490673   0.000025776865011074097
315.25   0.022887463281092004   0.00002579980648018471
315.5   0.022893067917770026   0.00002582149882835365
315.75   0.02289941413487365   0.00002584241922597069
316.   0.022906503299135753   0.000025863051078221083
316.25   0.02291412498922352   0.000025877081904313298
316.5   0.022922576803596384   0.000025894495082173543
316.75   0.022931947115190005   0.0000259185601016065
317.   0.02294232577238078   0.000025952591855709148
317.25   0.0229542144062536   0.000026026899571023823
317.5   0.022967133922878386   0.00002610731837976259
317.75   0.022981011994841996   0.00002618634406479866
318.   0.022995775592972997   0.00002625636640096228
318.25   0.023010983865694   0.00002626648720231223
318.5   0.023027074098609053   0.00002626906920282772
318.75   0.02304412050457   0.000026273743369609128
319.   0.023062198752681617   0.00002629028355567338
319.25   0.023081602449995704   0.00002637922337824268
319.5   0.023102108687215947   0.000026480092629237506
319.75   0.023123709657886845   0.000026582500175316926
320.   0.023146397867681398   0.00002667589477943283
320.25   0.023170051448392612   0.00002670425772507756
320.5   0.023194823426686995   0.000026719829515073844
320.75   0.023220754134283414   0.000026730018874807546
321.   0.023247885061735727   0.000026742353964846775
321.25   0.023276291549029795   0.00002678913575404826
321.5   0.023305972089042438   0.00002684380401798879
321.75   0.023336958646348663   0.000026904211234506153
322.   0.023369284338488144   0.000026968174925581598
322.25   0.02340299050069143   0.00002702752244796027
322.5   0.023438102960803554   0.000027088290081089983
322.75   0.023474655773674632   0.000027150614828975955
323.   0.023512684335169953   0.000027214637013577765
323.25   0.02355220098913381   0.00002727976209660228
323.5   0.02359327808137258   0.000027347165685017956
323.75   0.023635965459541674   0.00002741730114330372
324.   0.02368031480068   0.00002749063167567993
324.25   0.0237264831844727   0.000027575048783700918
324.5   0.023774382178972226   0.00002766070982143954
324.75   0.023824027148214272   0.000027745071374523702
325.   0.023875434836770657   0.000027825539846086276
325.25   0.023928514062747396   0.000027882698122231744
325.5   0.023983436813140146   0.000027937185087617728
325.75   0.024040269353662283   0.000027993121659896903
326.   0.02409908065800313   0.000028054716835456085
326.25   0.024159968453486898   0.000028138462434940015
326.5   0.024222971585206896   0.00002823179792161968
326.75   0.024288157487041637   0.00002833421607632618
327.   0.024355596745346462   0.000028445202389919832
327.25   0.024425348885211202   0.000028569978347984962
327.5   0.024497511420624802   0.00002870002640880463
327.75   0.024572171532522356   0.0000288324446006573
328.   0.02464942055780362   0.000028964264489991404
328.25   0.024729415426540242   0.000029078730392883268
328.5   0.02481217157484655   0.000029191797338733387
328.75   0.02489776927155553   0.000029305929430741034
329.   0.02498629348238518   0.00002942365551360985
329.25   0.02507772981458995   0.00002955546159704902
329.5   0.025172318651006605   0.000029693057670634766
329.75   0.0252702042251448   0.000029835932478777334
330.   0.025371538146877606   0.000029983565758461768
330.25   0.025476584947320535   0.000030139470177448804
330.5   0.025585366795788007   0.000030297492790509304
330.75   0.025698017317118294   0.000030455409828724426
331.   0.025814678623936285   0.000030610936208000027
331.25   0.025935449690439445   0.000030762004160464055
331.5   0.026060564221885327   0.00003090580168405862
331.75   0.026190215742013884   0.00003103971743628059
332.   0.026324610035127302   0.00003116105702512051
332.25   0.026463986581485698   0.00003123235010230119
332.5   0.026608550534266067   0.000031298818802693044
332.75   0.026758542503435078   0.00003137192241356734
333.   0.026914219817895362   0.000031463519353531596
333.25   0.02707582749088438   0.00003162902259069013
333.5   0.02724370327141791   0.00003182143310479199
333.75   0.02741817710454841   0.000032035989490581594
334.   0.02759960325213275   0.00003226777813872562
334.25   0.02778829268119034   0.00003250564317451527
334.5   0.027984752514902476   0.00003275274262208754
334.75   0.028189454670752   0.00003300617854624582
335.   0.02840290796699869   0.00003326295298223599
335.25   0.028625979715222648   0.00003349731367900819
335.5   0.02885882554081815   0.00003373734426947975
335.75   0.02910195664825294   0.00003398923398566722
336.   0.029355933869891458   0.000034259481605329196
336.25   0.029620966465723635   0.00003457786165540648
336.5   0.02989829502765207   0.00003491993083634004
336.75   0.030188840695513006   0.000035283607349720166
337.   0.030493612737945836   0.000035666761201665394
337.25   0.030813870567802822   0.00003606527141021897
337.5   0.031150628276343097   0.0000364795751849296
337.75   0.03150517151882437   0.0000369082062207419
338.   0.031878928518079525   0.000037349685927003596
338.25   0.0322736566768377   0.00003777971074542213
338.5   0.03269090791704557   0.00003822814997093194
338.75   0.03313260818020531   0.000038703320078256236
339.   0.03360093099964218   0.00003921421958286784
339.25   0.03409820218910009   0.00003979117876403241
339.5   0.03462741077841767   0.000040416731650405565
339.75   0.035191817805401766   0.00004109369546042553
340.   0.03579516356760134   0.000041825399097126556
340.25   0.036441612619605254   0.00004260299438479436
340.5   0.037136364788545505   0.00004344861956532548
340.75   0.03788531329872505   0.00004437349853656432
341.   0.03869536750984287   0.00004539051231000439
341.25   0.0395748657068434   0.000046563873506403726
341.5   0.040533252163401805   0.000047844076847766416
341.75   0.04158205159604781   0.00004922938159402928
342.   0.042735178727164945   0.00005071910907434533
342.25   0.044009631401806026   0.0000522380417509946
342.5   0.045426094087116925   0.00005389062017509538
342.75   0.047010207727518065   0.00005571671746838447
343.   0.048793873408293206   0.00005776485803633374
343.25   0.05081684242859012   0.00006012239479661675
343.5   0.05312913308499779   0.00006282625723029223
343.75   0.055792770557184256   0.0000659539648742346
344.   0.05888341334542452   0.00006960018377685224
344.25   0.062489597023632035   0.00007389928055441747
344.5   0.06670709116972039   0.00007894360171760485
344.75   0.07162365120666171   0.0000848363916652692
345.   0.07729332427371957   0.00009164052828434972
345.25   0.08370750303819098   0.00009932590666209497
345.5   0.09077995416503906   0.00010780800511171075
345.75   0.09836193404543356   0.0001169129028316341
346.   0.10627848118186684   0.00012643507901397355
346.25   0.11436404766674489   0.00013620194992550338
346.5   0.12248466294701013   0.00014602714285667285
346.75   0.13054159010811367   0.00015578218440386
347.   0.13846769033523645   0.00016537335264766478
347.25   0.14622158692048276   0.00017466873983874366
347.5   0.15377684140497003   0.00018370515439714193
347.75   0.1611201962929068   0.00019247983278959454
348.   0.1682464618621107   0.00020100303041370267
348.25   0.17515431577348356   0.00020934366788233146
348.5   0.1818489016588607   0.0002174627215233558
348.75   0.1883361886286567   0.00022536824997438466
349.   0.19462334372755616   0.00023306934962697359
349.25   0.20071870455522683   0.00024054894244682128
349.5   0.20662956475721603   0.0002478522480367207
349.75   0.21236370522034828   0.0002550007269125879
350.   0.21792873057778023   0.0002620166212606634
350.25   0.22333213069810784   0.00026903313630212037
350.5   0.2285807156946009   0.00027592381391843137
350.75   0.2336810895185   0.0002826624597906071
351.   0.23863949768974968   0.0002892189661590813
351.25   0.2434626556720664   0.0002954732939793478
351.5   0.2481549834785327   0.00030150565356627817
351.75   0.2527213300700508   0.0003073135355799259
352.   0.257166203912113   0.00031289401009878853
352.25   0.2614897335132073   0.00031808285731542337
352.5   0.2657013628202608   0.00032309674169284563
352.75   0.269806471487625   0.00032800208562771784
353.   0.2738102891178188   0.0003328695411874501
353.25   0.2777235494238306   0.0003381301214569047
353.5   0.28154346951917325   0.00034337304114237126
353.75   0.2852724571284452   0.0003485263266880556
354.   0.28891267535122245   0.0003535127644182385
354.25   0.2924629320117544   0.00035796382286120185
354.5   0.29592924701861867   0.00036218651704468166
354.75   0.29931447632877234   0.00036621201231459
355.   0.30262135352254244   0.0003700733086571278
355.25   0.30585305758866077   0.0003738660119815286
355.5   0.30901133106926254   0.0003775427189693507
355.75   0.3120983506765694   0.0003811156515976857
356.   0.31511619001997193   0.0003845974352544696
356.25   0.31806619003294584   0.0003879886365530171
356.5   0.320951115788009   0.00039131986004969026
356.75   0.3237730384071154   0.00039461016499362097
357.   0.32653396069813145   0.00039787920418134784
357.25   0.3292368909071048   0.00040122508205023657
357.5   0.3318822295168747   0.00040456091088657606
357.75   0.3344713488804385   0.00040787520715044825
358.   0.3370055513016408   0.00041115574477021475
358.25   0.3394861765045217   0.0004144035444862488
358.5   0.34191425413521515   0.000417585632718722
358.75   0.34429085432541456   0.0004206818298043104
359.   0.3466169891332984   0.00042367108957573163
359.25   0.3488921639168886   0.0004263471952714761
359.5   0.3511192940723391   0.00042894282658224306
359.75   0.35329984106298684   0.0004315115788782667
360.   0.35543523899759527   0.0004341088491888874
360.25   0.3575284652009278   0.00043708486589092083
360.5   0.3595787287091344   0.0004400921338732498
360.75   0.36158673719153633   0.00044306900693993537
361.   0.36355315672890365   0.0004459516699436195
361.25   0.36547769631243626   0.00044848013109901366
361.5   0.3673622167732695   0.00045085565332478924
361.75   0.36920765102146896   0.0004530889078156463
362.   0.37101490798366   0.00045519094656197166
362.25   0.37278455106229524   0.0004570994908637776
362.5   0.37451789257929885   0.00045892865108515134
362.75   0.3762159099493645   0.0004607211370166634
363.   0.3778795644588367   0.0004625208416179046
363.25   0.3795108251807117   0.0004645854581005712
363.5   0.38110920245748087   0.00046666580191602973
363.75   0.3826751905904673   0.0004687211748369295
364.   0.3842092598889524   0.000470709703036839
364.25   0.38571178671033435   0.00047235767275509156
364.5   0.387183294419698   0.00047394152063143165
364.75   0.3886242157091376   0.0004755112649244047
365.   0.39003496325152953   0.00047711815609464644
365.25   0.39141546731964294   0.0004790487855602834
365.5   0.39276674643325526   0.00048103128599474864
365.75   0.39408934819228314   0.0004830239395701785
366.   0.3953838071741535   0.00048498395088568554
366.25   0.3966497659537176   0.0004864657991247283
366.5   0.3978889576804752   0.000487983237942623
366.75   0.39910224268866545   0.0004896556827429777
367.   0.40029047799700024   0.0004916051515113359
367.25   0.4014564471170263   0.0004947956808917468
367.5   0.40259831665019186   0.0004981864218653287
367.75   0.4037161421548886   0.0005015619161954716
368.   0.4048099604134101   0.0005047019858962236
368.25   0.40587797682629284   0.0005065500688699253
368.5   0.4069227154430472   0.0005080343665012372
368.75   0.4079449038043338   0.0005092624255391914
369.   0.40894526722869196   0.0005103441298391877
369.25   0.4099266025810016   0.0005115962984745584
369.5   0.4108867445551313   0.0005128484816142194
369.75   0.41182556277819743   0.0005141334394727678
370.   0.41274290931837615   0.0005154845318480565
370.25   0.41363709419698075   0.0005171606634517788
370.5   0.41451005897973325   0.0005188831174120485
370.75   0.4153622298597295   0.0005205948826909203
371.   0.4161940282401353   0.0005222378561896594
371.25   0.4170054374829012   0.0005236208881329422
371.5   0.41779747358435004   0.0005248675614271965
371.75   0.41857072184414246   0.0005259705882593017
372.   0.41932576644837966   0.0005269225872017513
372.25   0.4200644863025476   0.0005275086874119839
372.5   0.4207856585088175   0.0005280102552006028
372.75   0.42148933496428126   0.0005285043869073371
373.   0.42217555809106216   0.0005290694843035657
373.25   0.42284399015448326   0.000530136908007789
373.5   0.42349517208264775   0.0005312975793836638
373.75   0.4241292705676985   0.0005324901137781376
374.   0.42474644603755324   0.0005336520863902787
374.25   0.42534704376290694   0.000534634765489192
374.5   0.4259309459613823   0.0005354925535248649
374.75   0.42649821726075215   0.0005361947931548938
375.   0.42704891542121626   0.0005367103779443887
375.25   0.4275804622521182   0.000536656828384338
375.5   0.42809656720359945   0.0005364913350477281
375.75   0.42859834003411484   0.0005363245301369629
376.   0.42908689981638387   0.00053626870674407
376.25   0.42956764529006025   0.0005369244096602644
376.5   0.43003576011493205   0.0005377287543842659
376.75   0.43049065124465696   0.0005386006588692234
377.   0.43093171015837567   0.000539457826124647
377.25   0.4313554880126866   0.0005399102134017408
377.5   0.4317652854185492   0.0005403005957990188
377.75   0.43216159893359624   0.000540667918352384
378.   0.43254492618634033   0.0005410516667917589
378.25   0.43291442739076547   0.0005416669606538257
378.5   0.43327246901046784   0.0005423101492062364
378.75   0.4336200964390749   0.0005429510648957948
379.   0.4339583632759957   0.0005435591225898059
379.25   0.43428833123358856   0.0005441033255920711
379.5   0.43461107004561383   0.0005445522715335529
379.75   0.43492765737691674   0.0005448741581414422
380.   0.4352391787343448   0.0005450367888902796
