310.	45.30888814158708	0.0646299871329341
311.	44.710701887406806	0.06384558606452666
312.	44.12074824802267	0.06307951561710931
313.	43.540221499220124	0.06230663474008793
314.	42.96879464829811	0.06157868991297181
315.	42.406449540554085	0.060840928401194226
316.	41.852230395928316	0.060116765177479554
317.	41.306617264994316	0.05936413881142777
318.	40.76935385883362	0.05863965511644608
319.	40.24066501004677	0.057945199850866214
320.	39.71993299249672	0.05726505576579063
321.	39.20703289512396	0.056584717118927486
322.	38.70194535747457	0.0559048855933782
323.	38.20415322220428	0.055247160405175154
324.	37.71472364904634	0.05458635686505981
325.	37.23247698254462	0.05393889382202458
326.	36.757449508167696	0.053308329085135164
327.	36.289227134082196	0.05268606366674665
328.	35.82896297245943	0.05207613947802994
329.	35.37521712214118	0.05146907969721593
330.	34.92795441208261	0.050950057128286146
331.	34.4890494642986	0.0503752942087731
332.	34.05564445282204	0.04977928698918918
333.	33.62858021432175	0.04919213439406631
334.	33.207995299992405	0.04861633219767016
335.	32.7934586303038	0.04806501505244071
336.	32.38428843266332	0.04745050443856209
337.	31.982248940844997	0.04692088544715441
338.	31.585807786876543	0.04639540649392274
339.	31.19515055102993	0.045862758568656035
340.	30.81054465162144	0.045342936918739744
341.	30.431319074815814	0.04482534353009535
342.	30.057770056582363	0.04432526380863281
343.	29.689303038954456	0.043809889679624986
344.	29.326781560068508	0.043308945020417544
345.	28.968722385852754	0.04281453462717718
346.	28.616462632540582	0.04233811823426439
347.	28.269796082076038	0.0419160851852579
348.	27.92692760679426	0.041455596141507824
349.	27.588252470998686	0.04100675711594895
350.	27.25530411215909	0.0405456922105563
351.	26.927366615358004	0.0400891731479513
352.	26.605817485385035	0.03962132776736729
353.	26.287178289430383	0.03917901653944051
354.	25.972602569872546	0.038735133923005066
355.	25.662648945900262	0.03830835864562619
356.	25.35751500572668	0.03788876950063521
357.	25.056336509409594	0.03747947582983363
358.	24.75933096403117	0.037075663227534264
359.	24.46636572823686	0.03667977163130709
360.	24.17733458131197	0.03627312968516767
361.	23.893858412162626	0.0359017303732713
362.	23.61273245925654	0.03550173519638047
363.	23.335326626131064	0.03511638258675043
364.	23.061848153386393	0.03475763789504245
365.	22.79230010713228	0.0343805954692784
366.	22.52656956840425	0.034016944977952206
367.	22.26460373626922	0.03365869919325379
368.	22.004859790114	0.03329416899706036
369.	21.74989576332636	0.032931361187216256
370.	21.498634660868003	0.03259250923715255
371.	21.250383838267627	0.0322488782560925
372.	21.005705406651856	0.03192256016383717
373.	20.763480076809596	0.03157166906383552
374.	20.525368242710922	0.03123728232225967
375.	20.290624135329995	0.03090590223726032
376.	20.059320680896015	0.030574150915395205
377.	19.831305081020428	0.030247245331565576
378.	19.605863607369514	0.02993257883627144
379.	19.383565672699163	0.029623990136473616
380.	19.16419698588917	0.029315862774764393