310.	89.85170131339285	0.060571194318022596
311.	88.66706292595491	0.05993377802790403
312.	87.50148422827894	0.05928353333269557
313.	86.35528885165597	0.05866984377951906
314.	85.22571365547445	0.05803091053923388
315.	84.11370396348426	0.05739407321347593
316.	83.01911763456606	0.05672736862850163
317.	81.94170899032527	0.05616174046138776
318.	80.8809262727436	0.05567431362257216
319.	79.83627822940663	0.05503189595353257
320.	78.8070368717646	0.05424160738448738
321.	77.7945333598204	0.0536769044855972
322.	76.79902259643723	0.053204981550057436
323.	75.81739035017166	0.05266811811292589
324.	74.85051735827305	0.05210563554716903
325.	73.8988911807267	0.051528682868897425
326.	72.96119811373258	0.05097262211509352
327.	72.03795798843112	0.05042009949920376
328.	71.1288125988848	0.04991951989120899
329.	70.2323108414148	0.04945645787271588
330.	69.34887784750873	0.04887923763135395
331.	68.47997713918569	0.04836384040137845
332.	67.62531265155852	0.048017919806588656
333.	66.78216132299833	0.047454587541476946
334.	65.95188647261728	0.04695175812064335
335.	65.133742057625	0.04647778480344374
336.	64.32760923271671	0.0459800062759705
337.	63.53337904939635	0.04550599249699634
338.	62.750841141569765	0.04511530007656326
339.	61.98002583716621	0.04469116067588049
340.	61.21969859803885	0.04427127813460378
341.	60.47165161824775	0.043789414108011064
342.	59.734263306627675	0.043351184471176016
343.	59.00762327134501	0.042919727175331684
344.	58.29188263504146	0.04248379394079702
345.	57.58628804858921	0.042062165871584935
346.	56.89121206970978	0.04164675364000869
347.	56.206299554016795	0.04126681371469522
348.	55.530888165931366	0.040879988408931804
349.	54.86495129112948	0.04048338582222672
350.	54.20862691522112	0.040091692637461304
351.	53.561982581071014	0.03968713176238798
352.	52.92394523886848	0.03929008427244351
353.	52.29530536183367	0.03891543352240277
354.	51.67565020258677	0.0385630706116731
355.	51.06544242229362	0.03817819265384861
356.	50.46308162176379	0.03780067124024395
357.	49.8688533101476	0.03745591563007684
358.	49.28299699928903	0.03715091680348961
359.	48.70529086713981	0.03679352623011587
360.	48.135389417428044	0.036448215917265867
361.	47.57377976820868	0.036083723571794575
362.	47.019679737165255	0.035703475437730545
363.	46.473248616937155	0.03536157446218199
364.	45.93432464030586	0.03503211817663643
365.	45.40322481885226	0.034692024011236125
366.	44.87924956640433	0.03436246521167752
367.	44.36257075829822	0.03403997808781792
368.	43.85290264345297	0.03374564472983166
369.	43.34985161299608	0.03343081848521549
370.	42.854044408264585	0.033126711061804995
371.	42.36510674584686	0.03285061307725164
372.	41.88261681347105	0.03255112596623714
373.	41.40677489376845	0.03224957938927713
374.	40.93731402123949	0.031970751383467284
375.	40.4738956568611	0.03165688414255961
376.	40.01705517012334	0.03134797741231172
377.	39.56636722888474	0.03104995300676142
378.	39.12230506783019	0.030796415913283668
379.	38.68363849305905	0.03054224750093626
380.	38.25075938356514	0.030260617178003536