310.   0.0636035929331526   0.00006870475499033476
310.25   0.06355005980484398   0.00006832442807050066
310.5   0.06349946076637421   0.00006805216910333597
310.75   0.06345157389910236   0.00006786980245711552
311.   0.06340617535636711   0.00006775896790032362
311.25   0.06336303930489563   0.0000677011148971081
311.5   0.06332193786419002   0.00006767749669799858
311.75   0.06328264104380216   0.0000676691642166583
312.   0.06324491667840326   0.00006765695968294759
312.25   0.06320743856554294   0.00006755925401140822
312.5   0.06317149349780204   0.00006744332536922729
312.75   0.06313728528576161   0.00006731460516902832
313.   0.06310502050586154   0.00006717858621553883
313.25   0.0630753662854532   0.00006703288600221116
313.5   0.06304789641930834   0.00006689420248501618
313.75   0.06302264056357736   0.0000667714472045459
314.   0.06299962924603128   0.00006667364107496928
314.25   0.06297911105981367   0.00006665755432503196
314.5   0.06296081542061821   0.0000666659831646401
314.75   0.06294468746406202   0.0000666889517329641
315.   0.06293067220225783   0.00006671636145046808
315.25   0.06291837941201113   0.00006670096416118077
315.5   0.06290822127653393   0.0000666840434717945
315.75   0.06290027861980807   0.00006667015301478246
316.   0.06289463395461428   0.00006666390665859603
316.25   0.06289136916864929   0.0000666743023904927
316.5   0.0628905736581396   0.00006670005380292637
316.75   0.06289233635732382   0.00006674421093506807
317.   0.06289674817184027   0.00006680986858931005
317.25   0.06290429817397317   0.00006693844673150231
317.5   0.06291452910736213   0.00006707975995535419
317.75   0.0629273770527268   0.00006722146905854747
318.   0.0629427780422211   0.00006735105985646905
318.25   0.0629604662206891   0.00006741310610799083
318.5   0.06298065892863151   0.0000674542950899609
318.75   0.06300337428855012   0.00006747895103580101
319.   0.0630286316468045   0.00006749146034726752
319.25   0.0630560424997337   0.0000674903908581411
319.5   0.06308619906682092   0.00006748846067744617
319.75   0.0631192914764094   0.00006749265556413847
320.   0.06315551397818589   0.00006751007193295259
320.25   0.06319552357179106   0.00006758370266674138
320.5   0.06323888440400507   0.00006767101609612028
320.75   0.06328561712339775   0.00006776486957090012
321.   0.06333574412122377   0.00006785800579483637
321.25   0.06338908960371221   0.00006792882393712182
321.5   0.06344595836814218   0.00006798964051954485
321.75   0.06350646024414261   0.00006803863405938162
322.   0.06357070861097965   0.00006807395029120386
322.25   0.06363907571483572   0.00006808006901153474
322.5   0.06371132716056915   0.00006807405342501941
322.75   0.06378748372169944   0.00006805951500880885
323.   0.06386756852774914   0.00006804012954674196
323.25   0.06395139247451241   0.00006801235009954123
323.5   0.06403928278368079   0.00006799014089585522
323.75   0.0641313583250516   0.0000679803719556961
324.   0.06422774259912085   0.00006799004825625776
324.25   0.0643285554351348   0.00006807339170753774
324.5   0.06443394223682561   0.00006817216340975252
324.75   0.06454404542347214   0.00006827452187589779
325.   0.06465901319092823   0.00006836839026520266
325.25   0.06477901699328237   0.00006838367895836101
325.5   0.06490419367036573   0.0000683881942973511
325.75   0.06503470370218807   0.00006839278590422242
326.   0.06517071460142543   0.00006840853598342927
326.25   0.06531238700673814   0.00006849177078152359
326.5   0.06545992366494383   0.00006859147392609789
326.75   0.0656135216402429   0.00006870100688006385
327.   0.06577338698639475   0.00006881358695066454
327.25   0.0659400356401971   0.00006888914016486128
327.5   0.06611327567840625   0.00006896665486780379
327.75   0.0662932199629178   0.00006905250938083335
328.   0.06647998975689341   0.00006915324109046989
328.25   0.06667336106960273   0.000069301523176099
328.5   0.06687396607176621   0.00006946814521339813
328.75   0.06708210091303457   0.00006964946986150463
329.   0.06729807657404396   0.00006984177660100574
329.25   0.06752232543165247   0.00007003410224751167
329.5   0.06775504462617553   0.00007023248498705333
329.75   0.06799655246069299   0.00007043588136933992
330.   0.06824718545163423   0.00007064322709455836
330.25   0.06850745350964778   0.00007083877338182293
330.5   0.06877752012178442   0.00007104176888653108
330.75   0.06905772127105915   0.00007125715260350627
331.   0.06934841536489453   0.00007149002243107014
331.25   0.06964926719237252   0.00007175379594608281
331.5   0.06996168156279263   0.00007204261421776965
331.75   0.07028639368847715   0.00007235873687437769
332.   0.0706241792969541   0.00007270452100034672
332.25   0.07097678144426958   0.00007311785313011119
332.5   0.07134378680270947   0.00007355219240013692
332.75   0.07172572938472631   0.00007399548145799673
333.   0.07212318551072931   0.00007443526744928445
333.25   0.07253647183977803   0.00007477275577823434
333.5   0.07296668526526814   0.000075113629527055
333.75   0.07341468226193255   0.00007547996870046168
334.   0.07388138524312428   0.00007589472482503551
334.25   0.07436761034227   0.00007648954503231318
334.5   0.0748746796632228   0.00007714024217673095
334.75   0.07540383105629833   0.00007782763964815309
335.   0.07595640305746357   0.00007853183078526109
335.25   0.07653363565938051   0.00007914082967617531
335.5   0.07713739324644446   0.00007975923774747959
335.75   0.07776947635030612   0.00008040303472439961
336.   0.07843184372343436   0.00008108900940925893
336.25   0.07912776882594214   0.00008188128225886472
336.5   0.07985801589755406   0.00008273443661589746
336.75   0.08062466015484644   0.00008364854487171225
337.   0.08143000297465496   0.0000846238402325616
337.25   0.08227471687607132   0.00008569278437633429
337.5   0.08316424917844012   0.00008681187052666531
337.75   0.08410258933365426   0.0000879682884556362
338.   0.08509415922746127   0.0000891486720252643
338.25   0.08614573128003492   0.00009027233906296815
338.5   0.0872602499316649   0.00009141627385941088
338.75   0.08844307204959599   0.00009259378936398983
339.   0.08970027083908566   0.00009381938711471372
339.25   0.0910379305352675   0.00009512888920681987
339.5   0.09246508832721383   0.00009651246860869094
339.75   0.09399118004136628   0.00009798080398303819
340.   0.09562706928566216   0.0000995460658157153
340.25   0.09738500872674324   0.00010118290981346938
340.5   0.09928007828460737   0.00010296103435307628
340.75   0.10132957002611066   0.00010491656401099058
341.   0.10355386119333908   0.00010709061938266093
341.25   0.1059779508991145   0.00010965477669319236
341.5   0.10862963521899463   0.00011249537531308649
341.75   0.11154336218837904   0.00011562032613846322
342.   0.11476098724621252   0.00011904192321293526
342.25   0.11833331938630752   0.00012263228276346674
342.5   0.12232421084292576   0.00012661185023747404
342.75   0.12681245495130408   0.00013108276915972103
343.   0.13189642635748147   0.00013617053105349924
343.25   0.13769856514322562   0.0001421632137817498
343.5   0.14437286347373143   0.00014907785500527056
343.75   0.15210749815217928   0.00015708501982776986
344.   0.16112539305250448   0.00016638548410236303
344.25   0.17167448502773738   0.0001770584698508263
344.5   0.183989488056725   0.00018947538225590928
344.75   0.19823583181454266   0.00020381652677638906
345.   0.21443141924409953   0.0002201162770570629
345.25   0.2323935168083286   0.00023830475518868546
345.5   0.25176818750786806   0.00025794179908577604
345.75   0.27210809360651517   0.00027857153183769696
346.   0.29297315588924944   0.00029974686210805735
346.25   0.31399677893360495   0.0003210337137555511
346.5   0.334898909178677   0.0003422298838091146
346.75   0.35548682557254613   0.0003631748338945594
347.   0.37563575173998065   0.0003837832198454152
347.25   0.39527242243121646   0.00040432513864664357
347.5   0.41435420832702063   0.00042441682906703524
347.75   0.4328632233060009   0.00044394600823131973
348.   0.45079674040693174   0.0004627971719134553
348.25   0.4681562346681826   0.0004803646326614207
348.5   0.48496176108549033   0.000497159897463407
348.75   0.5012321126775389   0.0005132685850562109
349.   0.5169881363781016   0.0005287912319640096
349.25   0.5322570270298831   0.0005441378052028132
349.5   0.5470535409390023   0.0005590332778050942
349.75   0.561397004701804   0.0005734761973784598
350.   0.57530599860565   0.0005874612163835616
350.25   0.5887946648517511   0.0006008443698753008
350.5   0.6018845149892809   0.0006137957603417362
350.75   0.6145928431624104   0.0006263594759341677
351.   0.6269360764790061   0.0006385811329780607
351.25   0.6389311676988931   0.0006506750483897893
351.5   0.6505910034668091   0.0006624611893571614
351.75   0.6619289607586294   0.0006739151188314018
352.   0.6729576388352007   0.000685008297210558
352.25   0.6836870614406315   0.000695518593753936
352.5   0.6941309388122926   0.0007056697918046668
352.75   0.7043006194134996   0.000715505087430159
353.   0.7142069049954759   0.000725069538959693
353.25   0.7238635448910002   0.0007347237941728342
353.5   0.7332756110641474   0.000744085257529451
353.75   0.7424509911677988   0.0007530685146971054
354.   0.7513970811987791   0.0007615821476932417
354.25   0.7601194805714478   0.0007687740781708676
354.5   0.7686265370080216   0.0007755811485455161
354.75   0.776924927945707   0.0007822189918137803
355.   0.7850209828540502   0.0007889144848344421
355.25   0.7929211704095425   0.0007969511981329144
355.5   0.8006305489469814   0.0008051346948800575
355.75   0.8081543344745293   0.0008132780969504964
356.   0.8154974662018912   0.000821183966281634
356.25   0.8226649051232577   0.0008279420895384536
356.5   0.8296606962606902   0.0008343054856365924
356.75   0.8364889243556063   0.0008403444752822741
357.   0.8431534520432868   0.0008461325562293243
357.25   0.8496497210895969   0.0008514051219364425
357.5   0.8559925432313017   0.0008567136581315845
357.75   0.8621886452910072   0.0008622844130496796
358.   0.8682447099088874   0.0008683520130063307
358.25   0.8741799888477977   0.0008766548239344563
358.5   0.8799836376001505   0.0008853729380598769
358.75   0.8856569487898223   0.0008941373456385592
359.   0.8912010025963308   0.0009025642516673546
359.25   0.8966106459813721   0.0009090146622921061
359.5   0.9018949157687952   0.0009147957517147777
359.75   0.9070568268640931   0.0009200003661296298
360.   0.9120992975850843   0.0009247251720256194
360.25   0.917019031053197   0.0009289229533753731
360.5   0.9218272584443225   0.0009329024183671238
360.75   0.9265291883238681   0.0009368326386256795
361.   0.9311300290761777   0.000940888035770239
361.25   0.935653313785016   0.0009463134227893978
361.5   0.9400788306768111   0.0009518154905292953
361.75   0.9444041841935428   0.0009571413253176454
362.   0.9486267661883997   0.0009620301412605203
362.25   0.9527239521874942   0.0009645237966196652
362.5   0.9567202326335228   0.0009666922841884594
362.75   0.9606206109752334   0.0009689527223081519
363.   0.9644301238070687   0.000971733980016729
363.25   0.9681646902794437   0.0009780171164459322
363.5   0.9718143436606187   0.000984724346811582
363.75   0.9753797345429738   0.0009912673197069344
364.   0.9788614337736462   0.0009970417081762244
364.25   0.982256186167118   0.0009987374697345648
364.5   0.9855696209484237   0.0009994579555885595
364.75   0.9888036326421936   0.0009996634949079222
365.   0.9919600829580844   0.0009998264208943388
365.25   0.9950412859399939   0.001001919717164589
365.5   0.9980483692252223   0.0010043689070759333
365.75   1.0009829048477026   0.0010070672863591963
366.   1.0038464326856935   0.0010099052620657644
366.25   1.006645645988855   0.001012508063088632
366.5   1.009374813237929   0.0010151253852716188
366.75   1.0120332517906174   0.0010177472606286283
367.   1.014620205383181   0.0010203633842786799
367.25   1.0171214737448206   0.001023261507238589
367.5   1.0195547643786846   0.0010260155142657217
367.75   1.0219246054914113   0.0010284915318709664
368.   1.0242355714656932   0.0010305528618167002
368.25   1.0265051170234194   0.0010311043222287393
368.5   1.0287200446000686   0.0010313338560469997
368.75   1.030879797852449   0.0010314887596587015
369.   1.0329837618917772   0.0010318213658829637
369.25   1.0350281492101654   0.0010335327531790298
369.5   1.0370165691582942   0.001035571131221941
369.75   1.038949516131425   0.0010378166060599063
370.   1.0408274550097636   0.0010401467656800064
370.25   1.0426508115093944   0.0010422273743702292
370.5   1.0444200083265023   0.001044222643132785
370.75   1.046135430647367   0.00104608857283722
371.   1.0477974371788912   0.0010477803436609047
371.25   1.0494006381366408   0.0010489105373678992
371.5   1.0509533121756405   0.0010499088041119522
371.75   1.052458082859368   0.00105086772521988
372.   1.0539175896973403   0.0010518814975339788
372.25   1.0553415513898556   0.0010534642350100904
372.5   1.0567227986807826   0.0010551304832740066
372.75   1.0580611325475089   0.001056808210583499
373.   1.0593563224581972   0.0010584241071885975
373.25   1.0606068157780106   0.0010595976245070006
373.5   1.0618141202638267   0.0010606793315489586
373.75   1.0629784419002815   0.0010617171139857878
374.   1.0640999659756978   0.0010627596170711072
374.25   1.0651796711852457   0.0010640008857911842
374.5   1.0662165687963538   0.0010652894442258521
374.75   1.0672104528417148   0.0010666171455192318
375.   1.0681610934167503   0.0010679756684359174
375.25   1.0690570503130332   0.0010697471480118686
375.5   1.0699136413278627   0.0010713783987858587
375.75   1.0707351269801753   0.0010727013858111117
376.   1.0715258116945603   0.0010735456061550077
376.25   1.0723049252000465   0.0010726649286001881
376.5   1.0730561095627873   0.0010713802805289467
376.75   1.0737777364802326   0.0010699510643451537
377.   1.0744681348785328   0.0010686404501822244
377.25   1.0751256429708445   0.0010689747419642464
377.5   1.0757484346937325   0.0010694683165607258
377.75   1.076334694010555   0.0010698827267617795
378.   1.0768825646057505   0.0010699761927695972
378.25   1.0773759814324604   0.0010683123678038278
378.5   1.0778327701262802   0.0010663043416245606
378.75   1.0782567206726092   0.0010641851767207967
379.   1.0786516599657887   0.0010621910680848428
379.25   1.0790214513428928   0.0010605612985460442
379.5   1.0793699941255552   0.0010595381950222523
379.75   1.079701223169568   0.0010593670856617182
380.   1.0800191084221122   0.0010602962578492828
