310.   0.00001859024451517198   1.6427182245590222e-8
310.25   0.00001858732240439765   1.6426030836598634e-8
310.5   0.000018584896699693468   1.6425399165485983e-8
310.75   0.00001858297422960982   1.642527084545386e-8
311.   0.000018581562002762094   1.6425629416388773e-8
311.25   0.000018580667213714825   1.6426458342893136e-8
311.5   0.00001858029724910368   1.6427741012268664e-8
311.75   0.000018580459694006783   1.642946073245067e-8
312.   0.00001858116233857739   1.6431600729891642e-8
312.25   0.000018582417223053648   1.64339810506553e-8
312.5   0.00001858422693390012   1.6436812339996497e-8
312.75   0.000018586598280943902   1.6440143730921303e-8
313.   0.000018589538289174042   1.6444025046413253e-8
313.25   0.00001859305148723149   1.6448708467339368e-8
313.5   0.000018597149147008012   1.645396392375987e-8
313.75   0.00001860184008909235   1.6459761600799602e-8
314.   0.000018607133394896555   1.646607146542697e-8
314.25   0.000018613045748461588   1.6472562308249306e-8
314.5   0.00001861957655238146   1.647962347894177e-8
314.75   0.00001862673275046879   1.64873464795349e-8
315.   0.00001863452154936602   1.649582412979204e-8
315.25   0.000018642925948722467   1.6505660145493327e-8
315.5   0.0000186519878559595   1.6516239410051823e-8
315.75   0.000018661725275986705   1.6527451903260322e-8
316.   0.00001867215665165281   1.6539186355106546e-8
316.25   0.00001868331630264613   1.6550945318110416e-8
316.5   0.000018695202089903236   1.6563151655907536e-8
316.75   0.00001870782760043938   1.6575846609935283e-8
317.   0.00001872120684276376   1.6589072169927085e-8
317.25   0.000018735384322354935   1.660291678059266e-8
317.5   0.000018750333028773912   1.6617360322086907e-8
317.75   0.000018766056105681935   1.663242861450607e-8
318.   0.000018782557012245628   1.664814807718519e-8
318.25   0.000018799765712684784   1.6664951842732778e-8
318.5   0.000018817789258019312   1.668230146761903e-8
318.75   0.0000188366622064177   1.670005992381036e-8
319.   0.000018856419948594115   1.671808836810232e-8
319.25   0.000018877202633025982   1.6735191749194595e-8
319.5   0.000018898902613940405   1.6752696944931454e-8
319.75   0.000018921515645401687   1.6770889015560686e-8
320.   0.000018945037787457637   1.6790057771287273e-8
320.25   0.000018969379216690714   1.681182924451374e-8
320.5   0.000018994656782063358   1.683464813564444e-8
320.75   0.00001902090272805054   1.685827654662241e-8
321.   0.000019048150260964873   1.6882473065889036e-8
321.25   0.000019076452928021828   1.6906032388706096e-8
321.5   0.00001910581905434957   1.6930043470751743e-8
321.75   0.000019136277107777762   1.695464562945776e-8
322.   0.000019167856569360127   1.697998095662513e-8
322.25   0.00001920060882007744   1.7005904713455285e-8
322.5   0.0000192345364916098   1.7032968468336488e-8
322.75   0.000019269663889707756   1.7061441842042267e-8
323.   0.000019306016388530714   1.7091599954792968e-8
323.25   0.000019343619111224036   1.7125126646667505e-8
323.5   0.0000193825016489608   1.71603551787961e-8
323.75   0.00001942269348452718   1.7197004538159147e-8
324.   0.000019464225419775035   1.723478909913787e-8
324.25   0.000019507109214502816   1.7273075812129462e-8
324.5   0.0000195514069665531   1.731204613781311e-8
324.75   0.000019597162248273816   1.735153973301472e-8
325.   0.000019644420434332098   1.7391393647370678e-8
325.25   0.000019693216144791802   1.7429164267670904e-8
325.5   0.000019743616277169525   1.7467853102837497e-8
325.75   0.000019795677431122417   1.750822336765362e-8
326.   0.0000198494585630672   1.755105557414636e-8
326.25   0.00001990508771376004   1.7601034267061297e-8
326.5   0.000019962536334102635   1.765357160605294e-8
326.75   0.00002002184394116953   1.770790870261713e-8
327.   0.000020083052380186865   1.776327086883592e-8
327.25   0.000020146111325246134   1.7815877629166563e-8
327.5   0.000020211199339547395   1.786907681461232e-8
327.75   0.000020278405136592397   1.792327162238209e-8
328.   0.00002034782137804014   1.7978876208892693e-8
328.25   0.0000204196022427886   1.8036239547473118e-8
328.5   0.0000204937693994266   1.8095906390208215e-8
328.75   0.000020570405314623218   1.8158359450393075e-8
329.   0.000020649596918046267   1.8224096087474392e-8
329.25   0.000020731458904560706   1.8295479446504977e-8
329.5   0.000020816056137144326   1.8370468552990246e-8
329.75   0.000020903481390864894   1.844884587339047e-8
330.   0.000020993833037784736   1.8530390994004403e-8
330.25   0.00002108715547561735   1.8614245479781506e-8
330.5   0.00002118364283860921   1.8701064485472947e-8
330.75   0.000021283437777017483   1.87908812279255e-8
331.   0.00002138669119624089   1.888373352920556e-8
331.25   0.000021493609340979176   1.8979359095384244e-8
331.5   0.000021604297183037414   1.9078229524563382e-8
331.75   0.00002171891522844182   1.9180525661959735e-8
332.   0.000021837634584389584   1.928643894461778e-8
332.25   0.000021960617252789903   1.9396354237169236e-8
332.5   0.000022088086891087064   1.9510234605804607e-8
332.75   0.000022220260755861206   1.9628233126398826e-8
333.   0.000022357371209318695   1.975051486718803e-8
333.25   0.000022499692999022424   1.9877103785162702e-8
333.5   0.000022647457089390276   2.0008406020385062e-8
333.75   0.000022800939219459288   2.0144694258457765e-8
334.   0.000022960436327372372   2.0286260972651087e-8
334.25   0.00002312619624295549   2.0433380108552755e-8
334.5   0.000023298665070268016   2.0586445500971674e-8
334.75   0.00002347824741689454   2.0745838539084677e-8
335.   0.000023665380521929567   2.091197048617878e-8
335.25   0.000023860621238744958   2.108536715554195e-8
335.5   0.000024064367731423568   2.1266396993374317e-8
335.75   0.000024277143007826858   2.1455547541069478e-8
336.   0.000024499518247880744   2.1653350253133772e-8
336.25   0.00002473208069220954   2.186028492038866e-8
336.5   0.000024975568279058787   2.2077126420611336e-8
336.75   0.000025230750934613514   2.2304615353825028e-8
337.   0.00002549847647997233   2.2543564731329355e-8
337.25   0.00002577968484310461   2.279565080735764e-8
337.5   0.00002607540714450342   2.3060785561492216e-8
337.75   0.00002638679265780377   2.3339729572047286e-8
338.   0.000026715121697611885   2.3633344428572146e-8
338.25   0.000027061820199296763   2.394087436676573e-8
338.5   0.00002742850019356457   2.4265815032573414e-8
338.75   0.000027816970820402238   2.461018390536378e-8
339.   0.00002822927670068541   2.497623533447849e-8
339.25   0.00002866775297021742   2.536879131818307e-8
339.5   0.000029135024813865292   2.5787570132891225e-8
339.75   0.000029634115778108852   2.623481300287653e-8
340.   0.000030168507080830355   2.6713133003685452e-8
340.25   0.00003074221293799374   2.722375473005171e-8
340.5   0.000031359946433807555   2.777278061866465e-8
340.75   0.000032027210533211406   2.8365280802982843e-8
341.   0.00003275049312609464   2.9007215466177062e-8
341.25   0.000033537536812334135   2.9706925123224777e-8
341.5   0.000034397497618125975   3.0471090085204015e-8
341.75   0.00003534145647646772   3.130925303811991e-8
342.   0.00003638287333878809   3.223302890175756e-8
342.25   0.00003753811787756077   3.325447001407438e-8
342.5   0.00003882767074303054   3.43941185994758e-8
342.75   0.000040276843400255754   3.5674891969736206e-8
343.   0.000041917239376951345   3.712535854752458e-8
343.25   0.00004378853409703157   3.878355395774557e-8
343.5   0.00004593978268517216   4.069083861129934e-8
343.75   0.000048431337263732103   4.290060491421106e-8
344.   0.00005133475045547584   4.547616452556482e-8
344.25   0.000054729041230966616   4.848632080519646e-8
344.5   0.00005869066352613906   5.2000115864208025e-8
344.75   0.00006327359776479589   5.606579546236984e-8
345.   0.0000684848883735937   6.06901259002865e-8
345.25   0.00007426861553174855   6.582941502075193e-8
345.5   0.00008051163328716368   7.137752862801094e-8
345.75   0.00008707146224519528   7.720602740031135e-8
346.   0.00009380750215903109   8.318731239224396e-8
346.25   0.00010060128373062753   8.919621991744019e-8
346.5   0.0001073639039868911   9.517044891971654e-8
346.75   0.00011403344173434718   1.0105868813698263e-7
347.   0.00012056965418366422   1.0682998617829795e-7
347.25   0.00012694834404324376   1.1248629703280029e-7
347.5   0.0001331561022140237   1.1799939456278808e-7
347.75   0.00013918712132385044   1.2336304683886202e-7
348.   0.00014504051019379656   1.2857493491369912e-7
348.25   0.00015071830716737616   1.3363384467649023e-7
348.5   0.00015622501142614688   1.385428539881403e-7
348.75   0.00016156608313123785   1.433046021213646e-7
349.   0.0001667476112714864   1.479219987144619e-7
349.25   0.0001717764347898155   1.5239197336862825e-7
349.5   0.00017665833538468533   1.567252462300121e-7
349.75   0.0001813994192046955   1.609269262195453e-7
350.   0.00018600558719946672   1.6500200314408933e-7
350.25   0.00019048184410256814   1.6895056955988818e-7
350.5   0.00019483441992863276   1.7278367847499981e-7
350.75   0.00019906866975491025   1.7650788125781692e-7
351.   0.0002031896783061376   1.8012969613836974e-7
351.25   0.00020720253549394224   1.836528307117389e-7
351.5   0.00021111143675901453   1.870875119227902e-7
351.75   0.00021492058343014204   1.904413727911165e-7
352.   0.0002186339382017441   1.937221025870069e-7
352.25   0.00022225551370958958   1.969610351779307e-7
352.5   0.00022578846183594472   2.001336505532018e-7
352.75   0.00022923599398239034   2.0323750448004175e-7
353.   0.0002326011305391798   2.0626956312341102e-7
353.25   0.0002358863942986849   2.0920732667489822e-7
353.5   0.00023909490001745138   2.120726440757952e-7
353.75   0.00024222930668402792   2.148690520267382e-7
354.   0.00024529213646634445   2.1760006104969947e-7
354.25   0.00024828608952544046   2.2027644649213642e-7
354.5   0.00025121302129384876   2.2289164600322123e-7
354.75   0.0002540749661603892   2.2544599362503783e-7
355.   0.0002568738486477058   2.2793965550846957e-7
355.25   0.00025961035339835655   2.303634683837344e-7
355.5   0.00026228777457952275   2.3272993806317575e-7
355.75   0.00026490823177323375   2.350426812596881e-7
356.   0.00026747378222201443   2.3730535701663606e-7
356.25   0.00026998874365888033   2.3952489065253276e-7
356.5   0.0002724518590333166   2.4170057562434494e-7
356.75   0.00027486404256743866   2.438348378706808e-7
357.   0.00027722612094346866   2.4593009105501976e-7
357.25   0.0002795367902623717   2.4799649445369947e-7
357.5   0.0002817995470638987   2.500257161084251e-7
357.75   0.00028401584352750873   2.520168769961564e-7
358.   0.0002861870935705417   2.539689672158163e-7
358.25   0.00028831533175860245   2.55870307169092e-7
358.5   0.00029040099376532476   2.577342372940047e-7
358.75   0.00029244511727475833   2.59563806855318e-7
359.   0.0002944487006820413   2.613621095646917e-7
359.25   0.00029641276647507034   2.6314475157127374e-7
359.5   0.00029833815561023085   2.64897637682087e-7
359.75   0.0003002257349028354   2.666187812979679e-7
360.   0.000302076338551655   2.6830606703072143e-7
360.25   0.0003038906682201584   2.6994726510354516e-7
360.5   0.00030566963837935096   2.715538668881274e-7
360.75   0.00030741403692738427   2.7312755630524525e-7
361.   0.00030912462629684704   2.746700312413214e-7
361.25   0.00031080268055949976   2.761973566799114e-7
361.5   0.00031244817116825893   2.7769134239048086e-7
361.75   0.00031406156845704074   2.7914776453194844e-7
362.   0.00031564331531821235   2.805622420377641e-7
362.25   0.0003171924654385182   2.818935661705338e-7
362.5   0.0003187113022934429   2.831879731088083e-7
362.75   0.0003202007577699932   2.8445583685895745e-7
363.   0.0003216617556265354   2.8570780017018845e-7
363.25   0.000323097403359063   2.870106054525515e-7
363.5   0.000324505566010296   2.882978513823149e-7
363.75   0.00032588623964504096   2.8955785717124917e-7
364.   0.00032723939111397487   2.907786015799956e-7
364.25   0.00032856152509014584   2.918820720056181e-7
364.5   0.000329857325009978   2.929468392525671e-7
364.75   0.00033112809303071907   2.939870113885878e-7
365.   0.0003323751395557397   2.9501703580161207e-7
365.25   0.0003336029420718862   2.961029262783471e-7
365.5   0.00033480843583625107   2.9718855565948077e-7
365.75   0.0003359916545242529   2.9826823507714965e-7
366.   0.00033715261064000667   2.9933610901974587e-7
366.25   0.00033829052063085444   3.0037777436807644e-7
366.5   0.00033940643506519583   3.013987143881039e-7
366.75   0.00034050062556379167   3.0239604404691827e-7
367.   0.00034157335173923785   3.033667993760439e-7
367.25   0.00034262419860321897   3.0428828353847086e-7
367.5   0.00034365432530288217   3.0518472721989963e-7
367.75   0.0003446642300449634   3.060610152239168e-7
368.   0.00034565440604200946   3.069221252898941e-7
368.25   0.0003466258502340573   3.0779609421043994e-7
368.5   0.0003475783387594035   3.086561148817273e-7
368.75   0.0003485121424488868   3.094980099006807e-7
369.   0.00034942752386890943   3.1031750449866734e-7
369.25   0.0003503247176796247   3.1108442163152013e-7
369.5   0.0003512039983553563   3.1183022460902037e-7
369.75   0.0003520656132871533   3.1256093397210973e-7
370.   0.00035290980269753495   3.1328267703977665e-7
370.25   0.00035373680596594947   3.1402330255493185e-7
370.5   0.0003545468410835493   3.1475904452686404e-7
370.75   0.0003553401254907102   3.1548749066096625e-7
371.   0.00035611687020621125   3.1620617096678464e-7
371.25   0.00035687697513372616   3.169184656434409e-7
371.5   0.00035762106362798   3.1761356502231975e-7
371.75   0.00035834945317591617   3.182864165465189e-7
372.   0.0003590624576465817   3.189318728321778e-7
372.25   0.0003597606414225962   3.1950714931241996e-7
372.5   0.00036044395760691255   3.200592189719688e-7
372.75   0.00036111260612779105   3.205979989906485e-7
373.   0.000361766782049567   3.211335684343303e-7
373.25   0.00036240656301182836   3.2171491667468904e-7
373.5   0.0003630322917603423   3.222984410019511e-7
373.75   0.00036364419552267573   3.2287887220981284e-7
374.   0.0003642424978709133   3.234508451827205e-7
374.25   0.0003648277078438444   3.239915011831186e-7
374.5   0.00036539963918212745   3.2451953769883226e-7
374.75   0.00036595838719116107   3.2503640791095656e-7
375.   0.0003665040421257647   3.255435819275539e-7
375.25   0.0003670362619549404   3.260664873332071e-7
375.5   0.00036755572288309007   3.265732546430901e-7
375.75   0.0003680626748564972   3.270556458858443e-7
376.   0.0003685573657267187   3.275052978779896e-7
376.25   0.0003690398202826262   3.2784444081488806e-7
376.5   0.0003695105905318751   3.281610617996164e-7
376.75   0.00036997000842715536   3.284746508366986e-7
377.   0.00037041840531703397   3.2880497336935673e-7
377.25   0.0003708570130432682   3.2926111487170515e-7
377.5   0.0003712849053924798   3.2973920840359307e-7
377.75   0.00037170204537098904   3.302235785233485e-7
378.   0.00037210839058855966   3.306983227616997e-7
378.25   0.0003725035014972934   3.3109609149050794e-7
378.5   0.00037288787171464987   3.314719754956383e-7
378.75   0.0003732616026464449   3.318302459935651e-7
379.   0.00037362479275535867   3.3217522996989243e-7
379.25   0.0003739775376223487   3.3251130939737284e-7
379.5   0.000374319930006304   3.3284292046966485e-7
379.75   0.00037465205990198073   3.331745528503491e-7
380.   0.00037497401459630266   3.3351074893678026e-7
