310   0.00003120336707415796   1.8526683196780917e-8
311   0.00003084425628012144   1.8191527888421134e-8
312   0.00003049199763627009   1.7912905282211138e-8
313   0.000030140682208561174   1.7674729836580998e-8
314   0.000029795852706247817   1.747614473172826e-8
315   0.000029459615982490713   1.7188689916276868e-8
316   0.00002912407351540228   1.697205304638033e-8
317   0.00002879365234387454   1.674331053086886e-8
318   0.00002846818553597669   1.6565696866763637e-8
319   0.000028147822521617294   1.641667272062653e-8
320   0.000027832252595703977   1.62000832122325e-8
321   0.000027521096751004292   1.6243838872133658e-8
322   0.000027213242936555674   1.606903459471978e-8
323   0.000026909944031453774   1.586284618561376e-8
324   0.00002661078771889725   1.5694758959062277e-8
325   0.000026315074104336506   1.5514851564425635e-8
326   0.00002602376712548246   1.530104114258323e-8
327   0.000025737094902211138   1.514189151629493e-8
328   0.00002545451078728767   1.50098185087665e-8
329   0.000025175712935224323   1.48662435876949e-8
330   0.000024900565001349643   1.476687487528501e-8
331   0.000024629220184275578   1.4626672712603421e-8
332   0.000024362379420281768   1.4431686303973912e-8
333   0.000024097319265891912   1.419543234837051e-8
334   0.000023836887045505347   1.4041218763047136e-8
335   0.000023579994494658877   1.392553507618604e-8
336   0.000023325175259146894   1.371560723071475e-8
337   0.00002307504486559547   1.3511979935680967e-8
338   0.00002282815158614774   1.3363755854533074e-8
339   0.000022584655295232017   1.3218089958850112e-8
340   0.000022344374803537766   1.3076769686950756e-8
341   0.000022107371471803865   1.2935143525367681e-8
342   0.00002187349112863142   1.2814332422472775e-8
343   0.000021642570654765945   1.265070132789817e-8
344   0.00002141454278879296   1.244436311616124e-8
345   0.00002118984079510967   1.2333142286301524e-8
346   0.00002096795108547318   1.2222031753792983e-8
347   0.000020749043785831156   1.2114863559801567e-8
348   0.000020533045449076616   1.2023621298944027e-8
349   0.000020319803227829047   1.191809931980115e-8
350   0.00002010928483061922   1.1831595920313139e-8
351   0.000019900982526543655   1.1613283664643618e-8
352   0.000019696511656692142   1.1534640312366075e-8
353   0.00001949393456158478   1.1430834722301077e-8
354   0.00001929421742874122   1.1269875976733793e-8
355   0.000019097079919592435   1.1158093277912504e-8
356   0.000018903058964297852   1.1041997738884358e-8
357   0.000018710781369169686   1.0924702525571481e-8
358   0.000018522686223986228   1.0694029409172939e-8
359   0.000018334658425178153   1.0568986957182888e-8
360   0.00001814951097460235   1.0465310816759822e-8
361   0.00001796679208734745   1.0371405452657308e-8
362   0.00001778615730994016   1.017599869798219e-8
363   0.000017608130325653764   1.0067823924031856e-8
364   0.000017432434941808333   9.9785029107567e-9
365   0.000017258759516097777   9.882346060942697e-9
366   0.000017087221201581372   9.781823182491377e-9
367   0.000016917816794726162   9.678987579332528e-9
368   0.000016750558461269847   9.605849756343702e-9
369   0.000016585335734282302   9.49470701083182e-9
370   0.000016422037535649098   9.390583142848289e-9
371   0.000016260817726698153   9.294632260233367e-9
372   0.00001610164317943438   9.194446400871044e-9
373   0.00001594427569573541   9.106656657214005e-9
374   0.000015788744025012545   9.023570706933043e-9
375   0.00001563521934353599   8.952057301679319e-9
376   0.000015482854644628598   8.82350041196475e-9
377   0.000015332812231367943   8.728216224395257e-9
378   0.000015184751086459172   8.705942967152063e-9
379   0.000015037285761027795   8.614894481663382e-9
380   0.000014893042026404673   8.57562675070672e-9
