310.   0.09720055039951572   0.00008820946042822422
310.25   0.09714213548846992   0.00008827399946882511
310.5   0.09708520663328783   0.00008830394880498403
310.75   0.09702999092377759   0.0000883058443315006
311.   0.09697671830866145   0.00008828629893231834
311.25   0.09692562168545146   0.00008825200162303876
311.5   0.09687693699368374   0.00008820971737617864
311.75   0.0968309033116655   0.00008816628762920894
312.   0.09678776295689812   0.00008812863148812234
312.25   0.09674858878420084   0.00008815436630548013
312.5   0.09671247562407206   0.00008817994379969512
312.75   0.09667934058185054   0.00008819198970496324
313.   0.09664910048574137   0.00008817697214630397
313.25   0.0966210625226879   0.00008804807280626179
313.5   0.09659599314511333   0.00008789349139192534
313.75   0.09657405565236514   0.00008772888764421442
314.   0.09655541607847612   0.00008757009464609026
314.25   0.09654133597824581   0.00008748412944593314
314.5   0.09653046279487945   0.0000874160527472877
314.75   0.09652252755675328   0.00008736158058715135
315.   0.09651725875133045   0.00008731637446003015
315.25   0.09651228270079387   0.00008724572988205285
315.5   0.09651025106451346   0.0000871874806690376
315.75   0.09651173746159793   0.00008714944025497301
316.   0.09651732400531841   0.00008713952388223045
316.25   0.09653000300539391   0.00008723256400304951
316.5   0.09654702548041802   0.00008734354830213474
316.75   0.09656802430501157   0.00008745356195844921
317.   0.09659262854378733   0.00008754341880005667
317.25   0.0966190347597662   0.0000875106277093473
317.5   0.09664885594317411   0.00008745124753651705
317.75   0.09668229031119825   0.00008737906368169836
318.   0.09671954017926807   0.000087308046580983
318.25   0.09676106552440478   0.00008729226736631753
318.5   0.09680672408146349   0.00008729043692342334
318.75   0.09685662825632897   0.00008730088292953617
319.   0.09691089367794352   0.00008732191144870117
319.25   0.09696954484675042   0.0000873643790650352
319.5   0.09703283595257298   0.00008740902018360602
319.75   0.09710093165281765   0.00008744894627473748
320.   0.09717400103010311   0.0000874771634511236
320.25   0.09725274903289802   0.00008743190685728658
320.5   0.09733661386220899   0.00008738224150892124
320.75   0.09742556232463673   0.0000873431430623274
321.   0.09751956285563468   0.00008732978840713154
321.25   0.09761796563880873   0.00008745872424476669
321.5   0.09772160638687047   0.00008760464693317685
321.75   0.09783071215186132   0.00008774221904668693
322.   0.0979455164510582   0.00008784567080336786
322.25   0.09806672887636901   0.000087748619245149
322.5   0.09819394311631763   0.00008761971427762426
322.75   0.0983272221144356   0.00008748908335339765
323.   0.09846663304936806   0.00008738735123021038
323.25   0.09861209656508499   0.00008747380398270208
323.5   0.0987638992495563   0.00008760171407036385
323.75   0.09892218417927849   0.00008775103121993058
324.   0.09908710085365105   0.00008790133446004916
324.25   0.09925816244766833   0.00008793798045585948
324.5   0.09943642758777302   0.00008797039253991854
324.75   0.09962233071303003   0.00008801536690202981
325.   0.09981631963211951   0.00008809003213381302
325.25   0.10001996243653238   0.00008827558396883454
325.5   0.10023219642254176   0.00008850123492703957
325.75   0.10045306003018266   0.00008875911117413188
326.   0.10068259828240744   0.0000890411765034322
326.25   0.10092074574363265   0.00008934421598726483
326.5   0.10116772528238326   0.00008965291510946274
326.75   0.10142365256815827   0.00008995666458959433
327.   0.10168865284002822   0.00009024460999050602
327.25   0.1019618549652873   0.00009045295850474673
327.5   0.10224480491613189   0.00009064361511792545
327.75   0.10253807488379876   0.0000908266233837088
328.   0.1028422596486998   0.00009101225741999654
328.25   0.10315873770644039   0.00009124316864914427
328.5   0.1034870974328651   0.00009148552626058751
328.75   0.10382769705216872   0.00009173717043690712
329.   0.10418091550082766   0.00009199587312932362
329.25   0.10454751435948494   0.00009224974336770714
329.5   0.10492741763795628   0.00009250981404760048
329.75   0.10532092661470577   0.00009277768495512968
330.   0.10572836563917055   0.00009305499062177815
330.25   0.1061489815467452   0.00009334102271728568
330.5   0.10658468080632738   0.00009364078912396533
330.75   0.10703632476189902   0.00009395707180101481
331.   0.10750481980148388   0.00009429275311622198
331.25   0.10799186298367937   0.00009467307646410567
331.5   0.10849743170778026   0.00009507027873337168
331.75   0.10902228142375445   0.00009547834963257746
332.   0.10956721848141862   0.00009589110365170657
332.25   0.11013280268984003   0.00009624516348994157
332.5   0.11072037398843046   0.00009661300512820475
332.75   0.11133104488386623   0.00009701159938886177
333.   0.11196600350301333   0.00009745853940779472
333.25   0.11262694496358568   0.00009805885627811078
333.5   0.11331464190294872   0.0000987113468796631
333.75   0.11403037621981826   0.00009939951939770954
334.   0.11477553100069696   0.00010010631035631338
334.25   0.11555219799770591   0.00010075869436782623
334.5   0.11636116741400127   0.00010141494050482088
334.75   0.11720394078934443   0.0001020792296433842
335.   0.11808215856379267   0.00010275595912538055
335.25   0.11899455391052213   0.00010344003029429562
335.5   0.11994732446842037   0.00010414978983239524
335.75   0.12094391889738573   0.0001048945292476264
336.   0.12198806186756056   0.00010568405767938717
336.25   0.12308786556483212   0.00010654449346383204
336.5   0.12424207847547468   0.00010746514121580041
336.75   0.12545373626470327   0.00010845107080714285
337.   0.12672621819398763   0.00010950779462222961
337.25   0.12805975314028917   0.00011065354455756598
337.5   0.1294634317891991   0.00011187806604118404
337.75   0.13094348852656004   0.00011318335969503148
338.   0.13250683388722437   0.00011457183719512175
338.25   0.13416369961866764   0.00011604949056558349
338.5   0.13591917268396148   0.00011761549791342003
338.75   0.1377817782030685   0.00011927260912375054
339.   0.13976117228511145   0.00012102423702964079
339.25   0.14186750959234684   0.00012288616237734565
339.5   0.14411446568138758   0.00012484765473655507
339.75   0.14651679392605713   0.0001269099210782582
340.   0.1490914825889566   0.00012907509198734364
340.25   0.15185826283893333   0.0001312239942905023
340.5   0.1548399474959657   0.00013352830890963607
340.75   0.15806333573016712   0.00013604861971691754
341.   0.16156003011537462   0.00013885321723950853
341.25   0.16536740578095574   0.0001422308203117997
341.5   0.16953054744591914   0.0001459849822692543
341.75   0.17410361466948535   0.00015012411915722563
342.   0.17915238939344955   0.00015466220496319287
342.25   0.18475655271513083   0.00015942347825218122
342.5   0.19101660149954774   0.00016470197853903082
342.75   0.19805634894553267   0.0001706313243757314
343.   0.20603035446470963   0.000177375779012868
343.25   0.21513534892824782   0.00018528554746904748
343.5   0.22560751566246884   0.00019441885029845265
343.75   0.23774042153843655   0.0002050128116446654
344.   0.25188185433946564   0.0002173478544490087
344.25   0.2684092637777783   0.000231622114608235
344.5   0.2877001533974703   0.0002482601305577713
344.75   0.3100161565810852   0.0002674985956554932
345.   0.33538894607127584   0.00028937968792287587
345.25   0.36354967858147125   0.0003138115400409075
345.5   0.3939344725044715   0.0003401843370781273
345.75   0.42584280720201356   0.00036786107249820935
346.   0.45858423984496843   0.00039620131610959173
346.25   0.49157071632864513   0.0004244158011151592
346.5   0.5243742554166375   0.0004523562796846648
346.75   0.5566940585075174   0.000479805642592623
347.   0.5883359874611518   0.0005066534950566161
347.25   0.6191923223029256   0.0005332212443715117
347.5   0.649191091785694   0.0005590786220884244
347.75   0.678303846412389   0.0005841242516021286
348.   0.7065258197576915   0.0006082625068680951
348.25   0.7338627318671282   0.000630794240544423
348.5   0.7603401370774712   0.0006524244196060541
348.75   0.7859849730287886   0.000673332910082101
349.   0.8108271431091654   0.0006937247964910008
349.25   0.8348929126179944   0.0007147141939375317
349.5   0.8582202089299628   0.0007353519095613485
349.75   0.8808420637604248   0.0007554945352001258
350.   0.9027907510611899   0.0007749754018041849
350.25   0.9241056988423494   0.000792814330299908
350.5   0.9448058847190054   0.0008098767422756535
350.75   0.9649164829911572   0.0008262894275011246
351.   0.9844611244236947   0.0008421896066386729
351.25   1.0034561061196925   0.0008582438011961883
351.5   1.0219300666013686   0.0008738991904214291
351.75   1.0399048897865029   0.0008890912341531144
352.   1.0574013425275623   0.0009037474164552456
352.25   1.0744418904352355   0.0009173129301182645
352.5   1.0910415040975254   0.0009303510532965833
352.75   1.1072168033418692   0.0009429749028128119
353.   1.1229834796656124   0.0009553040004253247
353.25   1.1383610342004544   0.0009679413674718013
353.5   1.1533570617011006   0.0009803627540892097
353.75   1.1679828078594519   0.000992499399064144
354.   1.1822487040006289   0.0010042765471913512
354.25   1.196156105366879   0.0010152270229522302
354.5   1.2097254142389713   0.0010257974875013222
354.75   1.222968478762368   0.0010360624766942252
355.   1.2358966980788193   0.0010460997443913211
355.25   1.248531999132677   0.0010562288014684528
355.5   1.2608698775169451   0.0010662042685281952
355.75   1.272915905937295   0.0010760114588647094
356.   1.2846751073772882   0.0010856339512203485
356.25   1.2961276600247362   0.0010951918915449305
356.5   1.307311178166318   0.0011044746595235252
356.75   1.318239503924295   0.001113402481840079
357.   1.3289264680901718   0.0011218916260888065
357.25   1.3394137888943978   0.0011291591418628548
357.5   1.3496767285550246   0.001136075696412593
357.75   1.359717387826027   0.0011428393731210088
358.   1.369537436762881   0.0011496559599654778
358.25   1.379128694031921   0.0011576629116869497
358.5   1.3885050929939764   0.0011658013949091912
358.75   1.3976710808335349   0.0011739116114726953
359.   1.4066308837984267   0.0011818269597468874
359.25   1.4153790421324273   0.001188773281041029
359.5   1.4239325030664653   0.0011954036236526415
359.75   1.4322988541240325   0.0012017832878995739
360.   1.4404856324040587   0.0012079797562785967
360.25   1.4485145606074044   0.0012141684753247213
360.5   1.456373355844578   0.0012202744082169487
360.75   1.4640635031863132   0.0012263270794543317
361.   1.471586273236677   0.001232356600610351
361.25   1.4789375333373773   0.0012389122285406003
361.5   1.4861253605719882   0.0012453061973345919
361.75   1.4931525889224102   0.0012513550113416988
362.   1.5000219300943587   0.0012568693255900413
362.25   1.5067313797392001   0.0012605936735834249
362.5   1.5132898052680372   0.0012638009856372225
362.75   1.5197014875436934   0.0012667258337895515
363.   1.5259706554727628   0.0012696092387907212
363.25   1.5321047249534403   0.001273514599430267
363.5   1.5381033343821913   0.0012775613188158916
363.75   1.5439692352193002   0.0012816717714062439
364.   1.5497051036855671   0.0012857659630090053
364.25   1.5553125721842522   0.0012891812836075742
364.5   1.5607955257172246   0.0012926397657917483
364.75   1.5661568334784293   0.001296293997530039
365.   1.571399310278399   0.0013003000514088554
365.25   1.5765284688037218   0.0013057556134659666
365.5   1.581543198288986   0.0013115198852443135
365.75   1.5864450301620279   0.0013173728685230597
366.   1.5912354240619324   0.0013230888343762981
366.25   1.5959166235674516   0.0013276449279525228
366.5   1.6004887647080015   0.0013319049947273466
366.75   1.6049527542475155   0.0013359528102221687
367.   1.6093094283374216   0.0013398740940129851
367.25   1.6135519017975326   0.001344298809555119
367.5   1.6176915234519136   0.0013485619003533152
367.75   1.6217320741806855   0.0013525318054299867
368.   1.6256773366083945   0.0013560741649059922
368.25   1.629537254097231   0.0013581558988627145
368.5   1.633307043336958   0.0013598844481834365
368.75   1.63698796851325   0.0013614851166280908
369.   1.6405812482992725   0.0013631877003665207
369.25   1.6440891258178463   0.0013662883953283293
369.5   1.6475112449238043   0.0013695473976690878
369.75   1.6508482575350314   0.0013727725418863
370.   1.6541007668912289   0.0013757677929403186
370.25   1.6572661316219985   0.00137770955116472
370.5   1.660349313571582   0.0013792631923008759
370.75   1.6633520862527365   0.0013804771359112896
371.   1.6662762026095703   0.0013814007730609276
371.25   1.6691292614450939   0.001381930537470061
371.5   1.6719048064707043   0.001382332151741596
371.75   1.6746021341358732   0.0013827204711969574
372.   1.677220482067782   0.0013832121210573406
372.25   1.6797468498650714   0.0013843755452244587
372.5   1.6821973307555798   0.0013857039773920751
372.75   1.6845759699570253   0.0013871359734875962
373.   1.6868868399545263   0.0013886089580153866
373.25   1.689143002854606   0.001389820712820268
373.5   1.6913360961491373   0.0013910388444841036
373.75   1.6934666142951043   0.0013922948208410033
374.   1.6955350208937578   0.0013936205329203046
374.25   1.6975481729939486   0.0013947022932084207
374.5   1.699497521828893   0.0013960551025321288
374.75   1.7013808224757034   0.0013978531425779643
375.   1.703195762381811   0.001400273228658276
375.25   1.7049207678079816   0.0014050883682472535
375.5   1.7065801515420715   0.0014102616012543674
375.75   1.7081792285149233   0.001415328020450956
376.   1.7097233639620022   0.0014198145497812233
376.25   1.711232446596612   0.0014212761910660854
376.5   1.7126917610467003   0.0014219630173181851
376.75   1.7141009249911523   0.0014221814099032158
377.   1.7154595218726567   0.0014222423524544777
377.25   1.7167692417756926   0.0014234441357424033
377.5   1.7180266171808305   0.00142473583339918
377.75   1.7192302615025656   0.0014260413700094103
378.   1.7203787446757497   0.001427283469139228
378.25   1.7214574227775241   0.0014282881466548979
378.5   1.7224831497362025   0.0014291090314565225
378.75   1.7234597267676968   0.0014297044950285665
379.   1.724390983869795   0.001430032398067544
379.25   1.7252807795069955   0.0014300501357164394
379.5   1.7261330002993787   0.0014297147255052387
379.75   1.7269515607153383   0.0014289829402474965
380.   1.7277404027682126   0.0014278114885746518
