310.   0.1434472252197418   0.0003278935784512893
310.25   0.14333869431950869   0.0003270158581929277
310.5   0.14323516986104787   0.0003263488035747025
310.75   0.1431367323292126   0.00032585849784575545
311.   0.14304346397034431   0.0003255107194595374
311.25   0.14295544884864067   0.0003252709170584469
311.5   0.1428727729047568   0.00032510418728960564
311.75   0.14279552401674644   0.00032497525574914286
312.   0.14272379206345379   0.00032484846127410537
312.25   0.14265912052766314   0.00032460656756889647
312.5   0.14259957798742562   0.0003243263905804753
312.75   0.1425446718786038   0.0003240039749299962
313.   0.1424939049723562   0.0003236353158500174
313.25   0.14244496182131944   0.00032308337805370075
313.5   0.1423998655498461   0.00032252961101291697
313.75   0.14235884009984814   0.00032202381085113065
314.   0.14232211316634577   0.00032161636098129975
314.25   0.142289821081439   0.0003215903394497292
314.5   0.14226233231177995   0.00032167362242590197
314.75   0.14223992529474253   0.00032182428395478136
315.   0.14222288326780472   0.00032199988257948254
315.25   0.14221250586086676   0.00032202864197209584
315.5   0.14220767566797424   0.00032204668649825764
315.75   0.14220828033282157   0.0003220622649314004
316.   0.1422142075420549   0.00032208373511377175
316.25   0.14222494045649373   0.0003221319763606412
316.5   0.142240931108115   0.00032219827528189385
316.75   0.1422622319097577   0.0003222862919886151
317.   0.14228889765454908   0.00032239973846321626
317.25   0.14232019783279862   0.0003226123372365139
317.5   0.14235729074734055   0.00032283037510652285
317.75   0.1424005595346656   0.0003230292733357678
318.   0.14245039479360466   0.0003231841004314002
318.25   0.14250992640963536   0.0003230974704668161
318.5   0.14257575273383225   0.00032298367038429836
318.75   0.14264717604687832   0.0003228867364186025
319.   0.14272349040828225   0.0003228513463252942
319.25   0.14279983733776955   0.0003230814193509124
319.5   0.14288126963406794   0.00032340197752374025
319.75   0.14296874405064858   0.0003237951892827183
320.   0.14306323478940006   0.00032424296741087545
320.25   0.14316853077010666   0.0003247159730961279
320.5   0.14328174616220746   0.0003252109242150977
320.75   0.14340277099357587   0.0003257133715488365
321.   0.14353149673631332   0.0003262086078764909
321.25   0.14366675627514236   0.00032661547781341876
321.5   0.1438099212267168   0.0003270109588057861
321.75   0.14396132089062957   0.00032740661969571654
322.   0.144121294019825   0.0003278142333124899
322.25   0.14429080323321886   0.000328146478898088
322.5   0.14446935236182562   0.00032855387227324916
322.75   0.14465706028264705   0.0003290894381622052
323.   0.14485405261244158   0.000329807200257819
323.25   0.14506066603986809   0.00033118650058910513
323.5   0.14527675669255488   0.0003326928523484805
323.75   0.14550238911737798   0.00033420990115214533
324.   0.14573763451496774   0.00033561901397835943
324.25   0.14598217742415806   0.0003363680581914841
324.5   0.14623665155130705   0.0003369337973198155
324.75   0.1465013117378189   0.00033736704474654565
325.   0.14677642446699032   0.00033771961299863953
325.25   0.1470614726829249   0.0003381143585243448
325.5   0.1473578556468546   0.0003385077667297045
325.75   0.14766620541130948   0.00033892616910422994
326.   0.14798717568940603   0.00033939646303449177
326.25   0.14832310268700385   0.000340006612909904
326.5   0.14867237844717965   0.0003407006198531471
326.75   0.14903504729743883   0.00034148244289143023
327.   0.149411164817861   0.00034235617393999315
327.25   0.1497974832565298   0.0003433748798158031
327.5   0.15019869323447155   0.0003444750338821291
327.75   0.15061625358034944   0.0003456410686618656
328.   0.1510516715023093   0.0003468570821003825
328.25   0.15151264176982854   0.00034801950710071686
328.5   0.15199224837464523   0.000349233095125581
328.75   0.15248963174094218   0.00035051683815368935
329.   0.15300392712625369   0.0003518902584734137
329.25   0.15352762718677912   0.0003534986551039585
329.5   0.15406907792391694   0.00035518882026425565
329.75   0.15463014204329031   0.0003569303698187776
330.   0.15521275481782082   0.0003586921217949215
330.25   0.15582278845296016   0.00036025648723841226
330.5   0.15645698026440827   0.00036184818107892264
330.75   0.1571159165423842   0.0003635102255616482
331.   0.15780023032578114   0.0003652869905547641
331.25   0.15851060812103232   0.00036745082220627443
331.5   0.1592477841601361   0.0003697348089802045
331.75   0.16001255482038337   0.00037209387276171353
332.   0.1608057808004334   0.00037448157023453214
332.25   0.1616266369028349   0.0003767778531407603
332.5   0.16247856425056845   0.0003790333102781066
332.75   0.16336338380390164   0.0003812269433274103
333.   0.16428303323297275   0.00038333707594200283
333.25   0.16523958310547723   0.00038503799049023206
333.5   0.16623522926857084   0.0003867267452885864
333.75   0.16727232496021566   0.00038850606916772466
334.   0.1683533897395038   0.0003904826898080687
334.25   0.16948398770374531   0.0003932657918387761
334.5   0.17066306130520822   0.0003962818761891306
334.75   0.1718925338441815   0.0003994429563294146
335.   0.17317452135251094   0.0004026576841624498
335.25   0.17450809099083694   0.00040532574763154364
335.5   0.17590032156585175   0.00040804658422199816
335.75   0.17735542426201867   0.0004109299322611715
336.   0.17887797446833828   0.0004140909667749681
336.25   0.18047260274340599   0.00041811558692040994
336.5   0.18214523479622047   0.0004224902956758197
336.75   0.18390197371603995   0.00042715320935629624
337.   0.18574951076072457   0.00043204001566596236
337.25   0.18770000280331356   0.000437059502265347
337.5   0.18975495154523303   0.0004421751228688538
337.75   0.19192128189117535   0.00044732405680018926
338.   0.19420677912835915   0.00045244053389509515
338.25   0.19661192633743188   0.00045678532606971124
338.5   0.19915804312937385   0.0004612070213468368
338.75   0.2018599603217282   0.00046591764503514654
339.   0.20473431969875847   0.0004711449573406077
339.25   0.20780873564011373   0.00047791542986705415
339.5   0.21109233023590196   0.00048542692041015403
339.75   0.21460543770912782   0.0004936310747498966
340.   0.2183715688502209   0.0005024797381132605
340.25   0.2224146635477861   0.0005115924689752064
340.5   0.2267712557102718   0.0005213760538907627
340.75   0.23148035953762933   0.0005319321611976549
341.   0.23658799357590893   0.0005433795224394614
341.25   0.2421470739283384   0.0005558515245663213
341.5   0.24822533964392124   0.0005695225562546129
341.75   0.25490239248527913   0.0005845938768629076
342.   0.26227487465347993   0.0006013081972574406
342.25   0.27046168895044864   0.0006200880522064707
342.5   0.27960784906358693   0.0006411252982432437
342.75   0.28989419731763066   0.0006648088013247327
343.   0.30154649869615546   0.0006916265414956172
343.25   0.31485056371965325   0.000722026835088078
343.5   0.3301534524749526   0.0007569900955560409
343.75   0.3478847289003234   0.0007975339094936462
344.   0.36855327395383586   0.0008448656682254502
344.25   0.3927157675869407   0.0009005676536563495
344.5   0.42091898465380584   0.0009656373568491734
344.75   0.45354359005059786   0.0010409030708064912
345.   0.4906332599055159   0.0011264010443008524
345.25   0.5317783915580061   0.0012207280887728523
345.5   0.5761666107979598   0.0013223628504313322
345.75   0.6227760595981248   0.001429007179908341
346.   0.6706012741027717   0.0015384249782655914
346.25   0.7188136238167466   0.0016492206948486902
346.5   0.7667620383409841   0.0017594999889580926
346.75   0.8140018502275013   0.001868172725259569
347.   0.8602428755042024   0.0019744828646208468
347.25   0.9052929380088452   0.002077494750833453
347.5   0.9490731044163806   0.0021774066319312215
347.75   0.9915448992241416   0.0022741795219150037
348.   1.0327052907586567   0.0023678690627806954
348.25   1.072574544352472   0.0024586866083777764
348.5   1.1111858052057735   0.002546675021901015
348.75   1.148581086480173   0.0026319855439744647
349.   1.1848069505121865   0.0027147850658978175
349.25   1.2199208626793374   0.002795369976636658
349.5   1.2539598697508028   0.002873760437648953
349.75   1.2869682595942393   0.0029500860198214294
350.   1.3189886494055263   0.0030244721070130792
350.25   1.3500558323717642   0.00309753483065948
350.5   1.3802160777445   0.0031687154668245472
350.75   1.4095081197514323   0.00323789981126418
351.   1.4379686501956581   0.003304949485481479
351.25   1.4656333030209725   0.0033684870098978316
351.5   1.4925335697430226   0.003429989524982531
351.75   1.5186999785307629   0.003489791400522746
352.   1.5441612988321372   0.0035482458057566795
352.25   1.5689425595183435   0.0036070335930834495
352.5   1.5930721868471718   0.0036647485260427387
352.75   1.6165752111583815   0.0037212233887698736
353.   1.6394753691763326   0.003776270780925484
353.25   1.6617976247353317   0.003828905316664819
353.5   1.6835600484464202   0.003879972036737739
353.75   1.7047819583696846   0.003929565050651678
354.   1.7254816439300353   0.003977780515594575
354.25   1.7456686339041116   0.0040247322741635535
354.5   1.7653701084728752   0.004070499012953594
354.75   1.7846050147988333   0.004115176294224749
355.   1.8033916900777274   0.0041588613520810785
355.25   1.8217656424231494   0.004202059990134094
355.5   1.8397196550302124   0.004244311915489782
355.75   1.8572629403763417   0.004285546237361117
356.   1.874403915052805   0.004325685609641139
356.25   1.891167256173261   0.004362911661675237
356.5   1.9075364130557544   0.004399531474313221
356.75   1.9235104602182647   0.004436184533364733
357.   1.9390875302422534   0.0044735357134903396
357.25   1.954194473242569   0.004516373041480269
357.5   1.9689250032582182   0.004559742154120098
357.75   1.9833043148648573   0.004602653396332927
358.   1.997357951757392   0.0046440730322130025
358.25   2.011151650117799   0.004679108096420183
358.5   2.0246564890739243   0.004711924282399845
358.75   2.0378823426825496   0.004742964796019007
359.   2.050838837495304   0.004772690692360299
359.25   2.0635688191660297   0.004802341291604425
359.5   2.076035106724808   0.004831357531748289
359.75   2.0882326820177144   0.004859933102977411
360.   2.1001558691792392   0.004888267239350584
360.25   2.1117532037801716   0.004917465754863151
360.5   2.12308037497946   0.004946488992165938
360.75   2.134148678799694   0.004975176641458222
361.   2.144969414964706   0.00500336191362699
361.25   2.155596588745973   0.005031407347210013
361.5   2.1659822711596175   0.005058390441318752
361.75   2.176120053346276   0.005083903355093787
362.   2.186003034150307   0.005107526034260418
362.25   2.195549391988648   0.005125501234091951
362.5   2.204854642896046   0.005142003035160948
362.75   2.2139413543106063   0.005157954873155738
363.   2.2228324901320424   0.00517430585709122
363.25   2.231620080068435   0.005195738927138412
363.5   2.240232462662209   0.0052181019159293586
363.75   2.248665347262957   0.005240884935241369
364.   2.2569140929030382   0.0052635627515178795
364.25   2.2649460596732136   0.005284892208585335
364.5   2.272794373162452   0.005305295323894108
364.75   2.2804648159294736   0.00532449347321664
365.   2.287963130572749   0.005342201093115166
365.25   2.295333883819267   0.00535581150028332
365.5   2.3025287142925603   0.005368244161693795
365.75   2.309537243365312   0.005380147430238377
366.   2.316348697314708   0.0053921846336969885
366.25   2.3228711823104113   0.005406976064568296
366.5   2.329205452433257   0.005422513478844873
366.75   2.3353728216519767   0.0054387054520962826
367.   2.341394960162834   0.005455457406394684
367.25   2.3473482827616   0.005473299085896813
367.5   2.353179474092029   0.00549125664389103
367.75   2.3588888900278815   0.005508968561900367
368.   2.3644767621687666   0.005526065091643544
368.25   2.369945364661819   0.005541474559980479
368.5   2.375291678922257   0.005555777166273234
368.75   2.3805146948628275   0.005568864487153705
369.   2.3856132729992345   0.0055806261148444785
369.25   2.3906006321499063   0.005588553894033622
369.5   2.3954552181362203   0.005595869110328962
369.75   2.400169584980336   0.005603437414057595
370.   2.404736058353116   0.005612140735646943
370.25   2.409082172467523   0.005627961335514436
370.5   2.413289722371538   0.005644733719775029
370.75   2.4173768085127154   0.005661306212592858
371.   2.4213617911975494   0.005676505086340255
371.25   2.4253359536829278   0.005683680017720008
371.5   2.4292169491086515   0.005689213521731482
371.75   2.4329941761365284   0.005694100141677305
372.   2.4366567717252616   0.00569935189240946
372.25   2.44015133992616   0.005710214316591324
372.5   2.4435254061917098   0.005721859389919537
372.75   2.4467846233720834   0.005733627523182078
373.   2.4499346829913486   0.005744847467719816
373.25   2.4529867433039727   0.005751865326721834
373.5   2.4559390082045223   0.005758127391205467
373.75   2.4587950676554744   0.005764141828066431
374.   2.4615585144567715   0.005770425019848949
374.25   2.464231959920214   0.005780451798174094
374.5   2.4668203755298492   0.005790642568421767
374.75   2.4693277656975607   0.005800334055861571
375.   2.4717581446746313   0.00580885250871545
375.25   2.474148452925832   0.005811600675217283
375.5   2.476456840384354   0.005813339693917606
375.75   2.478673935839869   0.005814960481088434
376.   2.480790184116761   0.005817367059789768
376.25   2.482739067907151   0.0058268587699215925
376.5   2.4845898375095645   0.005836861704174985
376.75   2.4863555292447885   0.005846126470258319
377.   2.4880493293344976   0.005853385453045834
377.25   2.4897486968115263   0.005850167908748463
377.5   2.4913776945582917   0.00584519165111038
377.75   2.492923847302632   0.005840061190869768
378.   2.494374471249878   0.005836402575113854
378.25   2.495634728162199   0.00584295747180356
378.5   2.496805814797798   0.005851501201837104
378.75   2.4979077733734827   0.00586083923239985
379.   2.4989608817330407   0.005869760469000438
379.25   2.4999856501254927   0.005877037431955721
379.5   2.501002818045991   0.005881426596608021
379.75   2.5020333511374346   0.005881668902806581
380.   2.5030984381512145   0.005876490442759126
