310.   0.03673640914493808   0.00006830671792724008
310.25   0.036783604014285105   0.00006832324604772151
310.5   0.03683360801336881   0.0000684017031752957
310.75   0.03688630515421498   0.00006853117153958357
311.   0.03694157790490282   0.00006870053130171977
311.25   0.036999307128315805   0.00006889845235440391
311.5   0.037059372017997666   0.00006911338572508729
311.75   0.03712165003094521   0.00006933355455972526
312.   0.03718601681715821   0.00006954694466282476
312.25   0.03725163311719268   0.00006970773676251892
312.5   0.03731936300263671   0.0000698501111865804
312.75   0.03738936884070215   0.00006997505083831056
313.   0.037461817208529626   0.0000700835566582635
313.25   0.037537312207471245   0.00007014916305508702
313.5   0.03761542682265143   0.00007021114801873346
313.75   0.0376961634547929   0.00007028186356067479
314.   0.03777952547137242   0.00007037393911638515
314.25   0.03786507388690098   0.00007055806395237501
314.5   0.03795343076489344   0.000070767115155208
314.75   0.03804478505506656   0.00007099086693350241
315.   0.038139331227414724   0.00007121885838491725
315.25   0.038237450085692154   0.00007142476573130082
315.5   0.03833909691384912   0.00007161933669313906
315.75   0.03844440998496442   0.00007179777015163755
316.   0.038553532360375536   0.00007195514355398508
316.25   0.03866714345850144   0.0000720191870122568
316.5   0.03878465820167325   0.00007207813864401197
316.75   0.038906016268231355   0.00007215440964960475
317.   0.03903115735684611   0.00007227099833287524
317.25   0.03915918385776279   0.00007254198828047541
317.5   0.03929119877930191   0.00007286596134352218
317.75   0.039427487974699964   0.00007323047371502209
318.   0.03956834702143049   0.0000736227534782418
318.25   0.039715028365268745   0.00007402380331144673
318.5   0.039866534126463696   0.00007442830745905304
318.75   0.04002280038001205   0.00007482483637188217
319.   0.04018376361989814   0.00007520162861761434
319.25   0.04034853574833694   0.00007548955727856129
319.5   0.0405181993048571   0.00007575527576502931
319.75   0.04069303450741365   0.00007600956499055022
320.   0.040873332874976104   0.00007626353483424725
320.25   0.041060319438879035   0.00007654289284650952
320.5   0.041253031988371845   0.00007683969734650854
320.75   0.04145141698309657   0.0000771602408564157
321.   0.04165542235503685   0.00007751103227315488
321.25   0.041863365087635274   0.00007793116989125036
321.5   0.04207745965493568   0.00007838277623048395
321.75   0.04229833940552715   0.00007885960549724379
322.   0.04252666381458673   0.00007935520557834658
322.25   0.042764363886814316   0.00007983316269752566
322.5   0.043010433417428835   0.00008032777902165932
322.75   0.0432651011980337   0.00008084433359982919
323.   0.04352860996306844   0.00008138831492501052
323.25   0.04380130260470667   0.00008199746740429271
323.5   0.04408333467999014   0.00008263339572748318
323.75   0.04437496111733193   0.00008328888036435378
324.   0.04467645368800346   0.00008395642741019921
324.25   0.044987654310150386   0.00008460549842959971
324.5   0.04530949182661722   0.0000852594672365825
324.75   0.045642484698377034   0.00008591946091907885
325.   0.045987182104810405   0.00008658666054040768
325.25   0.04634434341417339   0.00008725347770339877
325.5   0.04671434178142342   0.00008793341822411094
325.75   0.04709775884255513   0.00008863158783825247
326.   0.0474952142570216   0.00008935334576354637
326.25   0.04790713299514773   0.00009011078665206749
326.5   0.04833454593214283   0.00009090091793380597
326.75   0.04877830667697565   0.00009172725072336691
327.   0.04923932644630874   0.00009259350389770218
327.25   0.04971885867233902   0.00009352725299993601
327.5   0.05021755992261044   0.00009450010891714492
327.75   0.050736427472848004   0.0000955064643918184
328.   0.051276533054687636   0.00009654043792313687
328.25   0.051839084478616015   0.00009754259578213276
328.5   0.05242524880106975   0.00009857974003117607
328.75   0.05303634272095063   0.00009966781135233804
329.   0.0536737889491677   0.00010082376463639563
329.25   0.054338932645621396   0.00010213806231249017
329.5   0.05503370876556007   0.00010353052064094451
329.75   0.055760011175565075   0.000104990593152122
330.   0.05651989671734118   0.00010650710741818467
330.25   0.05731522695354753   0.00010801018219521397
330.5   0.058148955921826215   0.00010956674413013002
330.75   0.059023908965696724   0.00011118849411623678
331.   0.05994317341847627   0.00011288808560796568
331.25   0.06091121481306713   0.00011470005845494706
331.5   0.06193025767640776   0.0001166108476707277
331.75   0.06300390461606664   0.00011862759518375363
332.   0.06413613375023133   0.00012075818418238626
332.25   0.06533067526098646   0.0001230071096568376
332.5   0.06659332872492525   0.00012538980726997963
332.75   0.06792982098855967   0.00012791889755821856
333.   0.06934653013247093   0.0001306084110162255
333.25   0.07085021680935956   0.00013348905854173486
333.5   0.07244934991917724   0.00013655786578045984
333.75   0.07415305263999267   0.00013982769497238737
334.   0.07597160277175069   0.00014331311613079595
334.25   0.07791724721344076   0.00014703456767121116
334.5   0.08000231148478007   0.00015100563199100847
334.75   0.0822415088239445   0.00015524604970716235
335.   0.08465165729299896   0.00015977846146854823
335.25   0.08725118882811132   0.0001645618684731448
335.5   0.09006351674691457   0.00016971638726192946
335.75   0.09311480069750691   0.00017530816103954216
336.   0.09643546666237822   0.00018141394374477163
336.25   0.10006209724464654   0.0001882119642630609
336.5   0.1040351370757487   0.0001956894906181006
336.75   0.10840349348129691   0.00020392840450740658
337.   0.11322530529443287   0.00021302607515307758
337.25   0.11856976656706673   0.00022310256163130034
337.5   0.12452106242829519   0.00023429312903557257
337.75   0.13118086506288879   0.0002467654459791442
338.   0.13867331743248254   0.00026072370423014623
338.25   0.14715251801010404   0.00027626423633191413
338.5   0.156805997215829   0.0002938946373727625
338.75   0.16786955229471365   0.0003140796097208576
339.   0.18064002568359733   0.0003374059807579066
339.25   0.19548827414991818   0.0003647577433439911
339.5   0.21290180022061775   0.0003969226065276733
339.75   0.2335000380601413   0.0004350618777056108
340.   0.25807936767187306   0.0004806698778982837
340.25   0.28766759045470097   0.0005357746855284128
340.5   0.3235462429451314   0.0006026703415945193
340.75   0.36729249639811296   0.0006842690510939814
341.   0.4207092830967925   0.0007838837620061479
341.25   0.48554637292847025   0.0009044804176199574
341.5   0.5627595470096669   0.0010479514317480185
341.75   0.6509868027051477   0.0012117019930094363
342.   0.7442006664188737   0.00138445613147603
342.25   0.8298367263709733   0.001542697457174164
342.5   0.8910378087052152   0.0016552558723316845
342.75   0.9154025080847294   0.0016992666498759005
343.   0.9044951130579769   0.001677851527999749
343.25   0.8730211508162687   0.0016185791303963107
343.5   0.8381401581211689   0.0015532114115301553
343.75   0.8104809872454234   0.0015014522270909625
344.   0.7924501785137946   0.0014677518454051168
344.25   0.7815030619563674   0.0014475619265270957
344.5   0.7742290482775103   0.001434346437694138
344.75   0.7684756057170058   0.001424073784749524
345.   0.763425316792999   0.001415186371422733
345.25   0.7589583691698192   0.0014062992249387325
345.5   0.7551672877781935   0.001399114089682073
345.75   0.7521090545140018   0.0013941379021319789
346.   0.7497547013158555   0.0013917207347642479
346.25   0.7480324841565713   0.001395315762210657
346.5   0.7468136656723541   0.001400660124985625
346.75   0.745989960267574   0.0014066991418989596
347.   0.7454681097591399   0.0014123966236471953
347.25   0.7451575947746208   0.0014132561812227192
347.5   0.7450171329395302   0.0014131306105979334
347.75   0.7450039548627572   0.00141243818688157
348.   0.7450852515469947   0.0014116212714277826
348.25   0.7452336074400613   0.0014126489456816956
348.5   0.7454330136945896   0.0014139025054093865
348.75   0.7456696930601394   0.0014152666297128054
349.   0.7459333335108808   0.0014166312877882193
349.25   0.7462263608297863   0.0014179310758892616
349.5   0.7465291648002151   0.001419005324893875
349.75   0.7468336928128642   0.001419735475172241
350.   0.747133107109005   0.0014200038423080323
350.25   0.7474154399716444   0.001418557092818052
350.5   0.7476840359294116   0.001416862145843805
350.75   0.7479368274588957   0.001415263792253001
351.   0.748172252807792   0.0014141126115247437
351.25   0.7483874879429032   0.0014153343388445107
351.5   0.7485840488257262   0.0014171015164216683
351.75   0.7487620740825928   0.0014191423920337956
352.   0.7489219380799881   0.0014211819112380886
352.25   0.7490675658535219   0.001422160679985742
352.5   0.7491950164011499   0.0014228863095784503
352.75   0.7493038027432085   0.0014233912616298439
353.   0.7493935394175805   0.0014237086740217027
353.25   0.7494686066982538   0.0014236407883806395
353.5   0.7495222433753159   0.0014235449883187444
353.75   0.7495523750296976   0.001423550298068956
354.   0.7495569529644236   0.001423787416125519
354.25   0.7495199491329918   0.0014250534481585829
354.5   0.7494588728125323   0.0014265548332221662
354.75   0.7493773944901659   0.00142815712171001
355.   0.7492792521014691   0.0014297242594183527
355.25   0.7491840095563128   0.0014306271871537292
355.5   0.7490735297301235   0.0014314124184841022
355.75   0.7489453284329783   0.0014321386425544698
356.   0.7487969012616337   0.001432865252255564
356.25   0.7486131137062982   0.0014344710412682795
356.5   0.7484090115807278   0.0014358742049421249
356.75   0.7481871348775715   0.0014368040912806348
357.   0.7479500531401034   0.0014369871433807387
357.25   0.7477163741237121   0.001434458565622886
357.5   0.7474663757182711   0.0014312957326190466
357.75   0.7471962165163942   0.0014279010854604238
358.   0.7469020121039821   0.0014246813550967726
358.25   0.7465594643002986   0.0014235458305668412
358.5   0.7461930383859507   0.0014228180864678849
358.75   0.7458069755313246   0.0014223102907920684
359.   0.7454055565130515   0.0014218326307659857
359.25   0.7450088451065695   0.0014204291568395957
359.5   0.7445992181649627   0.0014189730284748714
359.75   0.7441746928129823   0.001417578156117693
360.   0.7437332609270294   0.0014163595482570529
360.25   0.7432536705765376   0.001416487145575273
360.5   0.7427606966957904   0.001416606713678679
360.75   0.7422600362768369   0.0014164098540370882
361.   0.7417574335133024   0.001415585275797264
361.25   0.7412926047701065   0.0014121770065077496
361.5   0.7408240142064435   0.001408160729927619
361.75   0.7403438149857687   0.0014038810906990742
362.   0.7398440821037786   0.0013996858914912926
362.25   0.7392872229347387   0.0013968668485598954
362.5   0.7387064818847641   0.0013944640882559854
362.75   0.7381056747955042   0.001392454086972802
363.   0.737488646604161   0.001390813040444842
363.25   0.7368679135509567   0.0013896268386048788
363.5   0.7362353068708306   0.001388717546880255
363.75   0.735591261370244   0.0013880160859118462
364.   0.7349362100007086   0.0013874527460754306
364.25   0.7342712860888942   0.001386871839603942
364.5   0.7335959380641551   0.0013863216445972975
364.75   0.7329103095031081   0.0013857651196281745
365.   0.7322145398703745   0.001385164908877972
365.25   0.7315126478678274   0.0013843234423918912
365.5   0.7307993406557267   0.0013834261091905757
365.75   0.7300731767637061   0.0013824992401070485
366.   0.7293326986872429   0.0013815693678318048
366.25   0.7285653948155091   0.0013807821962107277
366.5   0.7277851958699558   0.0013799984570999606
366.75   0.7269950558213522   0.0013791972203045341
367.   0.7261979468957972   0.0013783573864400202
367.25   0.7254070241613865   0.0013772249686834891
367.5   0.7246110950315416   0.0013761036526506545
367.75   0.7238090806989246   0.001375065806357361
368.   0.7229998897789814   0.0013741843179283868
368.25   0.7221814176636321   0.0013740846660769061
368.5   0.7213539466745303   0.0013740694440472036
368.75   0.7205167528193028   0.0013739902221861563
369.   0.7196691031197074   0.0013736974983859587
369.25   0.7188079409030409   0.0013724816781814269
369.5   0.7179357499304213   0.0013709722672743672
369.75   0.7170527051723636   0.0013692422334982187
370.   0.7161589795054517   0.0013673650657031668
370.25   0.7152487496551433   0.0013653812933264499
370.5   0.7143305598535802   0.0013634121880060825
370.75   0.7134069949804797   0.0013615462547735453
371.   0.7124806539034239   0.0013598725780460898
371.25   0.7115651565802147   0.0013589022840846334
371.5   0.7106477480289236   0.0013581366408011192
371.75   0.7097266285408752   0.001357496446404671
372.   0.708799983192059   0.0013569019619031663
372.25   0.7078671969851528   0.0013562773251799434
372.5   0.7069247274671346   0.0013555355864475341
372.75   0.7059702255456975   0.0013545936649537963
373.   0.7050013247515801   0.0013533679633617516
373.25   0.7039961593392224   0.001351176868037177
373.5   0.7029795554823508   0.001348770815514512
373.75   0.701956949668347   0.0013463055675241827
374.   0.7009338094068671   0.0013439378437935883
374.25   0.6999407970312149   0.0013425291461203388
374.5   0.6989482715537105   0.0013412543862097624
374.75   0.6979516490811134   0.0013399894169190546
375.   0.6969463155386312   0.0013386093374547256
375.25   0.6959067800089245   0.0013359463484481232
375.5   0.6948575063882085   0.0013333306563237917
375.75   0.6938021927613967   0.0013310550794932358
376.   0.6927445566150098   0.0013294141169141326
376.25   0.6916977055553467   0.0013307085726502253
376.5   0.6906522970574195   0.0013324343699016457
376.75   0.6896083300379601   0.0013340833458707338
377.   0.6885658008318798   0.0013351444206466606
377.25   0.6875259026358453   0.0013329759247930565
377.5   0.6864869502289641   0.0013300352065879078
377.75   0.6854484493322762   0.0013266597764745832
378.   0.6844099006278608   0.0013231890322617738
378.25   0.6833736712803542   0.0013209196620484638
378.5   0.6823352382709322   0.001318859190287782
378.75   0.6812929312365835   0.0013169677575833182
379.   0.6802450689768942   0.0013152052735206465
379.25   0.6791899596023586   0.0013135314198862687
379.5   0.6781259006802464   0.001311905653900016
379.75   0.6770511793780647   0.00131028721146221
380.   0.675964072604678   0.0013086351104171115
