310.	29.67224324144149	0.04155903453522364
311.	29.25127284707546	0.04107598578712168
312.	28.837221277073823	0.04061116452256524
313.	28.42967249269298	0.040129416918200086
314.	28.02884377230015	0.039658746890433895
315.	27.63492431875512	0.03920459259497766
316.	27.247021383901558	0.03876500308239458
317.	26.865714658812077	0.03832760806809346
318.	26.49051597987076	0.03789732005477444
319.	26.121806285849587	0.03746370676378933
320.	25.75897546651784	0.03702693479490748
321.	25.40210351204093	0.03660556907078547
322.	25.051738217098602	0.03618447744504877
323.	24.706241495129913	0.035764096178863995
324.	24.366409450532156	0.03534898056122625
325.	24.031843233211468	0.03498414081866474
326.	23.70247016624556	0.034586506071581216
327.	23.378467288133148	0.03418619017921044
328.	23.059188381074517	0.03380178911757729
329.	22.745686321000274	0.03341999513344307
330.	22.43726570529173	0.03305873875454849
331.	22.132968866411	0.03268343941807379
332.	21.834438187409997	0.032313777055449994
333.	21.540132033813286	0.03194941379822699
334.	21.250150554800364	0.031599535691908605
335.	20.96487509184642	0.03125050322300573
336.	20.68413727123654	0.03091055335322095
337.	20.407900448771898	0.03056347049561096
338.	20.135784770277976	0.030222955136390423
339.	19.867975048701442	0.029889814618783726
340.	19.604074972348965	0.029575983437814826
341.	19.343049044504628	0.029238182528131165
342.	19.087443715430837	0.0289136080442169
343.	18.83579884309942	0.02859737137721118
344.	18.588010278158485	0.0282801502134125
345.	18.344334485099616	0.027978429588455984
346.	18.103728375164984	0.027680483222353596
347.	17.867321083740407	0.027383584657322907
348.	17.634629089683944	0.027123378007069772
349.	17.405217682993392	0.026829883854063288
350.	17.17927490126868	0.026544807943004112
351.	16.956768253088413	0.02626203354895267
352.	16.73715812717226	0.025977763530803773
353.	16.5213481079235	0.025704004359541472
354.	16.308711134590734	0.02542952596830618
355.	16.099240775600077	0.025157440974203558
356.	15.893249011908246	0.0248828931826084
357.	15.689929533885266	0.024621997141346674
358.	15.489441003177014	0.02435856665891116
359.	15.292141142338663	0.024102092213488545
360.	15.097498688667859	0.02384350046760989
361.	14.905821388624574	0.02359626535396051
362.	14.716607934190801	0.023354120917854507
363.	14.530285420334229	0.023113778285663897
364.	14.34684920105815	0.022882815278900338
365.	14.166269206967502	0.02266011289317704
366.	13.988110072427446	0.022419943566993866
367.	13.812457619570157	0.02218025392087045
368.	13.639620885495319	0.021959903598366127
369.	13.469666197644186	0.0217454010740951
370.	13.303093714764048	0.021519745855463946
371.	13.137650829546274	0.021299509587142832
372.	12.974616249887829	0.021085162116085108
373.	12.81399559345284	0.020874559904795992
374.	12.655637617901913	0.020661797880001147
375.	12.499658729029587	0.020448738473817844
376.	12.345836737116997	0.020238214951863998
377.	12.193868927891053	0.020034567499061323
378.	12.044338449100803	0.019828791503106794
379.	11.896918026434127	0.01963015790025211
380.	11.751237539451276	0.019428281074845306