310.	88.94887310375348	0.08961087340404232
311.	87.7128786993898	0.08860689233644788
312.	86.49682437955009	0.08763148642816923
313.	85.30262354843103	0.08659172708368065
314.	84.12347527691774	0.0856958972292715
315.	82.96593648167625	0.08475596763640378
316.	81.82702334136386	0.08380717701158667
317.	80.7075013071965	0.08289911035843296
318.	79.60554658839126	0.08202225704578453
319.	78.51957000762826	0.08111906065731309
320.	77.45331768723885	0.08026664811797808
321.	76.40318258748498	0.0794265156740614
322.	75.36939490494508	0.07864538215635729
323.	74.3554960170782	0.0776895809538646
324.	73.35316179718308	0.07687618747173375
325.	72.3676739125291	0.07605499383226112
326.	71.397455604289	0.07525412482674858
327.	70.44460826871882	0.07447350441138734
328.	69.50549301468328	0.07369295491225636
329.	68.58053418184166	0.0729138302990868
330.	67.67022450759849	0.07213657782561927
331.	66.7741220823984	0.07135887880824475
332.	65.89211574068473	0.07062705941661326
333.	65.02374216056535	0.06987458056051028
334.	64.16614808087115	0.06914272970398137
335.	63.32397002421674	0.06843565028795831
336.	62.495268836051345	0.06770751975453879
337.	61.67998931716384	0.06699019520493626
338.	60.87609319743523	0.06627645990652843
339.	60.08529319383052	0.0656007825572874
340.	59.30738765926922	0.06495951616976955
341.	58.539991604610805	0.0642916002615619
342.	57.784055540467705	0.06362450086371914
343.	57.03984131692701	0.06294745994797739
344.	56.30701856760363	0.062342056416607124
345.	55.58457330783193	0.061697623239103945
346.	54.87520259922293	0.061096273135322815
347.	54.1720996884911	0.060381173821498206
348.	53.48298098371018	0.05981931910116128
349.	52.803188037468146	0.05921391482979161
350.	52.13407830545557	0.05862006206746227
351.	51.47425716501281	0.058025090675923416
352.	50.824080037435344	0.05742438000803812
353.	50.18459247297206	0.056880775276042794
354.	49.55448443550323	0.05632231689602444
355.	48.933954739863765	0.055731091566668334
356.	48.321914501776604	0.05517479088943644
357.	47.718236287249304	0.05461174772660696
358.	47.12446500049639	0.054053109837491196
359.	46.539312806754154	0.05352908348248904
360.	45.96402863138513	0.052993737023557294
361.	45.395387945319776	0.052457530722640706
362.	44.83498056422811	0.051928922989923874
363.	44.28290383453864	0.05145033636440299
364.	43.73797114701075	0.05092824476349229
365.	43.20111186685009	0.05040546270610998
366.	42.66958921497085	0.04992587923311098
367.	42.15104644328862	0.04943200815266662
368.	41.63739267174668	0.04895790193788614
369.	41.12905324151676	0.04849130926870732
370.	40.62928054874877	0.048025927313649235
371.	40.13673335110127	0.047537349068074566
372.	39.65128987834232	0.047067734267534495
373.	39.173138894505925	0.046617943689546235
374.	38.700920461619354	0.04617766091872423
375.	38.23599201926284	0.04572851374377302
376.	37.7782239033989	0.04528000122029861
377.	37.32623804766792	0.044862174057517475
378.	36.88098548426386	0.04446370059999093
379.	36.44151923919537	0.044035580524198814
380.	36.00891325664333	0.04359477629725591