310.	5.288816303940596e-7	4.377575919999215e-10
311.	5.315512025397848e-7	4.401504480324234e-10
312.	5.347145613719223e-7	4.433008660814961e-10
313.	5.384167699354967e-7	4.4663127918867453e-10
314.	5.427093474693744e-7	4.504747654054655e-10
315.	5.476462555928771e-7	4.548020184980936e-10
316.	5.532954282342068e-7	4.596642290460437e-10
317.	5.597327249481109e-7	4.64990052460083e-10
318.	5.670527873147442e-7	4.711817262952534e-10
319.	5.753583179298251e-7	4.776763429128792e-10
320.	5.847768240437359e-7	4.856408177355121e-10
321.	5.954624871748632e-7	4.9475745497193e-10
322.	6.075998598123083e-7	5.051104950506514e-10
323.	6.214098265388882e-7	5.167870902874548e-10
324.	6.371746064944355e-7	5.302368188130331e-10
325.	6.55214701429786e-7	5.45441403810436e-10
326.	6.759736576760872e-7	5.621258712929267e-10
327.	6.999973903049146e-7	5.824121636608259e-10
328.	7.279775456747018e-7	6.059933106044397e-10
329.	7.608446132669291e-7	6.335424491416412e-10
330.	7.998461125250843e-7	6.664363874735821e-10
331.	8.466751641462523e-7	7.060065088132053e-10
332.	9.03733056962275e-7	7.537111924933762e-10
333.	9.744994923330112e-7	8.13183979358562e-10
334.	1.0642023997758452e-6	8.885826587436915e-10
335.	1.1810036739422076e-6	9.857800287442755e-10
336.	1.3384699823953723e-6	1.1174015880891736e-9
337.	1.5603859538890889e-6	1.3029796305186548e-9
338.	1.8921259230233031e-6	1.580223707700704e-9
339.	2.4289814710800757e-6	2.0309793935444742e-9
340.	3.3961486713461845e-6	2.8414003460590637e-9
341.	5.3798691286982285e-6	4.500845315924072e-9
342.	9.548536894603487e-6	7.99144214699073e-9
343.	0.000013051221963769033	1.0927047443137751e-8
344.	0.000011484682319729282	9.61994350136321e-9
345.	0.000010930473486792538	9.156282968224633e-9
346.	0.00001070167081684432	8.9687516800411e-9
347.	0.000010614901117756594	8.899396249665945e-9
348.	0.000010598648722630174	8.889113931150394e-9
349.	0.000010605902163188565	8.899043933914388e-9
350.	0.000010619119233605514	8.912361174695543e-9
351.	0.00001063167096155958	8.926982438313367e-9
352.	0.000010640800435812383	8.938646345200138e-9
353.	0.000010645592222320748	8.947037306411097e-9
354.	0.000010645495610316745	8.951119765865527e-9
355.	0.000010640513218819554	8.949862747756801e-9
356.	0.000010630948483964214	8.94958774246119e-9
357.	0.000010616742824604016	8.941517757514682e-9
358.	0.00001059826151344534	8.92953315744796e-9
359.	0.000010575752074910931	8.912577970032697e-9
360.	0.00001054950436056712	8.893404322815223e-9
361.	0.000010519748503607853	8.87332643669613e-9
362.	0.000010486776809903392	8.851222725428828e-9
363.	0.000010450723316414844	8.823865435728153e-9
364.	0.000010411862150931432	8.794182981585073e-9
365.	0.000010370370999840614	8.762982231961582e-9
366.	0.00001032647122215942	8.729412380026196e-9
367.	0.00001028040115182315	8.693285900477997e-9
368.	0.000010232231609010561	8.650317864053705e-9
369.	0.000010182105679624179	8.611963999646365e-9
370.	0.000010130183864581507	8.570794927874872e-9
371.	0.000010076607089485072	8.529276957716124e-9
372.	0.000010021547916796657	8.484991891300285e-9
373.	9.965137358176564e-6	8.441004716490726e-9
374.	9.907450567263246e-6	8.396270049792947e-9
375.	9.848672402674894e-6	8.351334501450023e-9
376.	9.788775188381993e-6	8.303815671009027e-9
377.	9.727920288937953e-6	8.25574625299849e-9
378.	9.666175424734182e-6	8.203967688779364e-9
379.	9.6037106760256e-6	8.155776111393483e-9
380.	9.540469085503337e-6	8.105453886446478e-9