310.	4.686960950515453e-8	3.217723559299566e-11
311.	4.6842588197430316e-8	3.21688423968504e-11
312.	4.683617650014198e-8	3.216979984846602e-11
313.	4.6851614913994135e-8	3.219211568703853e-11
314.	4.689002877336355e-8	3.2228830067575064e-11
315.	4.695286186883007e-8	3.227761048666997e-11
316.	4.704152318763532e-8	3.234166241822025e-11
317.	4.7158014033223996e-8	3.243030017966066e-11
318.	4.730419905056739e-8	3.2541778505003946e-11
319.	4.748246650665091e-8	3.2673645664658285e-11
320.	4.769540330496972e-8	3.2833007871419636e-11
321.	4.7945872012382063e-8	3.301475976329996e-11
322.	4.8237470135929314e-8	3.32258955984313e-11
323.	4.857412142421262e-8	3.346778492265339e-11
324.	4.896050881338978e-8	3.374378859907562e-11
325.	4.9402083320750246e-8	3.4057951176591276e-11
326.	4.990521863906411e-8	3.441613994308563e-11
327.	5.0477653305764106e-8	3.4828858787672435e-11
328.	5.1128322481704424e-8	3.52906435907276e-11
329.	5.1868645771403e-8	3.5817088002998037e-11
330.	5.271198851031146e-8	3.641187351325388e-11
331.	5.367484048327266e-8	3.708942784138712e-11
332.	5.4778337701062324e-8	3.786440337972946e-11
333.	5.604899220060948e-8	3.874466053987201e-11
334.	5.7521414418341866e-8	3.977496984202351e-11
335.	5.9241114679655754e-8	4.097742564580383e-11
336.	6.12694421713823e-8	4.238424983167062e-11
337.	6.369237447553923e-8	4.4075429667836904e-11
338.	6.663245128313687e-8	4.612482525717985e-11
339.	7.027418090990839e-8	4.866199156697996e-11
340.	7.490810590163357e-8	5.1884246275639393e-11
341.	8.102427026390974e-8	5.6137181969127643e-11
342.	8.952036294839332e-8	6.20444150209165e-11
343.	1.0223072232105751e-7	7.087499669713014e-11
344.	1.2335310833072507e-7	8.554526899451797e-11
345.	1.6185542603717974e-7	1.1228295903004414e-10
346.	2.2264683819207456e-7	1.544709991237113e-10
347.	2.9049085112823874e-7	2.0160876306879912e-10
348.	3.534859363014964e-7	2.4539176473259404e-10
349.	4.09488484833284e-7	2.8433920210897026e-10
350.	4.591175756577331e-7	3.1888980399871574e-10
351.	5.033540056100244e-7	3.4972608889333465e-10
352.	5.430524766348597e-7	3.77426360537479e-10
353.	5.789001903731579e-7	4.024292990163409e-10
354.	6.114432512125358e-7	4.251283380063224e-10
355.	6.411124803084057e-7	4.4589441950377837e-10
356.	6.68259059899344e-7	4.649230307486498e-10
357.	6.931697110878925e-7	4.823594520602377e-10
358.	7.160795453599432e-7	4.984301071503149e-10
359.	7.371903325980561e-7	5.132621989843763e-10
360.	7.566712560974734e-7	5.270044983396219e-10
361.	7.746685403191252e-7	5.397022117868603e-10
362.	7.913090895997588e-7	5.514032247133851e-10
363.	8.067019379204311e-7	5.623141656304175e-10
364.	8.209454250783116e-7	5.724496079442981e-10
365.	8.341261438300821e-7	5.818377199781833e-10
366.	8.463205204434868e-7	5.905457211188248e-10
367.	8.575981319349242e-7	5.985978177157603e-10
368.	8.68020155750866e-7	6.060610342998256e-10
369.	8.776429343907547e-7	6.12949782240816e-10
370.	8.865193827698024e-7	6.193461217337834e-10
371.	8.946967597338574e-7	6.251770388134581e-10
372.	9.022140261156245e-7	6.30629918705707e-10
373.	9.091126264898348e-7	6.356534409501317e-10
374.	9.15431659522744e-7	6.402372720077186e-10
375.	9.211985133450875e-7	6.444748430257743e-10
376.	9.264446750040319e-7	6.483095670012014e-10
377.	9.312029120980962e-7	6.517333307234881e-10
378.	9.354993410063352e-7	6.549542652439673e-10
379.	9.393585247254048e-7	6.57765932436779e-10
380.	9.428016022349843e-7	6.60419940466226e-10