310.	0.00006785470733182262	1.929792067324868e-8
310.25	0.00006783412659909365	1.9292986265247833e-8
310.5	0.00006781531516903143	1.9288794589226732e-8
310.75	0.00006779836774581907	1.9284987093039223e-8
311.	0.00006778330272216764	1.9281845451673682e-8
311.25	0.00006777015193959984	1.92802863085566e-8
311.5	0.00006775890102711574	1.9278106834943084e-8
311.75	0.0000677495318153647	1.9273612530215642e-8
312.	0.0000677421166966109	1.927156536545294e-8
312.25	0.00006773664186827351	1.92755463857121e-8
312.5	0.00006773324973184242	1.927502228031542e-8
312.75	0.00006773181785217866	1.9277037833112123e-8
313.	0.00006773249887698445	1.9288388396994603e-8
313.25	0.00006773524910867318	1.928887170080968e-8
313.5	0.00006774005910340868	1.9293236572979734e-8
313.75	0.0000677470147111081	1.9297881082295826e-8
314.	0.00006775618686903414	1.930323493684764e-8
314.25	0.00006776758619812717	1.931127639466747e-8
314.5	0.00006778117657919329	1.931789309669529e-8
314.75	0.00006779708442952904	1.9326081994356484e-8
315.	0.00006781530656402319	1.9335433715084613e-8
315.25	0.00006783586195526043	1.9344674943906915e-8
315.5	0.0000678587622939944	1.934881620665166e-8
315.75	0.00006788409779512823	1.9362142124491225e-8
316.	0.0000679118907592719	1.937388604717492e-8
316.25	0.00006794219891734976	1.9386035346879126e-8
316.5	0.000067975001858173	1.9398699866144175e-8
316.75	0.00006801040361991404	1.9412125274961803e-8
317.	0.00006804844630910133	1.9425964033253107e-8
317.25	0.00006808918889503428	1.9455541825454285e-8
317.5	0.00006813264834929724	1.9470481210085816e-8
317.75	0.00006817884225444929	1.9486223364353292e-8
318.	0.00006822793248032219	1.9497325652909182e-8
318.25	0.00006827973958453806	1.9539418787204497e-8
318.5	0.00006833457382841823	1.9519718206748128e-8
318.75	0.00006839221145119265	1.9537151391090415e-8
319.	0.00006845308713240295	1.9557081714499724e-8
319.25	0.00006851706607344433	1.9577995757910235e-8
319.5	0.00006858422189555329	1.960098976313022e-8
319.75	0.00006865463742182993	1.9626748604983277e-8
320.	0.0000687284072022713	1.964539786416535e-8
320.25	0.00006880558861255415	1.9675156364796192e-8
320.5	0.00006888616672061326	1.9700022589512688e-8
320.75	0.00006897003123612191	1.9720075453515675e-8
321.	0.00006905765451298465	1.974978668350234e-8
321.25	0.000069148982448185	1.977752848601731e-8
321.5	0.00006924407570487512	1.9808542008356376e-8
321.75	0.00006934300690987285	1.9840479008723726e-8
322.	0.00006944596171322621	1.986016592028378e-8
322.25	0.00006955286517259356	1.9892600725424605e-8
322.5	0.00006966393352064029	1.992809650410143e-8
322.75	0.00006977920874536103	1.9965460696532796e-8
323.	0.00006989880922409741	2.000362860622369e-8
323.25	0.00007002291200976926	2.0043535614487772e-8
323.5	0.00007015175243942713	2.0082109993285794e-8
323.75	0.00007028503107378735	2.0123950409907248e-8
324.	0.00007042311305981187	2.0164385523570452e-8
324.25	0.00007056616568415925	2.0210363026169063e-8
324.5	0.00007071424654820426	2.0264227881771884e-8
324.75	0.00007086758788743806	2.031184872612013e-8
325.	0.00007102618690473027	2.0361397095081222e-8
325.25	0.00007119030307732847	2.041312289902908e-8
325.5	0.0000713600502612305	2.0466288915493222e-8
325.75	0.00007153565778299841	2.052122648820296e-8
326.	0.00007171721273108408	2.0578156137220017e-8
326.25	0.00007190498737320805	2.063387379193218e-8
326.5	0.00007209911386427802	2.068424414227886e-8
326.75	0.00007229977961237435	2.0740822459188293e-8
327.	0.000072507222274298	2.0803182340716875e-8
327.25	0.00007272164269743494	2.0868627466394502e-8
327.5	0.00007294329271371387	2.0936304669972747e-8
327.75	0.00007317236066097978	2.1026863286150523e-8
328.	0.00007340907056797174	2.110382082246842e-8
328.25	0.00007365376131852426	2.1181369494713717e-8
328.5	0.00007390674155056686	2.12613653889924e-8
328.75	0.00007416824276839135	2.1343754828642e-8
329.	0.00007443853699678903	2.143288006704388e-8
329.25	0.00007471799781242392	2.1519179384629932e-8
329.5	0.00007500693383446643	2.1611340902068718e-8
329.75	0.00007530574293551832	2.170286945005959e-8
330.	0.00007561484969415913	2.1800040017868543e-8
330.25	0.00007593459383877166	2.1890223823177195e-8
330.5	0.00007626535777833412	2.198927017157906e-8
330.75	0.00007660757935160415	2.2092205960009275e-8
331.	0.00007696192621851325	2.2219775777196915e-8
331.25	0.00007732883532093287	2.232383916492824e-8
331.5	0.00007770867816756165	2.2434286523180216e-8
331.75	0.00007810201827534763	2.2546310817350744e-8
332.	0.00007850957873279632	2.2660401379355777e-8
332.25	0.0000789319634435907	2.278177895824302e-8
332.5	0.00007936989743126105	2.2909607517301327e-8
332.75	0.00007982412353047503	2.304672135357112e-8
333.	0.00008029535957414779	2.3185012646945904e-8
333.25	0.00008078451167491962	2.3323367701039342e-8
333.5	0.00008129244817576695	2.3472776208673617e-8
333.75	0.00008182012242406046	2.362895089782143e-8
334.	0.0000823685968979459	2.3795208316157965e-8
334.25	0.00008293904418080585	2.3957420994938114e-8
334.5	0.00008353254071864465	2.4133296403968932e-8
334.75	0.00008415042978646556	2.4316055086716092e-8
335.	0.00008479413484782396	2.450807115434998e-8
335.25	0.00008546503300446365	2.4702033654575583e-8
335.5	0.00008616502807920026	2.490445271952528e-8
335.75	0.00008689575890065086	2.5122253486572805e-8
336.	0.00008765915472669723	2.5348046951214686e-8
336.25	0.00008845751122676544	2.5585943034377067e-8
336.5	0.00008929302794948787	2.584064193984088e-8
336.75	0.00009016820564459203	2.6099275677619422e-8
337.	0.0000910859893170013	2.6404811836896613e-8
337.25	0.00009204938402983906	2.6690544904872017e-8
337.5	0.00009306185684939044	2.6991517402121754e-8
337.75	0.00009412708644864508	2.730713567296138e-8
338.	0.00009524922475540658	2.7624194761691647e-8
338.25	0.00009643330016517386	2.797468406359507e-8
338.5	0.00009768441466971775	2.834069013159643e-8
338.75	0.00009900833419858483	2.873566317419209e-8
339.	0.00010041169682486333	2.9146531601386446e-8
339.25	0.00010190211481632388	2.9584086451305407e-8
339.5	0.00010348816839182945	3.0053673038433985e-8
339.75	0.00010517944060607271	3.054983169721001e-8
340.	0.0001069871781253391	3.108205532069017e-8
340.25	0.00010892425370172101	3.1652529947641004e-8
340.5	0.00011100559531379698	3.2272240616664976e-8
340.75	0.00011324837173469931	3.2932515236933865e-8
341.	0.0001156730133409217	3.364082623426448e-8
341.25	0.00011830369139726913	3.441240733116398e-8
341.5	0.00012116928367805616	3.5213854092770635e-8
341.75	0.00012430349946205378	3.61336779330141e-8
342.	0.00012774791122414865	3.7150165159205714e-8
342.25	0.0001315527880011299	3.8263335489572604e-8
342.5	0.00013577978854553758	3.9502571664919215e-8
342.75	0.000140505141947467	4.08895020339666e-8
343.	0.0001458236264123939	4.244989086003983e-8
343.25	0.00015185364215666074	4.421816020984109e-8
343.5	0.0001587433676153412	4.624075788573362e-8
343.75	0.00016667680781911855	4.856636909018793e-8
344.	0.00017587866461626147	5.126338287200147e-8
344.25	0.0001866125029574904	5.4411546749405894e-8
344.5	0.00019916413021836066	5.808924574169456e-8
344.75	0.00021379741699487645	6.238188437510812e-8
345.	0.00023067866579358718	6.732519828985435e-8
345.25	0.00024978942027263694	7.2926563076062e-8
345.5	0.0002708823223667206	7.911686013044375e-8
345.75	0.0002935207042812334	8.576399128356604e-8
346.	0.00031718594869200055	9.270214329791509e-8
346.25	0.00034138529828391155	9.982072996698846e-8
346.5	0.00036571544769299934	1.0697289660190768e-7
346.75	0.0003898764866847627	1.1406113577101315e-7
347.	0.0004136643747938895	1.2106514873656636e-7
347.25	0.0004369471219582477	1.2790787745842835e-7
347.5	0.0004596476244340155	1.3460714272323087e-7
347.75	0.00048172451989526074	1.411125068957044e-7
348.	0.0005031612026340434	1.4747032853208752e-7
348.25	0.000523957284897112	1.535151871492255e-7
348.5	0.0005441231867989525	1.594842240068254e-7
348.75	0.0005636755093394918	1.6527180200038153e-7
349.	0.0005826345233795997	1.7088934871984693e-7
349.25	0.0006010220441686767	1.7634216628170526e-7
349.5	0.0006188611090068775	1.8172727361734488e-7
349.75	0.0006361732880810368	1.8687570873310663e-7
350.	0.0006529820183340717	1.9187207786422377e-7
350.25	0.0006693085881878469	1.9673816400016343e-7
350.5	0.0006851736610055012	2.0147409676002352e-7
350.75	0.0007006010477996039	2.0679389993273515e-7
351.	0.0007156033282651756	2.1123262013197959e-7
351.25	0.0007302004791436654	2.155204750214571e-7
351.5	0.0007444095664419625	2.197362183640186e-7
351.75	0.0007582455530457769	2.2385269392304096e-7
352.	0.0007717239254534069	2.2790315446675714e-7
352.25	0.0007848587702585794	2.3183004654483384e-7
352.5	0.0007976636798832557	2.3555432663230063e-7
352.75	0.0008101502109209141	2.3930706802392375e-7
353.	0.0008223302784409092	2.4298336309737305e-7
353.25	0.0008342154288013126	2.466100914917782e-7
353.5	0.0008458158615378876	2.501302237729015e-7
353.75	0.0008571406754511086	2.535747166846912e-7
354.	0.000868201560125771	2.569676805910108e-7
354.25	0.0008790049208676022	2.602545041953875e-7
354.5	0.0008895599807563722	2.635073136119395e-7
354.75	0.0008998749019132071	2.6667671302957965e-7
355.	0.0009099576724092126	2.697414871204842e-7
355.25	0.0009198132731481061	2.7275654697576473e-7
355.5	0.0009294525437722208	2.756825165172036e-7
355.75	0.0009388801782159667	2.785986316757591e-7
356.	0.0009481025974315332	2.817513907294057e-7
356.25	0.0009571240213746549	2.8455751554297394e-7
356.5	0.0009659510254299221	2.872547865224225e-7
356.75	0.0009745898029041935	2.89904643897237e-7
357.	0.000983045472544082	2.9251312873919923e-7
357.25	0.0009913220238591807	2.9507725055086237e-7
357.5	0.0009994248641668672	2.9758035524769823e-7
357.75	0.0010073583434956723	3.0005277361806797e-7
358.	0.001015126890870018	3.0247938777275323e-7
358.25	0.001022734431351297	3.048773085878372e-7
358.5	0.0010301853885936775	3.072528353505751e-7
358.75	0.0010374836274184296	3.0954666348184383e-7
359.	0.001044633392877034	3.1179047901715915e-7
359.25	0.001051635638291254	3.139821179833434e-7
359.5	0.0010584978449636794	3.160866929247649e-7
359.75	0.0010652207412975955	3.18199988416829e-7
360.	0.0010718078047869846	3.2030329034409236e-7
360.25	0.0010782635598730603	3.223961504500184e-7
360.5	0.001084586130467411	3.244127897361136e-7
360.75	0.0010907855488923055	3.264371419862101e-7
361.	0.0010968602697987077	3.284448840518665e-7
361.25	0.0011028143591349812	3.3038228004077827e-7
361.5	0.0011086509380004537	3.324670464739223e-7
361.75	0.0011143703122489142	3.3432201458638655e-7
362.	0.0011199771445208056	3.3615131144787835e-7
362.25	0.001125474161812412	3.3783527756048406e-7
362.5	0.0011308599350668164	3.3961820689031725e-7
362.75	0.0011361386270324358	3.4129201027271326e-7
363.	0.0011413119292228333	3.4299489649316757e-7
363.25	0.0011463819481551715	3.445796035795908e-7
363.5	0.001151353360302088	3.462285479729418e-7
363.75	0.001156223678836651	3.4757684112536243e-7
364.	0.001161001041388577	3.491823232502548e-7
364.25	0.001165682734486594	3.50723410825841e-7
364.5	0.0011702717653413852	3.522393988141261e-7
364.75	0.0011747690487388242	3.536646308806288e-7
365.	0.001179176512300167	3.551403169960465e-7
365.25	0.0011834975100329032	3.56623727977214e-7
365.5	0.0011877312810502595	3.580920624622157e-7
365.75	0.0011918810334689953	3.596241827364579e-7
366.	0.0011959465683924577	3.6095706849414566e-7
366.25	0.0011999311389156533	3.623098714871765e-7
366.5	0.0012038356337314658	3.6361628800556e-7
366.75	0.0012076612329619083	3.650355015648209e-7
367.	0.0012114075122294156	3.664171058266503e-7
367.25	0.0012150831150502016	3.67872413452308e-7
367.5	0.0012186810301319274	3.6915767168059566e-7
367.75	0.001222203850879418	3.7042386800013585e-7
368.	0.0012256553086680809	3.7168307939942813e-7
368.25	0.001229035895270466	3.729035416464844e-7
368.5	0.0012323468149170772	3.7407382975037546e-7
368.75	0.0012355895365339467	3.7521222786047956e-7
369.	0.001238761409768335	3.765593538063033e-7
369.25	0.001241869486891066	3.7769370019134137e-7
369.5	0.00124491245694781	3.7880111382014097e-7
369.75	0.0012478909089562134	3.7968797501126426e-7
370.	0.0012508065464162418	3.8076646455729286e-7
370.25	0.0012536594803235679	3.8180842248644244e-7
370.5	0.0012564522721867529	3.8281088189884907e-7
370.75	0.0012591836184293332	3.838240600425428e-7
371.	0.001261856466741811	3.8477281961614884e-7
371.25	0.0012644706886898729	3.857064710334707e-7
371.5	0.0012670274768464302	3.866857140412409e-7
371.75	0.0012695278445737472	3.8763026299250364e-7
372.	0.0012719720413336983	3.885418977413016e-7
372.25	0.0012743611639568074	3.8945769089557326e-7
372.5	0.0012766963446434576	3.90331944944884e-7
372.75	0.0012789782649156596	3.912571390470833e-7
373.	0.0012812066880992239	3.9222906838806377e-7
373.25	0.0012833852727128056	3.930472103869968e-7
373.5	0.0012855120717421673	3.939399278472775e-7
373.75	0.0012875890038144967	3.947823991375055e-7
374.	0.0012896172413038578	3.955794777136231e-7
374.25	0.0012915971816555177	3.963496325327151e-7
374.5	0.0012935282930362543	3.9713438500830503e-7
374.75	0.0012954119942069086	3.979666939196204e-7
375.	0.0012972501068143102	3.9872508460000884e-7
375.25	0.001299040910484334	3.9945060196784627e-7
375.5	0.0013007876888045432	4.001718468317764e-7
375.75	0.001302489697958706	4.0085893982100836e-7
376.	0.0013041482069179986	4.0133011594462824e-7
376.25	0.0013057630937613877	4.0201886520219455e-7
376.5	0.0013073350287675656	4.0269656435123534e-7
376.75	0.0013088652892235724	4.0339128024386364e-7
377.	0.0013103554257225493	4.041532611939819e-7
377.25	0.0013118026433358275	4.048207666490906e-7
377.5	0.0013132109925311653	4.0550756158200727e-7
377.75	0.0013145788651386693	4.062443374769547e-7
378.	0.0013159078353477361	4.0693890598017114e-7
378.25	0.0013171978399319595	4.0764684446611033e-7
378.5	0.001318450023857085	4.0845090996381534e-7
378.75	0.0013196602032479537	4.091878828926185e-7
379.	0.0013208379105315948	4.0967769909628553e-7
379.25	0.001321979775148815	4.1019767394021984e-7
379.5	0.0013230821464120402	4.10490058008539e-7
379.75	0.0013241539260194857	4.1097949765508757e-7
380.	0.001325188563438116	4.114537110938751e-7