310.   0.015062566385190301   0.00002704182356210513
310.25   0.01504444473324994   0.00002700240031871006
310.5   0.015026774406251785   0.00002696634764022226
310.75   0.015009560210694623   0.000026933268267040155
311.   0.014992807069879785   0.0000269027613504594
311.25   0.01497652002743511   0.00002687442234698137
311.5   0.01496070425097175   0.000026847842909091777
311.75   0.01494536503587967   0.000026822610772360207
312.   0.014930507809268148   0.000026798309638704318
312.25   0.014916220689285107   0.000026773407166778113
312.5   0.014902394149825702   0.0000267490305791252
312.75   0.014889000584662387   0.00002672520130391863
313.   0.014876012173644206   0.000026701941115901593
313.25   0.014863340156404486   0.00002667965648560553
313.5   0.014851041007656409   0.00002665783352482705
313.75   0.014839110844234919   0.00002663633929430022
314.   0.01482754581996197   0.000026615039491394094
314.25   0.014816202826981104   0.00002659261099994077
314.5   0.014805272483460495   0.000026570573627328344
314.75   0.014794807569113501   0.000026549270383311568
315.   0.014784861569374839   0.00002652904838283384
315.25   0.014775667983891409   0.000026511416201164344
315.5   0.014767031628993378   0.000026495114934832013
315.75   0.014758935483284493   0.000026480035152374684
316.   0.01475136244114434   0.000026466066359176262
316.25   0.01474426542875896   0.00002645306753554735
316.5   0.01473766885224058   0.00002644096701077019
316.75   0.014731567474521444   0.000026429662841632473
317.   0.014725956119050289   0.000026419052029191576
317.25   0.014720870503303663   0.00002640869877818088
317.5   0.014716248626567542   0.000026398960558121288
317.75   0.014712068918638892   0.000026389865782120273
318.   0.014708309661751668   0.000026381443446662003
318.25   0.014704720479808588   0.00002637299020094314
318.5   0.014701598031966894   0.000026365558481684265
318.75   0.014699013048942198   0.00002635947721003138
319.   0.014697037380229781   0.000026355080103307513
319.25   0.014695867504807598   0.000026354259569410493
319.5   0.014695405467627121   0.000026355192924487733
319.75   0.014695676486177159   0.00002635759710729506
320.   0.01469670634692841   0.000026361185464373338
320.25   0.01469877611359197   0.00002636476772593799
320.5   0.014701557706885205   0.000026369304251965728
320.75   0.014704975043356945   0.0000263748632730673
321.   0.014708951138310597   0.000026381514407464714
321.25   0.014713039790987628   0.000026389823365808894
321.5   0.01471767545836969   0.000026399173228329612
321.75   0.014722928348735783   0.000026409436522974713
322.   0.014728870004177693   0.000026420484217608258
322.25   0.014735761601814258   0.000026430434157900433
322.5   0.01474341517908134   0.000026441594901054667
322.75   0.014751829829361568   0.000026454546852386624
323.   0.014761004942190787   0.000026469880462364407
323.25   0.014770903835994427   0.000026491029864898102
323.5   0.014781577229022387   0.00002651465939914368
323.75   0.014793040347969355   0.00002654023540126869
324.   0.014805309040148262   0.000026567215889945134
324.25   0.014818389916843746   0.00002659399982249567
324.5   0.014832313929771785   0.000026621490671156973
324.75   0.01484710301618327   0.000026649548690199397
325.   0.014862779939174528   0.000026678032197241297
325.25   0.014879345451450754   0.000026705179443492708
325.5   0.014896855952113576   0.000026733097877429695
325.75   0.014915346300237099   0.00002676230160519294
326.   0.014934852542315764   0.000026793315254582404
326.25   0.01495551109549013   0.00002682803001237664
326.5   0.014977222573675168   0.00002686510592633896
326.75   0.014999986358054586   0.000026904546923848633
327.   0.015023802456421608   0.000026946358275725737
327.25   0.015048490863549566   0.00002698984022771872
327.5   0.015074304410171546   0.00002703598415435172
327.75   0.015101319344970948   0.000027085089663041158
328.   0.015129614315923986   0.000027137464320732113
328.25   0.015159398291303867   0.000027197111525227635
328.5   0.015190577338448058   0.000027259226010948686
328.75   0.015223185630289692   0.000027322626968173163
329.   0.01525725911939686   0.00002738610868834226
329.25   0.015292973120116555   0.00002744200646129532
329.5   0.01533017630115992   0.00002749800678965166
329.75   0.015368854075367288   0.000027555468267308528
330.   0.015408992745705714   0.00002761578347933733
330.25   0.015450298122631835   0.000027683060337712856
330.5   0.015493149745396147   0.0000277550407165089
330.75   0.015537653060075915   0.00002783212667893634
331.   0.015583917746104367   0.000027914734058469832
331.25   0.01563216234470819   0.000028006995903505573
331.5   0.015682360871421937   0.000028104213962022755
331.75   0.0157345943574153   0.00002820532148216601
332.   0.01578894811896217   0.000028309226742494056
332.25   0.015845635684773294   0.000028410237947638905
332.5   0.015904580234627548   0.000028513559922120062
332.75   0.015965830725331556   0.000028619910207368574
333.   0.01602944027441273   0.00002873003155842859
333.25   0.016095214088761425   0.0000288459543163835
333.5   0.01616356492191147   0.0000289667277336685
333.75   0.016234665286900783   0.000029092658238249757
334.   0.016308696809358546   0.000029224068612955947
334.25   0.0163861901152876   0.00002936178132937771
334.5   0.016466877020866716   0.000029505487548822708
334.75   0.016550830023967927   0.00002965536693638465
335.   0.01663812918950025   0.000029811614598368495
335.25   0.01672849352956096   0.000029975158042671337
335.5   0.016822532192873232   0.000030145236281382244
335.75   0.01692050682160484   0.000030321801095372546
336.   0.017022695943140976   0.000030504814969799065
336.25   0.017129728438070486   0.00003069159604094281
336.5   0.017241462250299263   0.00003088580893648165
336.75   0.017358097820745252   0.000031088570358759724
337.   0.017479854267142516   0.000031301060992726044
337.25   0.01760678710092325   0.000031527474244663266
337.5   0.01773941394831288   0.00003176507072717238
337.75   0.017878100878133667   0.000032014024997563056
338.   0.01802324618901086   0.00003227454817838383
338.25   0.018175182186697093   0.00003254471865824738
338.5   0.01833452426992666   0.00003282783661605389
338.75   0.0185018355171532   0.000033125174843445846
339.   0.018677732275920324   0.000033438114709968874
339.25   0.018863156462264028   0.00003376954685890869
339.5   0.019058486951452902   0.000034119202045412264
339.75   0.01926443262603518   0.000034488287579195875
340.   0.019481783972826683   0.0000348781540038473
340.25   0.019711259513646398   0.00003528996419118341
340.5   0.0199540788116946   0.000035725906576554015
340.75   0.020211429727028562   0.00003618805624242999
341.   0.02048464994901277   0.00003667875359804469
341.25   0.02077529289600799   0.00003720043621385708
341.5   0.021085019890214756   0.00003775640850851126
341.75   0.021415772158256192   0.00003835020428602665
342.   0.021769775886414298   0.000038985872663236656
342.25   0.022149580192294793   0.00003966865838652841
342.5   0.022558182217131593   0.00004040316930325835
342.75   0.02299905634038425   0.00004119544090650416
343.   0.023476277369700732   0.00004205256698851945
343.25   0.02399486054362951   0.000042982758526856366
343.5   0.02456024735549877   0.00004399625357718742
343.75   0.02517919506107821   0.00004510512087731642
344.   0.025859866251237654   0.000046323939433214186
344.25   0.026611574516744285   0.00004766869227743724
344.5   0.027447349987432715   0.00004916352899461328
344.75   0.02838255210239303   0.00005083618561909731
345.   0.029436267280496885   0.00005272110505207114
345.25   0.030632999788776143   0.00005486429607372492
345.5   0.032001643554352054   0.000057315457700475816
345.75   0.03357888016288672   0.00006013983846198522
346.   0.03540947007969173   0.00006341705317172553
346.25   0.03754581369005852   0.00006723747154027469
346.5   0.040044756511388335   0.0000717055868432855
346.75   0.04295857741970741   0.00007691530963080447
347.   0.04631984089114952   0.0000829253807586216
347.25   0.050123525484822976   0.00008972907014674633
347.5   0.05431968850190896   0.00009723592591661474
347.75   0.05882027468785143   0.00010528878496988579
348.   0.06352101763535961   0.00011370161541330524
348.25   0.06832379388799621   0.00012230160121248188
348.5   0.07314679138236434   0.00013094045252248424
348.75   0.07792997748016335   0.0001395104691318186
349.   0.08263220647704608   0.00014793756335022414
349.25   0.08722558452005656   0.00015617024771469936
349.5   0.09169632831229417   0.00016418425274238274
349.75   0.09603682322614235   0.0001719654342981673
350.   0.10024449679592025   0.00017950858710928593
350.25   0.10432211234103025   0.00018684374374598953
350.5   0.1082698434254441   0.00019393608476187045
350.75   0.11209090822944695   0.0002007780783255895
351.   0.11578919217605854   0.00020736176133947235
351.25   0.11936736940623419   0.00021358010513223592
351.5   0.12283179756266238   0.00021955516462600228
351.75   0.12618742978960026   0.00022532096162965665
352.   0.1294391465438452   0.00023091464745340906
352.25   0.13259270055305286   0.00023648600455952596
352.5   0.13565131325261687   0.0002419286019083462
352.75   0.13861893076467918   0.00024723773110578423
353.   0.14149927031562504   0.00025240668374289634
353.25   0.1442951420435109   0.0002573808523280272
353.5   0.14701074437681988   0.00026221252850936144
353.75   0.14964943862413468   0.0002669099604879191
354.   0.15221440766582375   0.0002714812505247446
354.25   0.15470946978914657   0.00027595679740771413
354.5   0.15713638071123184   0.00028031372011656715
354.75   0.15949749688130258   0.00028454991644005377
355.   0.1617950139073542   0.0002886625433783207
355.25   0.16403014290087023   0.0002926124021986326
355.5   0.1662059337738293   0.0002964442447670326
355.75   0.16832452079768165   0.0003001686688120239
356.   0.17038793606706645   0.000303796556692352
356.25   0.17239787954821803   0.0003073588857799661
356.5   0.1743565264017923   0.00031083981657479306
356.75   0.17626574502100908   0.0003142425466179512
357.   0.1781273325611787   0.0003175700998622748
357.25   0.17994420597867344   0.0003208328695257384
357.5   0.18171639926727934   0.00032402317724169246
357.75   0.1834450190513069   0.00032714037656482903
358.   0.18513109507978495   0.00033018353588084773
358.25   0.18677510523199323   0.0003331522532865244
358.5   0.1883786005436402   0.0003360439561493507
358.75   0.18994260856520517   0.00033885659010248365
359.   0.1914681044671603   0.0003415878469444521
359.25   0.19295384022064507   0.00034420100193202803
359.5   0.19440370096521073   0.0003467405221222331
359.75   0.19581943863192436   0.00034921780637071063
360.   0.19720279948581348   0.0003516446009553874
360.25   0.198559305851099   0.0003540767233269182
360.5   0.19988546326585363   0.000356466057143065
360.75   0.20118142065247394   0.00035880698248299614
361.   0.20244726823240927   0.00036109353311035045
361.25   0.2036805390254132   0.00036328734589878466
361.5   0.20488467769184235   0.0003654262129584826
361.75   0.20606065826112518   0.00036751660355069794
362.   0.20720943984527648   0.000369565130142054
362.25   0.2083336870896365   0.0003716059803919055
362.5   0.20943194810505072   0.0003736080072686075
362.75   0.21050442592999818   0.00037556679827904717
363.   0.21155128985662952   0.0003774777170983143
363.25   0.21257215645398575   0.00037931887820362664
363.5   0.21356785312559243   0.0003811088465498358
363.75   0.21453867165641818   0.0003828494324344859
364.   0.21548488111937877   0.00038454245245657566
364.25   0.2164045149684337   0.0003861906249486019
364.5   0.21730087277147545   0.0003877945379856876
364.75   0.21817507874136616   0.00038935565846609396
365.   0.21902826277519682   0.000390875451023693
365.25   0.21986409858383363   0.00039235230396974255
365.5   0.22068020263518603   0.00039379194958747533
365.75   0.22147667242995323   0.0003951971211713563
366.   0.22225358459912242   0.00039657058448534923
366.25   0.2230100621209184   0.0003979318662162189
366.5   0.22374743903318395   0.00039926054909215165
366.75   0.22446611877441752   0.0004005525853209086
367.   0.22516649578530265   0.0004018037902987775
367.25   0.22584870769470836   0.000402978764068186
367.5   0.2265134770367878   0.00040411626848592787
367.75   0.22716127567242173   0.0004052245409432454
368.   0.22779257016013058   0.00040631198876796526
368.25   0.22840589613113607   0.0004074282042483737
368.5   0.22900438870740025   0.00040852487873633544
368.75   0.22958929267990283   0.0004095940277088173
369.   0.23016186575641645   0.0004106274561708081
369.25   0.23073093254948032   0.00041157163245488497
369.5   0.23128726658484972   0.00041248074076605636
369.75   0.23182905880169138   0.0004133645282963184
370.   0.23235444815370948   0.0004142329326350375
370.25   0.23285324271649932   0.00041513481472271675
370.5   0.2333350036962152   0.00041602657422382756
370.75   0.233801118820794   0.00041690280077478494
371.   0.2342529949773823   0.000417757947555967
371.25   0.2346944937925254   0.00041857721132042665
371.5   0.23512366875374574   0.00041936747950416416
371.75   0.23554098405638385   0.0004201265510413703
372.   0.23594690319853373   0.00042085216882376014
372.25   0.23634367655199448   0.00042151822209645094
372.5   0.2367292774500353   0.00042215548342648977
372.75   0.23710343580296228   0.000422771279081221
373.   0.23746586794336544   0.0004233730587387293
373.25   0.23781470381909067   0.0004240071759334473
373.5   0.2381518244442209   0.00042462730532907746
373.75   0.23847755057592812   0.0004252253908404111
374.   0.2387922015567237   0.00042579321902714456
374.25   0.23909574315194027   0.00042627750465234034
374.5   0.2393889827691093   0.0004267323018307054
374.75   0.2396723798446121   0.00042716729677741964
375.   0.23994639502740694   0.0004275923313622716
375.25   0.24021352942929466   0.00042805192382993067
375.5   0.24047140472345585   0.00042850811563035346
375.75   0.24071965269368006   0.00042895710545132567
376.   0.2409578932318595   0.0004293950151983307
376.25   0.24118374494313252   0.0004298045248479278
376.5   0.2413995774459504   0.00043020023486396995
376.75   0.24160578792708012   0.0004305834972608507
377.   0.2418027748567006   0.00043095567503945967
377.25   0.24199226258060907   0.00043132912439646415
377.5   0.24217280579500847   0.0004316899215075764
377.75   0.24234426690537866   0.0004320349847982795
378.   0.24250650173552848   0.0004323611778166607
378.25   0.24265815592053644   0.00043266753751023974
378.5   0.24280075066506476   0.0004329477149360595
378.75   0.2429346131010041   0.00043319750684916254
379.   0.24306007114310008   0.00043341264574124595
379.25   0.24317745349669193   0.00043358880082362415
379.5   0.24328708966476686   0.00043372157898795424
379.75   0.24338930995435176   0.00043380652574542735
380.   0.24348444548228865   0.0004338391261451437
