310.   0.0001595849279876809   0.000019615740636475605
310.25   0.00016039282857049393   0.00001960567357239792
310.5   0.0001608382104314085   0.000019594361330377273
310.75   0.000161024298160374   0.000019581944798779293
311.   0.00016105531088994623   0.000019568566186924828
311.25   0.000161036491553446   0.000019554369064405697
311.5   0.0001610741371307765   0.000019539498401731622
311.75   0.00016127562992380163   0.000019524100612364832
312.   0.0001617494699052887   0.000019508323596201925
312.25   0.00016335783739458677   0.000019491843955115008
312.5   0.00016516120267481295   0.000019475472665183115
312.75   0.00016696667837034227   0.00001945955396565445
313.   0.0001685793270268433   0.000019444435850923514
313.25   0.0001690560194560627   0.00001943126757265273
313.5   0.0001692387692812573   0.000019419292137547512
313.75   0.00016922858477019448   0.000019408546230800335
314.   0.00016912756926911753   0.000019399067135074194
314.25   0.00016930792475651997   0.000019390847390740662
314.5   0.00016949871687093254   0.000019383988829002597
314.75   0.00016969644049570471   0.000019378549041491355
315.   0.00016989755181550962   0.000019374586513713733
315.25   0.00017005707929457982   0.000019373105342677282
315.5   0.000170229144854933   0.00001937284780028001
315.75   0.00017042687887238388   0.000019373491816225602
316.   0.00017066357271208906   0.000019374711660390805
316.25   0.00017105294108908152   0.000019375781789511485
316.5   0.0001714687478461488   0.00001937692128447571
316.75   0.00017188408511872887   0.00001937795352938811
317.   0.00017227171122813432   0.0000193786997840686
317.25   0.00017250093367043387   0.000019377286684768685
317.5   0.00017268762733510645   0.000019375891734348218
317.75   0.0001728453775664159   0.000019375017116425502
318.   0.00017298794295265236   0.00001937517169893817
318.25   0.0001731708928266434   0.0000193784940702136
318.5   0.000173350289534016   0.00001938324394508617
318.75   0.00017352351999599009   0.00001938929180448259
319.   0.00017368793606538005   0.000019396506686916442
319.25   0.00017382017099119284   0.00001940522453286179
319.5   0.00017394634227538617   0.00001941465821093593
319.75   0.00017407210492147165   0.000019424481525359858
320.   0.00017420319509769427   0.000019434363872614684
320.25   0.000174373536599634   0.000019442588653118503
320.5   0.00017454985648126688   0.00001945074188477849
320.75   0.0001747267084658957   0.000019459041305443035
321.   0.000174898567471634   0.00001946770805467727
321.25   0.0001750036033976146   0.00001947737291442809
321.5   0.00017511449320454305   0.00001948769815923676
321.75   0.0001752483713880965   0.000019498750434237292
322.   0.00017542264329895068   0.000019510597733792365
322.25   0.00017572755994871268   0.000019523545599439172
322.5   0.00017607997612342923   0.000019537335809252878
322.75   0.00017646857564084425   0.000019551944426258508
323.   0.00017688186818766587   0.00001956734750706003
323.25   0.00017724893049513016   0.00001958295711978282
323.5   0.00017764045669197722   0.000019599535107578873
323.75   0.00017806858329332123   0.000019617287809612513
324.   0.00017854566380803396   0.000019636425587214422
324.25   0.0001791801382381696   0.00001965818585874917
324.5   0.00017985129518670271   0.000019681362787461774
324.75   0.00018053301605859296   0.00001970576182156834
325.   0.0001811987211538278   0.000019731185528735968
325.25   0.00018170901740060795   0.00001975677160735316
325.5   0.0001821927706979998   0.00001978323819231998
325.75   0.00018266785662523192   0.00001981064928991445
326.   0.00018315248994755468   0.00001983907073950859
326.25   0.00018366886111537053   0.000019868979264872347
326.5   0.0001842308700064554   0.000019899875319480635
326.75   0.0001848563626759784   0.000019931663277153083
327.   0.00018556356212074733   0.000019964246331688267
327.25   0.00018651397841103453   0.000019996429318688618
327.5   0.00018752778021801885   0.000020029639821671224
327.75   0.00018856581747760107   0.000020064227281440192
328.   0.00018958813093255904   0.000020100549482938666
328.25   0.00019039866999468014   0.000020139450588388973
328.5   0.0001911717087122269   0.000020180641948816787
328.75   0.00019192838532079676   0.00002022431287964231
329.   0.0001926903132293683   0.000020270658452148773
329.25   0.0001935958308443144   0.00002032040917245966
329.5   0.0001945059485782905   0.000020373036462391987
329.75   0.00019539603773741277   0.000020428536879174393
330.   0.0001962408896638088   0.000020486908869208704
330.25   0.00019686781883881035   0.000020548438851394244
330.5   0.00019745451042438902   0.00002061273198525435
330.75   0.00019803435730800716   0.000020679675372322547
331.   0.0001986416065191846   0.00002074915555250738
331.25   0.00019940819712361044   0.000020820308022536328
331.5   0.00020023576361224543   0.0000208940609473582
331.75   0.00020112145312889415   0.00002097060924540336
332.   0.00020206237717962093   0.00002105015597527963
332.25   0.00020307401227533656   0.000021132749144166667
332.5   0.00020412784081054065   0.000021218837216100076
332.75   0.0002052132399736909   0.000021308719036234016
333.   0.00020631931650646711   0.000021402706186973095
333.25   0.0002073834280340902   0.000021503031282887675
333.5   0.00020846550312410956   0.000021607387337938665
333.75   0.000209575088727751   0.000021715338416562193
334.   0.0002107220763253729   0.000021826439942139147
334.25   0.00021192405649751462   0.00002193737344463791
334.5   0.00021318152511507713   0.000022051648211765364
334.75   0.00021450251915959464   0.000022169983188726628
335.   0.00021589543049842095   0.000022293128461559195
335.25   0.00021738103916193755   0.000022422555719708003
335.5   0.0002189519042852314   0.000022558132098146315
335.75   0.00022061265510894774   0.000022700430173132266
336.   0.00022236821899196909   0.00002285005456388058
336.25   0.00022427560190946917   0.00002301097581348309
336.5   0.00022626878056574635   0.000023179261238178645
336.75   0.00022833205743019684   0.000023354233964906836
337.   0.00023044924869095344   0.000023535204128493037
337.25   0.0002324974446015683   0.000023717144367599008
337.5   0.00023460619436739067   0.000023905314541332063
337.75   0.0002368023472871321   0.000024100803116187265
338.   0.00023911418633618825   0.00002430476816107832
338.25   0.00024168081055899403   0.000024521278076542524
338.5   0.0002443830416676758   0.000024747743011415695
338.75   0.0002472081711889305   0.000024984379982201276
339.   0.0002501432217815507   0.000025231450185375102
339.25   0.00025319368297707347   0.0000254870388247009
339.5   0.0002563201582144429   0.000025754583322006933
339.75   0.00025950077732575424   0.000026035468973673295
340.   0.0002627128604861275   0.00002633121431895663
340.25   0.0002658159142612246   0.000026645347392880135
340.5   0.00026894615683934896   0.0000269771602582669
340.75   0.0002721282742398173   0.00002732790081196052
341.   0.00027538924195899436   0.000027698994818235664
341.25   0.00027854752270649633   0.000028089079747179307
341.5   0.0002819252899140895   0.00002850414131482276
341.75   0.00028565074166013297   0.000028947650477801437
342.   0.00028986385689425614   0.00002942352827803384
342.25   0.00029525073845171026   0.000029939743061530098
342.5   0.00030125498173046617   0.0000304965967799834
342.75   0.00030783135851477646   0.00003109840692670807
343.   0.0003149347756836757   0.00003175027320745092
343.25   0.00032210595932837005   0.000032457052180093706
343.5   0.0003298634902377212   0.0000332276211942472
343.75   0.00033835134790443944   0.00003407124405875341
344.   0.00034773867627910894   0.000034999104850065894
344.25   0.00035846582663479363   0.00003602450875371263
344.5   0.00037045195087991034   0.00003716455393821525
344.75   0.00038387848128632523   0.00003844000467586113
345.   0.0003989743455993269   0.00003987667708798039
345.25   0.0004158166917396409   0.00004150694139573636
345.5   0.0004350506210472808   0.00004337095260272452
345.75   0.00045723404329151555   0.00004551875944071445
346.   0.00048304922773504956   0.000048011448549874406
346.25   0.0005136955877974242   0.00005092098378135765
346.5   0.0005495597306267295   0.00005432457120004252
346.75   0.0005913007825828778   0.00005829370589818042
347.   0.0006392798629262619   0.0000628732541365622
347.25   0.0006928627827424413   0.00006806031049011673
347.5   0.0007517103039780471   0.000073783890600068
347.75   0.00081457819102069   0.00007992339257935567
348.   0.0008799935145005752   0.00008633551809849971
348.25   0.00094655140980342   0.00009287443271866101
348.5   0.0010131249864844842   0.00009943898886940465
348.75   0.0010788869742338063   0.00010594958528656811
349.   0.0011432880257928064   0.00011235297219642647
349.25   0.00120592869844642   0.00011862421773169499
349.5   0.0012667378447113924   0.000124735961433072
349.75   0.0013257049020595744   0.00013067756185830443
350.   0.001382907813287762   0.00013644503297818438
350.25   0.0014386576278737127   0.00014203985402810518
350.5   0.0014929150454307228   0.00014746355170200496
350.75   0.0015458187534781785   0.0001527202679376688
351.   0.0015975224899655081   0.00015781499832323215
351.25   0.0016483126501606324   0.00016274684797510787
351.5   0.0016981938261043824   0.0001675297318490615
351.75   0.0017472831349593003   0.00017217191107677047
352.   0.0017956945450853395   0.00017668170734069666
352.25   0.0018444328359371012   0.00018108102393659282
352.5   0.0018923893931510763   0.00018535959587106187
352.75   0.0019392603380568234   0.00018951935215766693
353.   0.001984702509888979   0.00019356156028966509
353.25   0.002025764315611018   0.0001974758578535754
353.5   0.002065537578381678   0.00020127724764755194
353.75   0.0021047151700690886   0.0002049700344644114
354.   0.0021440423695792683   0.00020855832303874258
354.25   0.0021882224580467924   0.00021204376906541563
354.5   0.002232746419480828   0.00021543320751780517
354.75   0.0022767907552979903   0.0002187312033385022
355.   0.00231946472623917   0.00022194223261578277
355.25   0.0023562111331943427   0.00022507520052330226
355.5   0.0023909603392542247   0.00022812823709920566
355.75   0.002424196943290163   0.00023110364734126528
356.   0.0024564384435177304   0.00023400356628680674
356.25   0.002490257541173223   0.00023682149960925643
356.5   0.002523448439389368   0.00023957093423905259
356.75   0.00255575121359835   0.0002422571956621243
357.   0.0025868894599236528   0.0002448856666647493
357.25   0.0026147896378341403   0.00024748346750140836
357.5   0.00264160058689752   0.000250026204282845
357.75   0.002667759452644196   0.00025251019653064626
358.   0.0026937246514236656   0.00025493139335672633
358.25   0.002721671498901684   0.0002572591670706554
358.5   0.002749756302058119   0.0002595249818341039
358.75   0.002777778522558121   0.00026173487256972677
359.   0.0028055257729851153   0.0002638950310719895
359.25   0.002831920372880954   0.0002660474115572443
359.5   0.002857908010761617   0.0002681492726700107
359.75   0.002883603014466649   0.00027019224410916023
360.   0.0029091233729514757   0.0002721675132563859
360.25   0.0029353083616329625   0.00027399918950218443
360.5   0.002961289560482382   0.0002757698736457497
360.75   0.0029868940704097834   0.0002774974913127427
361.   0.0030119414259862204   0.000279200588768657
361.25   0.003035748637193342   0.00028096863015640686
361.5   0.0030588067669886027   0.00028272394263419127
361.75   0.0030811210300001816   0.00028445743034943155
362.   0.003102696811591084   0.00028615957373710825
362.25   0.003122943205257891   0.00028778940187728795
362.5   0.0031426929443881028   0.0002893796188200893
362.75   0.0031622006422117412   0.00029093244463442936
363.   0.0031817288520162384   0.0002924501235261355
363.25   0.003203540283189007   0.00029394212133016016
363.5   0.0032251484712608313   0.0002954007444922614
363.75   0.003246010269984718   0.0002968253170068455
364.   0.0032655655844308954   0.00029821509959114317
364.25   0.0032801482723688216   0.0002995604451910049
364.5   0.003293454556548499   0.0003008727749210345
364.75   0.0033061572007638536   0.00030215484008146127
365.   0.0033189486138163935   0.00030340943643236945
365.25   0.0033352447657811254   0.0003046499659478641
365.5   0.003352019736344231   0.00030586464039054125
365.75   0.003368903173177041   0.0003070520141835003
366.   0.0033855138765211956   0.00030821057113716746
366.25   0.003399949417848456   0.0003093146311632506
366.5   0.003413906830392948   0.00031039602593332965
366.75   0.003427597659008183   0.0003114629895695441
367.   0.0034412386738937044   0.00031252393448911526
367.25   0.0034562679358919233   0.00031364632006510327
367.5   0.0034712215907729007   0.0003147570591697429
367.75   0.0034858300726584857   0.00031584080769729274
368.   0.00349981710053202   0.00031688182820381963
368.25   0.0035130419283235527   0.00031783653374288675
368.5   0.0035250175968104085   0.0003187266200893791
368.75   0.0035353899767586647   0.00031954652110474056
369.   0.003543797461377808   0.0003202905544528497
369.25   0.0035460030949498733   0.0003208559455550128
369.5   0.003547012096448537   0.000321371707187519
369.75   0.0035480310225989016   0.0003218716801137369
370.   0.0035502924677424767   0.0003223904242869301
370.25   0.0035593651804361076   0.0003230915900969347
370.5   0.003570533408169046   0.0003238324660084275
370.75   0.003583335738361097   0.0003245969963696095
371.   0.003597300016364194   0.00032536875361234834
371.25   0.0036118182201566196   0.00032609499862862676
371.5   0.0036265717580685132   0.00032680862101359487
371.75   0.0036411087874946907   0.0003275068540051231
372.   0.0036549684479125523   0.0003281868627578983
372.25   0.0036661296271515626   0.00032883380644569847
372.5   0.003676274141107923   0.0003294613426022301
372.75   0.0036855502777992663   0.00033007132854723605
373.   0.003694109344871337   0.0003306656463693424
373.25   0.003701729020059036   0.0003312442061673714
373.5   0.0037090910189806468   0.00033181171909189323
373.75   0.003716509452943624   0.0003323709560876999
374.   0.0037243039056294586   0.00033292472555370757
374.25   0.003733947913420181   0.0003334871823942422
374.5   0.0037441716579256624   0.0003340454527950982
374.75   0.0037548412329595025   0.0003345978324410203
375.   0.0037658201182849873   0.00033514257611239246
375.25   0.003777064084475843   0.00033568760818296036
375.5   0.0037882993328902537   0.00033621757421779
375.75   0.0037993430258098223   0.00033672664608422207
376.   0.003810009266030625   0.00033720889481047856
376.25   0.003816717077704982   0.0003376197092592253
376.5   0.0038240019935538256   0.0003380067353384027
376.75   0.003833053036263225   0.0003383794913131457
377.   0.0038450773787090447   0.0003387476400216025
377.25   0.003869804620650763   0.0003391767768877114
377.5   0.0038966227689224133   0.0003395990804773729
377.75   0.003923325009072167   0.0003400018920733741
378.   0.003947670956834708   0.0003403723568130331
378.25   0.003958875384400974   0.00034064665521746926
378.5   0.003966498988824734   0.00034088233213026636
378.75   0.003971670904676273   0.00034108664341038155
379.   0.003975537416154025   0.0003412669511600268
379.25   0.0039792617013190736   0.0003414307221632143
379.5   0.003984023581952911   0.00034158552635802606
379.75   0.0039910192788592406   0.0003417390353415331
380.   0.004001461172438419   0.00034189902090636757
