310.   0.0262691066712263   0.000015995256412856675
310.25   0.026255034500646052   0.000016027901110121997
310.5   0.02624163075024348   0.000016050168786237503
310.75   0.02622889328038493   0.000016063650635179575
311.   0.026216820048299595   0.00001606995274918332
311.25   0.0262054091111575   0.000016070696558401525
311.5   0.0261946586292761   0.000016067519285362588
311.75   0.026184566869461454   0.000016062074414854676
312.   0.0261751322084903   0.00001605603217989479
312.25   0.02616627650508503   0.000016049990413026075
312.5   0.02615810532808004   0.000016047175285174956
312.75   0.026150648459860225   0.000016049751918565218
313.   0.026143936145205268   0.000016059909093906494
313.25   0.026138122475797585   0.000016096127088836406
313.5   0.026133066488199498   0.00001613794150522043
313.75   0.02612874988656464   0.000016181021393760464
314.   0.026125154335407998   0.000016220988166064634
314.25   0.026122134324843095   0.000016236170394980798
314.5   0.02611984884702233   0.000016246152355760786
314.75   0.026118331014477136   0.000016253398119511704
315.   0.026117614502139147   0.000016260399806124066
315.25   0.026117847123085382   0.00001627848429292249
315.5   0.026118905292337905   0.00001629791610830426
315.75   0.026120778399104295   0.000016317703086851746
316.   0.026123455912738094   0.000016336841329386723
316.25   0.02612683740061195   0.000016351316155946847
316.5   0.02613103803984755   0.00001636428237147799
316.75   0.026136084106401586   0.00001637591627231908
317.   0.026142002436424637   0.000016386396258210962
317.25   0.026148766847274314   0.000016395938466916776
317.5   0.026156480120461505   0.000016404676118725427
317.75   0.0261651926779268   0.000016412779916042496
318.   0.02617495587659058   0.00001642042277934993
318.25   0.0261860352490235   0.000016425860894575316
318.5   0.026198186778667917   0.00001643194821935562
318.75   0.0262113781419233   0.000016439645144579377
319.   0.026225576897605   0.00001644992539819182
319.25   0.02624060798974972   0.000016467395029823875
319.5   0.026256637431851443   0.00001648801022176995
319.75   0.02627369040110836   0.000016511315228188806
320.   0.026291792785980445   0.000016536848420908444
320.25   0.026311057811967464   0.00001656501789130219
320.5   0.026331392148286666   0.00001659412856871423
320.75   0.02635278873118223   0.000016623343194374107
321.   0.02637524079982355   0.000016651812322748347
321.25   0.026398481007883254   0.00001667289072216916
321.5   0.026422866914931814   0.000016693764196872155
321.75   0.026448499095626687   0.000016715900868850927
322.   0.02647548017426301   0.00001674079197335084
322.25   0.026504217751742203   0.000016775465219868255
322.5   0.02653439677208778   0.00001681377873983062
322.75   0.026566003000380686   0.00001685505012446237
323.   0.02659902256909645   0.000016898586705600633
323.25   0.026633310265161518   0.000016945799974285567
323.5   0.026669036560159055   0.00001699302893935268
323.75   0.026706242605181774   0.000017038684096238175
324.   0.026744970946453298   0.00001708114885716483
324.25   0.026785303338995196   0.000017110504140753134
324.5   0.026827232741789712   0.00001713660122948312
324.75   0.026870790870780637   0.000017161117100628555
325.   0.026916010843253062   0.00001718575869461794
325.25   0.02696291157430498   0.000017217366414803025
325.5   0.02701155102892774   0.00001725060605443775
325.75   0.027061973385942014   0.000017285194941356424
326.   0.027114224661151452   0.00001732084577142812
326.25   0.02716832773989371   0.000017355933484712115
326.5   0.02722436750022267   0.000017392016522700097
326.75   0.027282406340980687   0.000017429338485839396
327.   0.027342509132621956   0.000017468148598228045
327.25   0.027404778211825156   0.00001750926363097366
327.5   0.027469235289781634   0.000017552163264850248
327.75   0.027535939195449777   0.00001759688494089774
328.   0.027604951516038246   0.000017643467974844084
328.25   0.027676328897922004   0.000017692202129469652
328.5   0.027750149869989953   0.000017742785136967387
328.75   0.02782648852976003   0.0000177951605460967
329.   0.02790542251978082   0.000017849271924997034
329.25   0.02798702542066003   0.00001790627940172507
329.5   0.028071393508459597   0.000017964434871549855
329.75   0.02815861964243675   0.000018023181514461807
330.   0.028248801273025644   0.00001808195042270299
330.25   0.02834204674553223   0.000018132428103266573
330.5   0.028438455248134317   0.000018184767245837434
330.75   0.028538137392997685   0.000018241545902879403
331.   0.02864120964830739   0.00001830541013800124
331.25   0.02874783109528015   0.000018397543443702464
331.5   0.02885808063113413   0.00001849508479984427
331.75   0.028972079808523208   0.000018593282427128274
332.   0.029089957430966103   0.000018687257917887157
332.25   0.029211706234909266   0.000018749295046608584
332.5   0.029337670913022015   0.00001880576430704338
332.75   0.029468064950941047   0.000018860757046673233
333.   0.02960311330043751   0.00001891848463874607
333.25   0.029743241663201306   0.00001899402917094854
333.5   0.029888439165666494   0.000019076958586664054
333.75   0.03003889254407375   0.000019167436133183758
334.   0.030194801501546905   0.000019265636915823657
334.25   0.0303562738459997   0.00001937429128949036
334.5   0.030523685521813393   0.000019490075490467682
334.75   0.030697326240907416   0.00001961214816375076
335.   0.030877505329193193   0.000019739647143602603
335.25   0.031064574642784167   0.000019867751225392132
335.5   0.03125885886872045   0.00002000100703706886
335.75   0.03146072866254792   0.00002014012547525385
336.   0.0316705822465778   0.000020285853491865588
336.25   0.03188885828122473   0.000020442371920877486
336.5   0.032116004377516036   0.00002060581126217446
336.75   0.03235251460490673   0.000020775624239063493
337.   0.032598923278467716   0.000020951254858324677
337.25   0.03285578744878503   0.000021128113403631468
337.5   0.033123765440126365   0.00002131118964698152
337.75   0.033403549499479386   0.00002150159495730817
338.   0.033695893433645846   0.000021700510296095695
338.25   0.03400160123953847   0.000021913211186373028
338.5   0.03432159811973149   0.00002213549554705038
338.75   0.03465687799854407   0.000022367101182757524
339.   0.03500853264434299   0.000022607783339990264
339.25   0.035377856439297986   0.00002285040366063588
339.5   0.035766050196122307   0.00002310429055993545
339.75   0.03617454490434409   0.00002337222259768411
340.   0.03660493200559719   0.00002365718933272557
340.25   0.037058978687762034   0.000023972909718998693
340.5   0.03753868339678913   0.000024308463473947255
340.75   0.03804628163087131   0.000024663152336031743
341.   0.03858429342784921   0.00002503632535297933
341.25   0.03915537527692059   0.000025416220737156884
341.5   0.03976303664495036   0.000025817630043720815
341.75   0.04041106306560935   0.000026244983445181476
342.   0.04110379132926686   0.000026703220791189207
342.25   0.041846438008022964   0.000027215694866428953
342.5   0.04264448247551184   0.00002776435862393835
342.75   0.0435045625027523   0.000028348479417980314
343.   0.044434465366064727   0.000028967590162609634
343.25   0.04544326310393862   0.00002958703862587207
343.5   0.04654205963205479   0.000030253966556801373
343.75   0.047744010848276223   0.00003098477077007669
344.   0.049064993166607306   0.000031798497560653604
344.25   0.050524420235502084   0.000032754527951718935
344.5   0.05214583248130401   0.000033829732200622376
344.75   0.05395843383942412   0.000035038959201524184
345.   0.05599854718305009   0.00003640114425245194
345.25   0.05831149922658653   0.000037919767853858995
345.5   0.06095413085899777   0.00003965266627712635
345.75   0.06399703502186632   0.00004164805086306147
346.   0.06752639451062112   0.000043964804617353744
346.25   0.07164329273012596   0.00004668268953086445
346.5   0.07645735570552716   0.00004986413861384882
346.75   0.08206986735943918   0.00005357548735482503
347.   0.08854471965739746   0.00005785855778176389
347.25   0.09587499341078752   0.00006271895667739903
347.5   0.1039659252596995   0.00006808042490017517
347.75   0.11265022859800433   0.0000738253174019031
348.   0.12172909180020833   0.00007981206478226733
348.25   0.13101395275956032   0.00008583341054794112
348.5   0.1403492561624891   0.00009185819863050638
348.75   0.14962009511305838   0.00009782853683796133
349.   0.15874761947614943   0.00010371590802945453
349.25   0.167680690982046   0.0001096010771889956
349.5   0.17638973549779594   0.00011538625294711284
349.75   0.18485893384011404   0.0001210561113565435
350.   0.19308198969606208   0.00012659916683959726
350.25   0.20105878935917368   0.00013199930169112794
350.5   0.2087933078158097   0.00013725591625046826
350.75   0.2162919235347621   0.00014236253392182788
351.   0.22356244292474958   0.00014731212699599407
351.25   0.23061380223970218   0.0001520622507112683
351.5   0.23745435660570444   0.00015665038799951385
351.75   0.24409281532908564   0.00016108233826044445
352.   0.250537707736347   0.00016536426681332345
352.25   0.2567970209290727   0.00016949983704509682
352.5   0.26287898077435806   0.00017349943369875226
352.75   0.26879119892537107   0.00017737109145115346
353.   0.2745408983331522   0.0001811230759143759
353.25   0.28013507712814634   0.00018477116686771804
353.5   0.28557997040312505   0.00018831405537078174
353.75   0.29088159972169203   0.0001917573330570589
354.   0.2960456357012583   0.00019510652144816678
354.25   0.30107703725003104   0.00019837183410594117
354.5   0.3059813525077309   0.00020155215497610264
354.75   0.31076348354654737   0.00020465074651933662
355.   0.31542807033823195   0.00020767069097130849
355.25   0.3199807171233272   0.00021064065861999933
355.5   0.3244239319287935   0.00021352802985020376
355.75   0.3287611472277122   0.00021632425261536138
356.   0.3329955681804682   0.00021901999401400008
356.25   0.3371280736430115   0.00022144148294885377
356.5   0.3411643672795204   0.00022380325544754724
356.75   0.3451079648255944   0.00022616413650030116
357.   0.3489622547234398   0.0002285859297094976
357.25   0.35273213920843527   0.0002314742711060728
357.5   0.3564185289744284   0.0002344264414950062
357.75   0.36002378770802745   0.00023736722798526719
358.   0.3635501522760064   0.0002402172277757151
358.25   0.3669992050657135   0.00024260919087252617
358.5   0.3703736914077995   0.00024484768339900895
358.75   0.37367573884781485   0.00024696181140196013
359.   0.376907385490823   0.00024898213114063234
359.25   0.3800707484937695   0.0002510317786633474
359.5   0.3831674773947421   0.0002530180126495495
359.75   0.38619930409231157   0.0002549370437499452
360.   0.3891678877251293   0.00025678486768015903
360.25   0.3920748208658771   0.00025845730065186253
360.5   0.39492162616118576   0.0002600883120851427
360.75   0.39770976694232824   0.00026171527098662163
361.   0.4004406484447101   0.00026337687563109477
361.25   0.4031164273246388   0.0002653543132741115
361.5   0.4057372843376049   0.00026735467832559136
361.75   0.40830413068329013   0.00026931955982188667
362.   0.4108178192629343   0.00027118836491957986
362.25   0.41327691551862666   0.0002726286664925594
362.5   0.41568525786141225   0.0002739496284915448
362.75   0.41804447000805145   0.00027519690200396177
363.   0.42035615601379905   0.00027641767874689923
363.25   0.4226230104734497   0.00027783758207201365
363.5   0.4248450636173101   0.00027926129770030413
363.75   0.4270234072172914   0.000280666857296347
364.   0.429159104814689   0.00028203154607761344
364.25   0.4312547146954341   0.000283248389935926
364.5   0.4333091354343817   0.00028440919686635764
364.75   0.4353227224865901   0.000285523761846585
365.   0.43729579068866975   0.0002866021495577293
365.25   0.43922742361970646   0.000287668262301238
365.5   0.4411195148958731   0.0002887138335819824
365.75   0.4429727591393648   0.00028974408658102846
366.   0.4447878283876794   0.00029076434777615954
366.25   0.44656374244906194   0.00029174629724906906
366.5   0.4483033967264677   0.0002927423601194353
366.75   0.4500080741497983   0.0002937720999955607
367.   0.45167905477463743   0.00029485551568973544
367.25   0.45332027022487487   0.0002961380380011114
367.5   0.45492930621359123   0.0002974667237811213
367.75   0.45650634224666725   0.0002988112906152848
368.   0.45805153120501624   0.00030014067239836963
368.25   0.4595641468219592   0.00030130256799430766
368.5   0.4610454778617691   0.0003024319323115093
368.75   0.4624959532208309   0.0003035450260093641
369.   0.4639159858306377   0.0003046584684607263
369.25   0.46530411925670795   0.0003058066238560228
369.5   0.4666633153143654   0.0003069826112106725
369.75   0.4679947040570136   0.0003081969378586809
370.   0.4692994173359964   0.0003094602957859093
370.25   0.4705818962660632   0.0003109891749545163
370.5   0.47183867398035884   0.000312508473871745
370.75   0.47306953107302   0.0003139450242508817
371.   0.47427422365861494   0.00031522416368819176
371.25   0.4754499628478482   0.00031587365733946237
371.5   0.47659996714507746   0.00031636734651583573
371.75   0.4777249561942415   0.00031678862633024557
372.   0.4788256468541693   0.0003172225588629218
372.25   0.47990415527898744   0.00031806293998736613
372.5   0.4809592411664488   0.00031897046231662126
372.75   0.4819910399516597   0.0003199092665912907
373.   0.4829996745899053   0.0003208427862448735
373.25   0.48398400366527816   0.00032162880406657587
373.5   0.48494587016532864   0.0003223755562260473
373.75   0.4858858736662884   0.00032308735858923963
374.   0.48680461127040725   0.00032376860542002997
374.25   0.4877035348626934   0.00032443542654524436
374.5   0.48858204289689505   0.0003250761278342979
374.75   0.48944037551118064   0.0003256905669190208
375.   0.490278765064914   0.0003262785963832157
375.25   0.4910972878393233   0.00032682806081527917
375.5   0.4918963681381455   0.0003273555280581176
375.75   0.4926762767747692   0.00032786573702825146
376.   0.4934372784937344   0.0003283634995565878
376.25   0.4941798667245455   0.00032886349001635707
376.5   0.49490396758894156   0.0003293570177207896
376.75   0.49560973283827037   0.0003298451124481242
377.   0.4962973072959706   0.0003303288118895049
377.25   0.49696633733830703   0.0003308378128064075
377.5   0.4976176397609227   0.0003313332310536175
377.75   0.4982515399615974   0.0003318044482107474
378.   0.49886835994228973   0.000332240682841121
378.25   0.49946822514099076   0.00033257030721085346
378.5   0.5000517204881048   0.0003328668263638092
378.75   0.500619237080195   0.000333143704497274
379.   0.5011711640859304   0.0003334146000005205
379.25   0.5017078888122957   0.00033369336258959266
379.5   0.502229796768351   0.0003339940305042453
379.75   0.5027372717266221   0.0003343308277650649
380.   0.5032306957822438   0.0003347181614889102
