310.   0.0265870166461888   0.000015995431269712798
310.25   0.02657312079992802   0.00001598690874434124
310.5   0.026559822290808995   0.000015976997051047194
310.75   0.026547134863770572   0.000015966034955153016
311.   0.026535072512839746   0.000015954364495094196
311.25   0.026523649488696247   0.00001594233107897519
311.5   0.026512880306517196   0.00001593028358439206
311.75   0.02650277975411423   0.000015918574461660765
312.   0.026493362900376263   0.000015907559840596765
312.25   0.026484620902653015   0.000015899687737373637
312.5   0.026476603198453044   0.000015892407449110763
312.75   0.026469335560897013   0.00001588524066756164
313.   0.02646284418770987   0.00001587770404851632
313.25   0.02645727130900779   0.00001586493171014733
313.5   0.02645248268693394   0.000015852538878707976
313.75   0.026448459010550946   0.00001584180085869113
314.   0.026445180922157044   0.000015834007277175222
314.25   0.02644252508610875   0.000015836419488524052
314.5   0.02644061707776001   0.000015842044514286143
314.75   0.026439479552299732   0.00001584980132492618
315.   0.02643913560893513   0.000015858596785238933
315.25   0.02643962032855226   0.0000158629171462415
315.5   0.0264409416669685   0.000015867794373217737
315.75   0.026443119471464667   0.00001587388573067356
316.   0.026446174040245737   0.00001588185655893424
316.25   0.026450197121605516   0.000015896395412826087
316.5   0.02645511093704849   0.00001591258356550417
316.75   0.026460908408640422   0.000015929481766627303
317.   0.026467582610676655   0.000015946139255953434
317.25   0.026475048406063104   0.00001595834427010587
317.5   0.02648340850865861   0.00001596965390805427
317.75   0.026492688335664368   0.00001598040079039309
318.   0.026502913906099042   0.000015990921866452347
318.25   0.02651413333147549   0.000016005234603072764
318.5   0.026526343962651452   0.000016018558305643258
318.75   0.02653956503388838   0.00001602974905802831
319.   0.026553816357175263   0.000016037647256072357
319.25   0.026569120361722463   0.00001603295244122198
319.5   0.02658549527207341   0.000016025800947306356
319.75   0.02660296195359633   0.000016018288704190557
320.   0.026621541935338163   0.000016012541302693426
320.25   0.026641279937379976   0.000016018128287324494
320.5   0.026662167529971956   0.000016026902747196124
320.75   0.026684219238661856   0.00001603806715376705
321.   0.026707450231266684   0.000016050812729849163
321.25   0.026731852129879444   0.000016060949902530903
321.5   0.02675747522588986   0.000016072342269623886
321.75   0.026784346656350124   0.000016085517799438688
322.   0.026812494477279996   0.00001610101310515392
322.25   0.02684193628498525   0.000016126222093888878
322.5   0.026872718010794286   0.000016152155963854418
322.75   0.02690487537766255   0.00001617658583182271
323.   0.026938445280561392   0.000016197246599234208
323.25   0.02697349067731829   0.000016201584345266855
323.5   0.027010016364526494   0.000016201539721580785
323.75   0.027048052944286576   0.00001619891544900143
324.   0.027087632246325502   0.000016195544597172276
324.25   0.027128814489731562   0.00001619706411813341
324.5   0.02717159638846854   0.00001620011719789317
324.75   0.027216002747067015   0.00001620509411469411
325.   0.027262059653497588   0.000016212392795879275
325.25   0.02730969845922002   0.00001622091871900533
325.5   0.027359081826431854   0.000016233175610433264
325.75   0.02741027942218339   0.00001625020042468793
326.   0.02746336324624149   0.000016273051114208608
326.25   0.02751848641124596   0.000016311410386749984
326.5   0.027575616439594205   0.00001635440475002578
326.75   0.02763480085002236   0.000016399636837470812
327.   0.02769608936138648   0.00001644466261629471
327.25   0.02775952880190335   0.000016477192698058876
327.5   0.02782518091883656   0.000016508316767472175
327.75   0.027893104934578538   0.0000165394556882175
328.   0.027963362857753717   0.000016572060736424685
328.25   0.02803601095261315   0.000016612728026578892
328.5   0.02811112938983006   0.00001665586120815213
328.75   0.0281887931252848   0.000016700911882247205
329.   0.02826908070329842   0.00001674732067091841
329.25   0.02835207396628078   0.000016792776357275974
329.5   0.02843786001585121   0.000016839116085021227
329.75   0.028526529750582702   0.000016886460160787994
330.   0.028618178642255725   0.000016934932914979583
330.25   0.02871287157793533   0.000016986995640805153
330.5   0.028810763363380593   0.000017039538880809747
330.75   0.028911979666803353   0.000017091738984090005
331.   0.02901665243748509   0.00001714275239281108
331.25   0.02912495833512061   0.000017182648786651507
331.5   0.029236990378951198   0.000017223137023095457
331.75   0.02935288635941045   0.000017267051291695323
332.   0.02947279183901177   0.0000173173051936624
332.25   0.02959687393566995   0.00001738819857864132
332.5   0.029725277141949977   0.000017467125285271666
332.75   0.02985816845573125   0.00001755258975292586
333.   0.029995725065310074   0.000017643057991359602
333.25   0.030138077588060492   0.000017733899843318505
333.5   0.03028550591153507   0.000017827736879773773
333.75   0.030438246744813872   0.000017924172456978673
334.   0.030596551420463254   0.00001802280151187098
334.25   0.030760796278676707   0.00001811957771701503
334.5   0.03093111425360702   0.000018219114718591885
334.75   0.031107762867587985   0.000018322491103744387
335.   0.031291018312380396   0.00001843082801828647
335.25   0.03148112312016404   0.000018550472231482312
335.5   0.031678470907437604   0.000018675463830837725
335.75   0.031883427328694106   0.000018804910016007047
336.   0.03209638555461866   0.000018937893229992354
336.25   0.03231763296935723   0.00001906619112864512
336.5   0.03254781436356728   0.000019198905435976457
336.75   0.03278747990267495   0.000019338084823294632
337.   0.03303722254593808   0.000019485874058650802
337.25   0.03329781586095802   0.000019654819381321635
337.5   0.03356976824144913   0.000019833051019730376
337.75   0.03385377443180965   0.000020018723157466953
338.   0.0341505913574052   0.00002020992580557496
338.25   0.03446110747650617   0.00002039160084908603
338.5   0.034786141272576634   0.000020579747288115103
338.75   0.03512665801173675   0.0000207777665799603
339.   0.035483720020989644   0.000020989260959335147
339.25   0.03585837423265564   0.00002123262074650986
339.5   0.036252089535876025   0.000021491853085334214
339.75   0.03666635738867297   0.000021765104391481993
340.   0.03710283419450671   0.000022050466745543644
340.25   0.037563480767382244   0.00002233508218987816
340.5   0.038050201532910374   0.000022631894864013105
340.75   0.03856526134637571   0.000022943491271636395
341.   0.039111213570531954   0.000023272707113927382
341.25   0.039690798239287534   0.000023626151313774323
341.5   0.040307505731718526   0.00002400250816162559
341.75   0.04096515156869095   0.000024404116458724878
342.   0.04166810852245036   0.00002483365523120726
342.25   0.04242149490812661   0.000025296342164821467
342.5   0.043231035036795686   0.000025792837062312324
342.75   0.04410349153661553   0.000026326357861766518
343.   0.04504679565245342   0.00002690074418151286
343.25   0.04607035574936088   0.000027518418501782098
343.5   0.04718524248595091   0.000028187888870221994
343.75   0.048404767390649646   0.000028916864585509044
344.   0.04974499762992872   0.00002971465710601037
344.25   0.05122547320286377   0.00003058725116602519
344.5   0.052870172441444936   0.0000315557422743967
344.75   0.05470871350408293   0.00003263979766082213
345.   0.05677793399500329   0.000033863692326498774
345.25   0.05912362897470098   0.0000352777689843817
345.5   0.06180367359789755   0.00003689290095045277
345.75   0.0648897444736005   0.00003874594310866595
346.   0.0684693495448329   0.00004088184611907433
346.25   0.07264571031691362   0.000043316669935059084
346.5   0.07752944770011366   0.00004615131674670644
346.75   0.08322322080261285   0.000049450412756572955
347.   0.08979174633062728   0.000053257517233613485
347.25   0.09722752261032991   0.000057611385759500665
347.5   0.10543471454139167   0.00006242200805994265
347.75   0.11424359289156472   0.00006758515433582267
348.   0.12345241823827238   0.00007297670580872341
348.25   0.13286902158691488   0.00007847089779488634
348.5   0.1423364790559801   0.00008397543727881215
348.75   0.1517384923544912   0.00008941613722201401
349.   0.16099540946081436   0.00009473976566441983
349.25   0.17005683782930944   0.00009984312907228663
349.5   0.178891836531335   0.00010478770212967883
349.75   0.18748434764414082   0.00010958975640867021
350.   0.19582794888761787   0.00011427600785022447
350.25   0.20392270872650264   0.0001190110592346276
350.5   0.21177225950007064   0.00012366326262860822
350.75   0.21938285812657002   0.00012821661186099173
351.   0.22676217811414595   0.00013265175323301572
351.25   0.2339180545180483   0.00013688826287783606
351.5   0.24085994674700684   0.00014097734801532777
351.75   0.24759680464742168   0.00014491591723761474
352.   0.25413741616702995   0.0001487002090029828
352.25   0.26049049791906154   0.0001522444676726095
352.5   0.2666639447173211   0.00015565387203422132
352.75   0.2726654610860796   0.00015895938022036699
353.   0.27850235596499695   0.00016219443586427783
353.25   0.2841816834244011   0.00016551895604087678
353.5   0.28970978283903304   0.00016880160386525673
353.75   0.29509275232122045   0.00017202734399434128
354.   0.3003363337494486   0.0001751790768911123
354.25   0.3054458814435816   0.0001781664260692758
354.5   0.31042655424866417   0.00018106611060919348
354.75   0.31528316705113923   0.0001838866431778304
355.   0.3200202590793693   0.00018663685221232516
355.25   0.32464192698632277   0.00018935597440203298
355.5   0.3291524674041726   0.00019201209861551384
355.75   0.3335557792018009   0.0001946019037429438
356.   0.33785555757787555   0.00019712159975787864
356.25   0.34205530459882916   0.0001995230572338939
356.5   0.34615835389704197   0.00020186203089226363
356.75   0.3501678711753029   0.0002041522982031286
357.   0.35408686868928024   0.00020640822002915204
357.25   0.35791837260954096   0.00020870735798676377
357.5   0.3616649016972575   0.00021097881307868526
357.75   0.3653289994377024   0.0002132118894095323
358.   0.36891308934440276   0.0002153951606634081
358.25   0.3724196345468977   0.00021747950891031804
358.5   0.375850630816093   0.00021950320476992038
358.75   0.37920812051307234   0.00022146845580664484
359.   0.3824940503155305   0.00022337750261749566
359.25   0.3857098492199262   0.00022523133118586654
359.5   0.3888578803337772   0.00022703403031758187
359.75   0.391940015791149   0.00022878848489349057
360.   0.3949580593003108   0.000230497635233346
360.25   0.39791436478363607   0.00023219040428448597
360.5   0.4008097599506605   0.00023383395240279768
360.75   0.4036456079455799   0.0002354204967771783
361.   0.4064232084883217   0.0002369419144505177
361.25   0.4091433710567624   0.00023832541455458107
361.5   0.4118078738139631   0.00023965135915991853
361.75   0.41441802466079486   0.00024093757608188078
362.   0.4169750858174929   0.0002422024919707771
362.25   0.41948003042265275   0.00024346269093553883
362.5   0.42193437684700585   0.00024474111902802185
362.75   0.42433936607364936   0.0002460589263888378
363.   0.42669620504289707   0.0002474378389199832
363.25   0.4290069994355242   0.000249089794763286
363.5   0.43127160133702386   0.0002507745043895149
363.75   0.4334907382947745   0.0002524364889796078
364.   0.4356650987623887   0.00025401849375615413
364.25   0.4377937453135534   0.00025521893451513664
364.5   0.4398794980014484   0.00025631391427524827
364.75   0.4419235960033918   0.0002573417113970905
365.   0.4439272633143271   0.00025834174120025063
365.25   0.44589336344855   0.0002594602566814862
365.5   0.4478207954522073   0.00026059201979728835
365.75   0.44971005840897427   0.0002617359565832343
366.   0.4515616217786214   0.00026289090707045146
366.25   0.4533748304604036   0.0002640914388975641
366.5   0.4551516208402671   0.0002652864612413062
366.75   0.4568928323126595   0.0002664597783064553
367.   0.4585992895917946   0.0002675947566940146
367.25   0.46027214325724963   0.00026863442365452164
367.5   0.46191171800671266   0.0002696167834271356
367.75   0.463518658096465   0.00027054039790545164
368.   0.4650935922494982   0.00027140380499646004
368.25   0.4666384218737639   0.0002721793912861039
368.5   0.46815195554564065   0.00027290198607388756
368.75   0.4696342487720537   0.00027358081291608036
369.   0.4710853321259658   0.00027422530817294805
369.25   0.4725023575907447   0.0002748450965024788
369.5   0.4738892790487675   0.0002754500565304312
369.75   0.47524722949489684   0.00027605024794833744
370.   0.47657734394898965   0.00027665592814175925
370.25   0.4778823243667134   0.0002773445501719598
370.5   0.4791611325750589   0.00027803351137003547
370.75   0.4804142682289418   0.0002787061406172995
371.   0.4816422208408999   0.0002793454079163464
371.25   0.48284693095946113   0.00027984123201225833
371.5   0.4840268351802263   0.00028030492938851503
371.75   0.48518179566852687   0.0002807564334848756
372.   0.4863116544217986   0.00028121605961460214
372.25   0.48741454994938255   0.00028177372464750436
372.5   0.4884926299345769   0.0002823540936600778
372.75   0.4895463681505593   0.00028295024171241757
373.   0.49057623241557496   0.0002835550903920151
373.25   0.4915821063356733   0.0002841552805999323
373.5   0.49256525209595525   0.0002847519727482642
373.75   0.49352635745895046   0.0002853401514596833
374.   0.49446610906911026   0.00028591470145068905
374.25   0.49538660096875403   0.000286450941912459
374.5   0.49628655581138104   0.00028697068287511686
374.75   0.4971660819335011   0.00028747647496765705
375.   0.4980252774523072   0.00028797090667674304
375.25   0.4988634710905596   0.0002884619262477187
375.5   0.49968179939725493   0.00028894477986432217
375.75   0.5004806412955538   0.0002894199930544319
376.   0.501260371300918   0.00028988809261106245
376.25   0.5020216060456374   0.00029037081641038274
376.5   0.5027643682286841   0.00029083913448978165
376.75   0.5034889193926247   0.000291284924901958
377.   0.504195515641516   0.0002916999355867121
377.25   0.5048843251228617   0.0002920308207158359
377.5   0.5055557086817534   0.00029233175245413703
377.75   0.5062099406001882   0.00029261243019749393
378.   0.5068472907325847   0.00029288269884430096
378.25   0.5074683525493384   0.0002931901401142305
378.5   0.5080729301945791   0.000293492472408418
378.75   0.5086611473142478   0.00029378465074878386
379.   0.5092331216733547   0.00029406155189321865
379.25   0.509788965281373   0.00029431797552131325
379.5   0.5103287845138771   0.0002945486453935398
379.75   0.5108526802305462   0.00029474821048472785
380.   0.5113607478896948   0.00029491124609267095
