310.	26.653380686804578	0.013115924031289623
310.25	26.560968622516977	0.013062598361273945
310.5	26.46892051182867	0.01301430329401538
310.75	26.377311493021352	0.012962041423436507
311.	26.28609810274172	0.012905721789799148
311.25	26.19525745271526	0.012856913736986914
311.5	26.10482035544922	0.01279832996856125
311.75	26.014681302430596	0.01275020369129108
312.	25.924987809713542	0.012696443515023456
312.25	25.835640211643526	0.012649188026275713
312.5	25.746655146806727	0.012601462773133685
312.75	25.65802811092198	0.012551349276798606
313.	25.569790978112753	0.012502930935142993
313.25	25.481921444286375	0.012445021577073192
313.5	25.39439058422522	0.012394514347867818
313.75	25.307226761491467	0.01234626978626767
314.	25.22042227879502	0.012297341545753075
314.25	25.133938447022583	0.012249730687765109
314.5	25.047839451795014	0.01220163901868912
314.75	24.962087273316726	0.012153754509563085
315.	24.876710500319998	0.012105196954038007
315.25	24.79159996209239	0.012054508186331735
315.5	24.706925617064282	0.012005190362046572
315.75	24.62256710595535	0.01195770454831621
316.	24.53856701768772	0.011913874021526173
316.25	24.454918995548987	0.011864845483527002
316.5	24.371586542550084	0.011818650887057369
316.75	24.28859466944549	0.011772492941140895
317.	24.20593699549667	0.011727109044397038
317.25	24.123604768576445	0.011680375020013987
317.5	24.041613203259107	0.011633118480262881
317.75	23.959957677016746	0.011587238197998694
318.	23.878632805671465	0.01154092061231858
318.25	23.7976462048761	0.011495129319916761
318.5	23.71698185819161	0.011450407148998415
318.75	23.63664100733288	0.011405327257821367
319.	23.55663199423941	0.011362490624988232
319.25	23.476936091912332	0.011318527236692523
319.5	23.397657161788338	0.011274364389990727
319.75	23.31859667659384	0.01123262749210756
320.	23.239865121594338	0.011190577640399811
320.25	23.161473331424236	0.011149117075718069
320.5	23.08338581757797	0.011108018017602656
320.75	23.005610101113337	0.011067815859721703
321.	22.928141192155433	0.01102680123553074
321.25	22.850978974849948	0.010985800121766054
321.5	22.774143131744854	0.010945643364997574
321.75	22.697594985242052	0.010905016433632878
322.	22.621356333982686	0.010865239219338787
322.25	22.545439274844686	0.0108257944003152
322.5	22.469813279878473	0.010785560362897767
322.75	22.394597983320782	0.01075826798852875
323.	22.319601346450458	0.010717888386419239
323.25	22.24486270059197	0.010680519217623575
323.5	22.170450953176967	0.010641805046902613
323.75	22.096337438534427	0.010603264164953038
324.	22.022502476760074	0.010562985280732715
324.25	21.94913896207127	0.01051037054848692
324.5	21.875876843717975	0.01047190718075279
324.75	21.802929173826616	0.010433833652900269
325.	21.73026817795021	0.010394471821962818
325.25	21.657915398642892	0.010355263389407756
325.5	21.585806961518625	0.010313638093162233
325.75	21.513931348958927	0.010269388445744996
326.	21.44242402941005	0.010232501944287917
326.25	21.37117655998668	0.010190595200189731
326.5	21.300228531286557	0.010153455687598961
326.75	21.229553940589113	0.01011478999338637
327.	21.159143354471432	0.010076690543529337
327.25	21.088746684024624	0.010024019829870343
327.5	21.018851271916727	0.009978414318283878
327.75	20.949278386027622	0.009940669742400682
328.	20.879986492216972	0.00989819679750978
328.25	20.810965171743725	0.009861402759324256
328.5	20.742307481857043	0.009835392196904477
328.75	20.67383338398573	0.009798564558101389
329.	20.605567318514357	0.009758898030170831
329.25	20.537625767339932	0.009722765217314284
329.5	20.469707015011057	0.009706546217004498
329.75	20.402323903873643	0.00966906272257243
330.	20.335196727579998	0.009633030389927995
330.25	20.268330978763533	0.009596752838521594
330.5	20.201719042557887	0.009559500945950693
330.75	20.135376659719697	0.009523533575514345
331.	20.069290687946815	0.00948806467685049
331.25	20.003462275050524	0.00945253563220438
331.5	19.93800045746989	0.009415757596526615
331.75	19.87268174555242	0.009380405952579688
332.	19.807642908424576	0.009344744300446612
332.25	19.742830726708455	0.009310379647421171
332.5	19.678272120898004	0.009275556191339764
332.75	19.61395607149119	0.009242597129646035
333.	19.549904436727054	0.009208344219604571
333.25	19.48610506246406	0.009173650379527753
333.5	19.422548093800113	0.009137555929990179
333.75	19.35925425862262	0.00910339581854208
334.	19.296184336276713	0.00907158128749427
334.25	19.233364155106383	0.009038458406179846
334.5	19.170788136746733	0.009005575654892824
334.75	19.108454823877103	0.008972708728629333
335.	19.04636256260493	0.008940126093205582
335.25	18.984514251490776	0.008907504845170989
335.5	18.92291821312315	0.008872393578914402
335.75	18.86154478036985	0.00884025886418231
336.	18.80040956373184	0.008808172896228659
336.25	18.73950209779018	0.008776279128627641
336.5	18.678841406830713	0.008744849911508114
336.75	18.618421253328673	0.008713477399145029
337.	18.558216555067357	0.008683568023637608
337.25	18.498237549784697	0.008652797849543575
337.5	18.438512986835494	0.008621360543598671
337.75	18.37897372224067	0.008589095310585451
338.	18.319669851879816	0.008558188805436398
338.25	18.260622323914657	0.008527161528838586
338.5	18.20180672802126	0.008497007243547345
338.75	18.14321101479385	0.008466549798345923
339.	18.084837184969643	0.008436092574880427
339.25	18.026696578452068	0.008404972559206978
339.5	17.968771743509127	0.00837588654279987
339.75	17.911032089287573	0.008353790967587793
340.	17.853563040515777	0.008327088780147299
340.25	17.796309259291753	0.008300636261300506
340.5	17.739269773337544	0.008271562686731888
340.75	17.68244613852618	0.008237626687258694
341.	17.625866265799964	0.008212820854660212
341.25	17.56946709810318	0.008182714693731335
341.5	17.513312608628244	0.008153033883695213
341.75	17.457371995059866	0.008127473367947256
342.	17.40161511054494	0.008099149287585598
342.25	17.346074951573243	0.00807037352562823
342.5	17.29078652192686	0.008031365064384953
342.75	17.235667249549575	0.008002289690480929
343.	17.180766588428924	0.007972720214465741
343.25	17.126091574406544	0.007940913168955843
343.5	17.07159910133835	0.007911282206017622
343.75	17.01731259104152	0.007883757449857715
344.	16.963247190850222	0.007854699511218682
344.25	16.909365232039345	0.007819953773698936
344.5	16.855689977305413	0.007791515896857171
344.75	16.80222656850072	0.007762914667564489
345.	16.748966488051842	0.007734192260421125
345.25	16.695895629535286	0.007706396925258327
345.5	16.64301463860247	0.0076793262078427
345.75	16.590360698505105	0.007650722129762016
346.	16.537931220735178	0.0076221572961670215
346.25	16.485691281894614	0.007613872870759796
346.5	16.433621121488656	0.007585771846014392
346.75	16.381723489574696	0.0075576550508588
347.	16.330086712588916	0.007519360296340509
347.25	16.27860264706937	0.007491414421112633
347.5	16.227346788149966	0.007464086056132378
347.75	16.176251257499644	0.00743663333533915
348.	16.12535871113095	0.0074081793044978115
348.25	16.0746278084507	0.007381077860335795
348.5	16.024100599555183	0.007354346548411145
348.75	15.97375465625513	0.007327427743448447
349.	15.923608950021807	0.007301090720871819
349.25	15.873652148489706	0.007274872199068639
349.5	15.823879688239835	0.007248643610745728
349.75	15.77428925353545	0.00722409026228106
350.	15.724876672968517	0.0071947353069890954
350.25	15.67565771961087	0.007169302459240555
350.5	15.626612639991546	0.007142086611163444
350.75	15.577768071672526	0.00711746773328373
351.	15.529090407309456	0.007091312468258553
351.25	15.480598670464937	0.0070665170862586725
351.5	15.432290429932973	0.007041404001601575
351.75	15.38416745144272	0.007016863013864839
352.	15.336232861926186	0.0069916348854525785
352.25	15.288461164278376	0.0069671758061047185
352.5	15.240849935506942	0.006941821690146189
352.75	15.193301149467757	0.006938565893761091
353.	15.146069732400473	0.006901553550726599
353.25	15.098975219400858	0.006886722937975275
353.5	15.052083815974942	0.006861983584266234
353.75	15.00534580161049	0.006837663694128534
354.	14.95874818795212	0.0068239701506947765
354.25	14.912369100326636	0.006803100105811194
354.5	14.866151403252308	0.006778045662822589
354.75	14.82011321439362	0.006751314254284122
355.	14.774484007009962	0.006715798695163634
355.25	14.728775644132039	0.006692607865057177
355.5	14.683241852503679	0.0066693588707430074
355.75	14.637878795917352	0.006646179647808761
356.	14.59269015815461	0.0066250182098504164
356.25	14.547646993126675	0.006602728526478154
356.5	14.502788282863008	0.006580119701441485
356.75	14.458075862094537	0.006557477768406195
357.	14.413509903653777	0.006534826512351243
357.25	14.369126312351726	0.006512657328061773
357.5	14.32469932309306	0.00649080361104957
357.75	14.280652206645932	0.006468690084832158
358.	14.236753323820468	0.006446403104336362
358.25	14.193016239345178	0.006424054108898004
358.5	14.149429017584586	0.006401903276062782
358.75	14.106009927236354	0.006380289715073403
359.	14.062745494097632	0.0063586809040405735
359.25	14.019639449654507	0.006341556906554065
359.5	13.976692078156063	0.006318306105931223
359.75	13.933899647779713	0.006295666004194992
360.	13.89126052900799	0.006273942868054591
360.25	13.848782511173903	0.0062527038235610545
360.5	13.806422555982872	0.006233898734804513
360.75	13.7642445590093	0.006211445122797463
361.	13.722219117633012	0.006190224371275139
361.25	13.680351360738852	0.006169419250157779
361.5	13.638638550474932	0.006148679599383796
361.75	13.597075958208386	0.0061278824224359875
362.	13.555662483893336	0.006109235500189284
362.25	13.514400518484504	0.00608863827760149
362.5	13.473287320996937	0.006064824586342006
362.75	13.432304119480682	0.006045119109172802
363.	13.391480580630226	0.00602425342075143
363.25	13.350805927331786	0.006004149271475825
363.5	13.310288897949995	0.005985415354380174
363.75	13.269775159070813	0.005981546797468641
364.	13.229540647620098	0.005959900445640741
364.25	13.18945773608953	0.005935387815007085
364.5	13.149510563675136	0.005918244824643812
364.75	13.109709389197732	0.005898013672476961
365.	13.070051067678806	0.005877033429881925
365.25	13.030501478582467	0.00585887366983578
365.5	12.991131351351953	0.005838230032044843
365.75	12.951896591931591	0.005818039528260068
366.	12.912820564240661	0.005793956026746609
366.25	12.873846388475982	0.005776904221689248
366.5	12.835040610185585	0.005757254432555034
366.75	12.79634531418199	0.0057378777105714625
367.	12.757816911277263	0.005718750969998306
367.25	12.719416592092506	0.005699324212601192
367.5	12.68115770050442	0.005680834702856974
367.75	12.643035132594216	0.005662355831710887
368.	12.605057638083839	0.005641733326957662
368.25	12.567202542568147	0.005622857343548277
368.5	12.529482639486025	0.005603923262951951
368.75	12.491914447798226	0.005581429694550265
369.	12.454459855005851	0.005562586341547859
369.25	12.41714385964376	0.005543503454502188
369.5	12.37995199922284	0.005536403390111106
369.75	12.34297502216939	0.00549891152304271
370.	12.306054407443876	0.0054796962027118075
370.25	12.269267526681869	0.005460604438863349
370.5	12.232610138783413	0.005441569793223287
370.75	12.1960816362364	0.005422759735259997
371.	12.159685005281215	0.005403961305513253
371.25	12.123421327557521	0.005385310365976551
371.5	12.087283732877223	0.005366737285096864
371.75	12.051268354363502	0.0053467555067976315
372.	12.015384079179874	0.005328291191111057
372.25	11.979628127636698	0.0053097571759930205
372.5	11.944003247556791	0.005291674726019335
372.75	11.908497917440469	0.005273603494994983
373.	11.873116689373406	0.005256475915960593
373.25	11.837869273811803	0.005239645774525974
373.5	11.802717274504175	0.005222555603287803
373.75	11.767707235461447	0.005204480258871022
374.	11.732872729746104	0.005186136738642842
374.25	11.698116022021114	0.005169606469692212
374.5	11.663471732938849	0.005151787016504725
374.75	11.628956772504424	0.005134404473438481
375.	11.59456766544236	0.005118074662024972
375.25	11.56030170723546	0.005099747614245402
375.5	11.52614800136564	0.005084001050849374
375.75	11.492119370197281	0.005066365041139227
376.	11.458313794108033	0.005058872086171442
376.25	11.42451895351498	0.005042312160716665
376.5	11.390855992890813	0.0050236209696920804
376.75	11.357286619709988	0.005005478647110656
377.	11.323843416848849	0.004988938278493977
377.25	11.290513294881023	0.004972903186555231
377.5	11.257295560038168	0.00495679968669842
377.75	11.224193650015948	0.004941529743009824
378.	11.191215510651793	0.004925867129771549
378.25	11.158352767966665	0.00491021569672714
378.5	11.12560491941549	0.004894759145903804
378.75	11.092971330713333	0.00487937168199596
379.	11.060450494217346	0.004863814362231729
379.25	11.028042088724431	0.004848478081642294
379.5	10.995752420552469	0.004834558414752998
379.75	10.963558038502429	0.004819119760998506
380.	10.931465371049544	0.004801844508109596