310.	0.12478763440175245	0.00010279799278607901
310.25	0.12434495222652055	0.00010246430245394477
310.5	0.12390376681558216	0.00010210287092565281
310.75	0.12346493642152301	0.00010174922103406492
311.	0.12302773451570784	0.00010140057464009993
311.25	0.12259228054251524	0.00010104494440307202
311.5	0.12215869628011213	0.00010070338628976314
311.75	0.12172778733072341	0.00010038246038583964
312.	0.12129789100103402	0.00010003641711354051
312.25	0.12086980632229255	0.00009969488369901744
312.5	0.12044353485127372	0.0000993568323758654
312.75	0.1200192391071468	0.00009905048253632719
313.	0.1195965105807814	0.0000987136318560953
313.25	0.11917555184164881	0.00009837843529860199
313.5	0.11875636065351378	0.00009804562753113048
313.75	0.1183400921627422	0.00009761363530532089
314.	0.11792442142427736	0.00009728612088473498
314.25	0.11751047623599295	0.00009695726111653847
314.5	0.11709823612618402	0.00009662920660069234
314.75	0.11668763497555233	0.00009630172370244661
315.	0.11627880711942779	0.00009597593702683877
315.25	0.11587150424125035	0.00009564212879967889
315.5	0.11546610252839652	0.00009531739999642477
315.75	0.11506237892595264	0.00009499643522811372
316.	0.11466003474348226	0.00009466044338451798
316.25	0.11425946619973686	0.00009433565373732893
316.5	0.1138607628129947	0.00009401878170423148
316.75	0.11346371856582166	0.00009370309467508695
317.	0.11306820323665567	0.00009331019589500004
317.25	0.11267435100381082	0.00009299648919346438
317.5	0.11228219909139263	0.0000926833578370308
317.75	0.11189167834861795	0.00009237207876841677
318.	0.11150275180742934	0.00009206166399625057
318.25	0.11111553925870965	0.00009174196247317013
318.5	0.11072998533957996	0.0000913396473589095
318.75	0.1103458566756597	0.00009103225417140486
319.	0.10996293443780866	0.0000907538282861394
319.25	0.1095823169685311	0.00009046294076699118
319.5	0.10920279043503082	0.00009016014913653085
319.75	0.10882445773556898	0.00008986802895622038
320.	0.10844816055901363	0.00008956758538529456
320.25	0.10807340641362184	0.00008927245712884318
320.5	0.10770020131503322	0.00008897479221237317
320.75	0.10732845992021899	0.00008867701306790984
321.	0.10695830960109494	0.0000883818394790678
321.25	0.1065896770183187	0.00008808917272327946
321.5	0.10622282640587381	0.00008778965396109472
321.75	0.10585717100570104	0.0000874986230800617
322.	0.10549306761221909	0.00008721062078243753
322.25	0.10513033230175971	0.00008691804689416658
322.5	0.10476915508631424	0.0000866313275875438
322.75	0.10440980404183348	0.00008633524357183957
323.	0.10405151066374523	0.00008605691243101432
323.25	0.10369473378713338	0.00008576808498904013
323.5	0.10333951046444514	0.00008547833996288519
323.75	0.1029856423342726	0.00008519453444067826
324.	0.10263373362184804	0.00008488387733890021
324.25	0.102282655365003	0.00008460114298294159
324.5	0.10193307307571364	0.00008432067185626244
324.75	0.10158489097912586	0.00008404065004474984
325.	0.1012381672101389	0.0000837525121192443
325.25	0.1008928172537432	0.00008347522720243442
325.5	0.1005488603032076	0.00008319714715743116
325.75	0.10020678449459286	0.00008291209425794559
326.	0.0998656090656109	0.0000826379530820979
326.25	0.09952575852299662	0.00008236112655831668
326.5	0.09918736395600307	0.00008208998049370488
326.75	0.09885031155696546	0.00008181907062673407
327.	0.09851461769425361	0.00008154700393709807
327.25	0.09818016066245167	0.00008127689100657526
327.5	0.09784712007728495	0.00008101094961763747
327.75	0.09751543175259463	0.00008074072706900387
328.	0.09718507008957211	0.00008047480281913294
328.25	0.09685563042724522	0.00008021335460831556
328.5	0.09652807488909818	0.00007992821963204395
328.75	0.09620174607557537	0.00007967313021034075
329.	0.0958767005162554	0.00007941208236749739
329.25	0.09555291727525593	0.0000791441943350452
329.5	0.09523051625581752	0.00007889293485802819
329.75	0.09490934767329315	0.00007863371290421975
330.	0.09458948260777263	0.00007837742421718463
330.25	0.09427094000373377	0.00007812244125020208
330.5	0.09395363705712297	0.00007786841120734923
330.75	0.09363757898557801	0.0000776148166935227
331.	0.0933227408412785	0.00007736270917540577
331.25	0.09300942752852931	0.00007711065526480483
331.5	0.0926971473477709	0.0000768602268331271
331.75	0.09238610494050668	0.00007661107743473145
332.	0.09207710611458529	0.00007636203588751588
332.25	0.09176858783191111	0.00007610516385239207
332.5	0.09146124542586795	0.00007586006567241809
332.75	0.09115520606783607	0.000075611298358682
333.	0.09085029886211289	0.00007536651401557324
333.25	0.09054660302487133	0.00007512278014309073
333.5	0.09024414736665348	0.00007488019612601082
333.75	0.08994285511064604	0.00007463843662485677
334.	0.0896427435088437	0.0000743973398977022
334.25	0.08934383083128361	0.00007415765907343461
334.5	0.08904606270225282	0.00007392205120272538
334.75	0.08874942937168108	0.00007368087713738769
335.	0.08845405730728216	0.00007344417281472626
335.25	0.08815983494959735	0.00007320498497498482
335.5	0.08786712201683324	0.00007295488351742786
335.75	0.0875752679429419	0.00007273122297124946
336.	0.08728450870861697	0.00007249701486547207
336.25	0.08699485262742783	0.00007226490705296629
336.5	0.08670640158386785	0.00007203392789715639
336.75	0.08641908205906511	0.00007180352028652121
337.	0.08613288276482364	0.00007157337458738622
337.25	0.08584767177027264	0.00007134318110264762
337.5	0.08556356337626835	0.00007108943988171797
337.75	0.08528074085115454	0.00007086209464836614
338.	0.08499900901887482	0.0000706377675126233
338.25	0.08471826280847453	0.00007037810824445358
338.5	0.08443881618779893	0.0000701552501975911
338.75	0.08416034141649978	0.00006993026815095458
339.	0.08388155305643943	0.00006975732797384043
339.25	0.0836053454012848	0.00006954005956156555
339.5	0.08333001728467011	0.00006931875619688727
339.75	0.08305588455888759	0.00006910610419732835
340.	0.08278284491870432	0.00006888495088343605
340.25	0.08251087800796264	0.00006866543201401021
340.5	0.08223995026278284	0.00006844763298707683
340.75	0.08197014810460855	0.00006822899461803593
341.	0.08170141374347833	0.0000679988775421141
341.25	0.08143359701987324	0.00006779314643849773
341.5	0.08116699029597124	0.00006756520550441398
341.75	0.08090132325961516	0.00006735081390745555
342.	0.08063662419436797	0.00006714799281224992
342.25	0.0803730076527868	0.00006693276777430593
342.5	0.08011043473915484	0.00006671912464798427
342.75	0.07984884871760453	0.00006649898112701892
343.	0.07958829398402341	0.00006628854213923101
343.25	0.07932866848889208	0.00006607586242397211
343.5	0.07906990206745684	0.00006585889226596015
343.75	0.07881240259187437	0.00006564587740500453
344.	0.07855585567574318	0.0000654379640758968
344.25	0.07830031250934731	0.00006523109104469897
344.5	0.07804590556094865	0.00006500881907207224
344.75	0.07779231405993108	0.00006480394440883808
345.	0.07753973189648343	0.00006460303103927975
345.25	0.07728808849926512	0.00006439974967553862
345.5	0.07703738934764563	0.00006420887642597795
345.75	0.07678767119220307	0.00006400715899653152
346.	0.07653893878202658	0.00006380771699903215
346.25	0.07629113055876438	0.00006360760565352072
346.5	0.07604427801210206	0.00006340828479578023
346.75	0.07579830555753884	0.00006320294165627505
347.	0.07555327903585311	0.0000630060621058801
347.25	0.07530926866118529	0.00006280856921244102
347.5	0.07506616624056212	0.00006261294191783847
347.75	0.07482398863333331	0.00006241770401312465
348.	0.07458276760048126	0.00006221571778065197
348.25	0.0743427806370093	0.00006203147034592489
348.5	0.07410332033656732	0.00006184975479052905
348.75	0.07386483742234591	0.00006165729394414016
349.	0.07362728038575633	0.00006146593770720235
349.25	0.07339056427974312	0.0000612759677686591
349.5	0.07315480322952535	0.00006108604810537938
349.75	0.07291992465045509	0.0000608963732872646
350.	0.07268614732641429	0.00006071715041785712
350.25	0.07245308467263002	0.00006052917934067234
350.5	0.0722205001533103	0.00006033035821999935
350.75	0.07198918870358319	0.00006014237593908548
351.	0.07175874972629916	0.00005995675923709706
351.25	0.07152917864939969	0.00005977152697865287
351.5	0.07130047593339237	0.0000595864394530846
351.75	0.0710725793570953	0.00005940753436405701
352.	0.07084554260766665	0.00005922158214960845
352.25	0.07061939011939723	0.00005903761295456388
352.5	0.07039414329927346	0.00005885552870853721
352.75	0.07016971126726317	0.000058672622613985186
353.	0.06994615127158227	0.0000584925497759325
353.25	0.06972333674437521	0.00005831436854367149
353.5	0.06950149175854324	0.000058131968389361236
353.75	0.06928044735452399	0.000057952639979842175
354.	0.06906022961048246	0.00005777443603605873
354.25	0.06884122333436986	0.00005756810656524473
354.5	0.0686226609268985	0.00005739133624753886
354.75	0.06840492854112042	0.00005721595443262967
355.	0.06818854010402463	0.00005705754534711618
355.25	0.06797235887677158	0.00005688123623481022
355.5	0.0677571532595428	0.00005670360762744795
355.75	0.06754265165341741	0.00005653002535442176
356.	0.0673289690169861	0.000056355794752503695
356.25	0.06711606668137406	0.00005618325882637201
356.5	0.0669043904111114	0.00005599252439468057
356.75	0.0666930844293294	0.00005582119404750976
357.	0.06648259807727824	0.00005565179510849028
357.25	0.06627286797401157	0.000055481752759157016
357.5	0.06606392037365084	0.00005531235511964091
357.75	0.0658555896071045	0.000055132381835641264
358.	0.06564820450325017	0.00005496425508402906
358.25	0.06544154788323465	0.000054791796409320894
358.5	0.06523565847604061	0.00005462932098113115
358.75	0.06503051812018659	0.000054444757682355194
359.	0.06482632638731958	0.00005428203214807643
359.25	0.06462276071987245	0.00005411725875894911
359.5	0.06441975668410653	0.000053937282191254985
359.75	0.06421774734918281	0.000053774028606372476
360.	0.06401644038523897	0.000053612002280250215
360.25	0.0638158804222058	0.00005344972485227491
360.5	0.06361604388520804	0.000053286255202903966
360.75	0.06341700304368182	0.000053124083970915834
361.	0.06321824221614468	0.00005296036882649547
361.25	0.06302062773136703	0.0000528004758755716
361.5	0.06282378147314764	0.00005263913304628997
361.75	0.06262765024882817	0.00005247897795182258
362.	0.06243222413296619	0.000052321664666247973
362.25	0.06223751136228475	0.000052163585824813825
362.5	0.062043532035280874	0.000052005135384974276
362.75	0.06185025666922095	0.00005184888054608848
363.	0.06165769327615306	0.00005169276449675452
363.25	0.061465841265974035	0.00005153683270932353
363.5	0.06127469216592497	0.00005138189743778579
363.75	0.061084240375794324	0.00005122722071867064
364.	0.06089452537481906	0.00005107613522731428
364.25	0.06070547830980698	0.00005092423027180344
364.5	0.06051723729442829	0.000050767402051376977
364.75	0.060329567110759326	0.000050614967401151414
365.	0.06014246467422465	0.000050456437497796575
365.25	0.059955980824931074	0.00005031091851720867
365.5	0.05977035954273925	0.000050160469536194784
365.75	0.059585418022927425	0.00005001058965523765
366.	0.0594011268342502	0.00004986369394829824
366.25	0.05921753320543651	0.00004971438472838049
366.5	0.05903535650412936	0.000049538224289715
366.75	0.05885312260960635	0.00004939027681022863
367.	0.058671539399411186	0.00004924279578952885
367.25	0.05849061232424116	0.00004909551948456714
367.5	0.05831040363339603	0.00004894713695103344
367.75	0.05813076539682516	0.00004879399819001745
368.	0.057951810705739376	0.000048648643954717985
368.25	0.057773416582065064	0.0000485072879634512
368.5	0.057595810781506114	0.00004836190651297511
368.75	0.05741900410817229	0.00004821763071644581
369.	0.05724264048255062	0.00004807440404150218
369.25	0.057066702202449304	0.00004793222630813024
369.5	0.05689161974640378	0.00004778965698636602
369.75	0.056717212515672744	0.000047683941762401296
370.	0.05654340220547881	0.00004753309360629975
370.25	0.05637020433259764	0.0000473923039768973
370.5	0.05619764540215239	0.000047251135225117554
370.75	0.05602569843414538	0.00004711139460029222
371.	0.05585437283190715	0.00004697217356677481
371.25	0.05568366578307104	0.000046833437122260884
371.5	0.055513582027571506	0.00004669446372814438
371.75	0.055344103644332766	0.00004655679727713129
372.	0.05517521551506799	0.00004642083830192166
372.25	0.05500643182603444	0.00004626307242296632
372.5	0.0548387901601526	0.00004612604148396095
372.75	0.05467170082312666	0.000045986180450028566
373.	0.05450526500125792	0.000045850943138627516
373.25	0.05433942682929263	0.000045715701293584936
373.5	0.054173978376940594	0.00004557861510808337
373.75	0.05400933443633896	0.00004544395872588271
374.	0.05384526716009933	0.00004531039727551279
374.25	0.053681785961508514	0.00004517755108740008
374.5	0.053518888483138564	0.00004504649360947843
374.75	0.053356588622994375	0.00004491446454367003
375.	0.0531948605019606	0.00004478284802676587
375.25	0.05303369080217122	0.000044651211838175334
375.5	0.052873118089668235	0.00004452052183779193
375.75	0.0527131190282221	0.00004439032213148168
376.	0.05255368779630119	0.00004426160368466988
376.25	0.05239487716458066	0.00004412990204670385
376.5	0.05223658656202715	0.000044001124379316546
376.75	0.052078857287829065	0.00004387203139165446
377.	0.05192186895332071	0.0000437467175068176
377.25	0.051765262548683515	0.00004361925369695865
377.5	0.05160917740359828	0.00004348850934470705
377.75	0.05145368423830015	0.00004336201003447791
378.	0.05129868519958395	0.00004323757107002119
378.25	0.05114429913308962	0.000043111826307547106
378.5	0.05099049034371469	0.00004298567210348052
378.75	0.05083721199038688	0.00004286103454156524
379.	0.05068454958933013	0.00004273764707316162
379.25	0.05053234975399009	0.00004261446724952271
379.5	0.050380683036350946	0.000042490935193129766
379.75	0.05022954422748159	0.0000423674667351746
380.	0.05007887588751697	0.000042244751486959016