310.	0.000025423633829004578	3.613264992926211e-8
310.25	0.000025396511021692094	3.6094865325110786e-8
310.5	0.000025370080950586708	3.605833002409696e-8
310.75	0.000025344364827432644	3.602298398495428e-8
311.	0.000025319392274100138	3.5988228316899164e-8
311.25	0.0000252950459410978	3.599653465885389e-8
311.5	0.000025271511139102143	3.596414669525186e-8
311.75	0.000025248730101208246	3.593463299296448e-8
312.	0.000025226757781236044	3.590544140368865e-8
312.25	0.00002520548575815213	3.5874084286931016e-8
312.5	0.000025184998254360255	3.584496795819638e-8
312.75	0.000025165319996630468	3.58157529824292e-8
313.	0.000025146412468047035	3.578990682173406e-8
313.25	0.000025128304648489833	3.576493597458846e-8
313.5	0.00002511099472678607	3.57413368462582e-8
313.75	0.000025094488230389305	3.5718946205086376e-8
314.	0.0000250788310545909	3.5697289540097034e-8
314.25	0.000025064002733441863	3.567739224404138e-8
314.5	0.000025050000521889944	3.565825551353123e-8
314.75	0.00002503686680303375	3.564057303876691e-8
315.	0.000025024593695202232	3.562422531412019e-8
315.25	0.000025013179954701645	3.560875168186278e-8
315.5	0.000025002685653890258	3.559473080395689e-8
315.75	0.000024993121477626928	3.558409309700681e-8
316.	0.000024984438803720824	3.556987191259283e-8
316.25	0.00002497669554728737	3.555908635780686e-8
316.5	0.000024969864361698784	3.5550369285017004e-8
316.75	0.000024964054682928087	3.55413895398411e-8
317.	0.000024959140416483206	3.553641914815392e-8
317.25	0.000024955236388641735	3.553173414460342e-8
317.5	0.00002495231687556835	3.55293238303152e-8
317.75	0.000024950229805888416	3.552432322897508e-8
318.	0.000024949341247907154	3.552410578941903e-8
318.25	0.000024949598402261273	3.552531369878291e-8
318.5	0.000024950806821917385	3.552794727120783e-8
318.75	0.000024953138278949065	3.553199892073941e-8
319.	0.00002495653957821939	3.553792008875179e-8
319.25	0.00002496107306459153	3.5545353897204186e-8
319.5	0.000024966749605688734	3.555334344409147e-8
319.75	0.00002497341490829584	3.556173704739981e-8
320.	0.000024981513958429357	3.5574750956962914e-8
320.25	0.00002499064575746871	3.558806395623457e-8
320.5	0.00002500111034497767	3.560377879845868e-8
320.75	0.00002501271130254729	3.56187949731038e-8
321.	0.000025025645020612228	3.563600522959877e-8
321.25	0.00002503990434216106	3.565844413647364e-8
321.5	0.000025055543411484715	3.5681653148699e-8
321.75	0.000025072543753505543	3.5706707612586555e-8
322.	0.00002509092396844391	3.573395855275653e-8
322.25	0.000025110693870295532	3.576253449345023e-8
322.5	0.000025132109843345522	3.5793605493665425e-8
322.75	0.000025154857932173685	3.582682137420466e-8
323.	0.00002517906766719035	3.586224474491098e-8
323.25	0.0000252049050819792	3.590002513851521e-8
323.5	0.000025232276929792586	3.593934408392225e-8
323.75	0.000025261336182973682	3.5981640751182496e-8
324.	0.000025292065707672814	3.60265194194435e-8
324.25	0.000025324513892059227	3.607361250096455e-8
324.5	0.000025358722581453704	3.612325248906843e-8
324.75	0.000025394734864289762	3.6175418477771375e-8
325.	0.000025432603127070943	3.623028164207121e-8
325.25	0.000025472375191657378	3.628786362625785e-8
325.5	0.000025514157326443384	3.6348353375150554e-8
325.75	0.00002555789732083666	3.641150079414878e-8
326.	0.000025603710258853043	3.647771815886527e-8
326.25	0.000025651666484850794	3.6549140959733225e-8
326.5	0.00002570171923997104	3.662170251454094e-8
326.75	0.00002575409579873182	3.6697226237226585e-8
327.	0.000025808857216702356	3.677644922112204e-8
327.25	0.000025865956919082887	3.685878403901714e-8
327.5	0.000025925525704481252	3.69445709545617e-8
327.75	0.00002598764477134149	3.703398003919337e-8
328.	0.00002605260416370614	3.7129822825360384e-8
328.25	0.000026120079464717396	3.722686571133732e-8
328.5	0.000026190359648226244	3.7327641349448964e-8
328.75	0.000026263491649999805	3.7432747236423714e-8
329.	0.00002633970022554608	3.754230112730766e-8
329.25	0.000026419132082230406	3.765765690462961e-8
329.5	0.00002650149072196963	3.7773452598528206e-8
329.75	0.000026587418845475316	3.7897155067399674e-8
330.	0.0000266768140198488	3.8025369312580125e-8
330.25	0.000026769747125931215	3.815914644020305e-8
330.5	0.000026866450775834787	3.829811881414022e-8
330.75	0.000026967108893472	3.844259390093031e-8
331.	0.00002707182412474394	3.8592882182642276e-8
331.25	0.000027180413097722513	3.8732666855842215e-8
331.5	0.000027293760732814515	3.8895159847804395e-8
331.75	0.00002741170044568526	3.906395099544395e-8
332.	0.00002753443804531302	3.9239857173004736e-8
332.25	0.000027662106433914173	3.9422565066868015e-8
332.5	0.000027795185539295598	3.960982394279175e-8
332.75	0.00002793367719592436	3.98081788947396e-8
333.	0.00002807792266749509	4.0015370825991574e-8
333.25	0.00002822832457338379	4.022897628345223e-8
333.5	0.000028384932224080605	4.0453106496380814e-8
333.75	0.000028548184948026368	4.0686827442889805e-8
334.	0.000028718475353061297	4.0930282720776116e-8
334.25	0.000028896014847051105	4.1182751285803874e-8
334.5	0.000029081428628086795	4.14479696296455e-8
334.75	0.000029275108626735526	4.172493506230543e-8
335.	0.000029477421528509776	4.2014294319779564e-8
335.25	0.00002968890492964981	4.231687491861287e-8
335.5	0.000029910041690997547	4.263187803099161e-8
335.75	0.000030141579626956215	4.2963572205435304e-8
336.	0.000030384155005568713	4.331059686929674e-8
336.25	0.000030638419348768106	4.3674084658323375e-8
336.5	0.000030905614777462136	4.405487090317565e-8
336.75	0.0000311857074142833	4.4455175394346475e-8
337.	0.00003148009083801579	4.487582681330041e-8
337.25	0.000031789835878483214	4.5319141412911336e-8
337.5	0.000032116008323970496	4.578548576787021e-8
337.75	0.000032460013933548174	4.6275725436581605e-8
338.	0.00003282347764788398	4.679318091708414e-8
338.25	0.00003320735187281995	4.734078653651841e-8
338.5	0.00003361362753326553	4.792121379288618e-8
338.75	0.00003404439200657231	4.8536635065426306e-8
339.	0.000034501556256702254	4.9188170539637694e-8
339.25	0.00003498825316072373	4.989513744862471e-8
339.5	0.000035506934527480996	5.063624196672203e-8
339.75	0.00003606093683492799	5.141591232417921e-8
340.	0.00003665383796824872	5.226869007343282e-8
340.25	0.00003729048338315236	5.317202937441834e-8
340.5	0.00003797537347136044	5.4149848285352704e-8
340.75	0.00003871449550181563	5.520504863044846e-8
341.	0.00003951469107391448	5.6347392507811724e-8
341.25	0.00004038420763874832	5.758784617808963e-8
341.5	0.000041332326709687715	5.8940963741851754e-8
341.75	0.000042370697626389907	6.042308816124872e-8
342.	0.00004351321378498382	6.205380925820536e-8
342.25	0.000044776781233224724	6.385730732492508e-8
342.5	0.000046182079618300145	6.586295837045254e-8
342.75	0.000047754697260313795	6.810784169373715e-8
343.	0.000049526482168845425	7.063640149073891e-8
343.25	0.000051537130784906727	7.35051535102229e-8
343.5	0.00005383641046226384	7.678682649423424e-8
343.75	0.00005648613582498814	8.056766413664518e-8
344.	0.00005956179777349623	8.495431353918943e-8
344.25	0.00006315093792439431	9.007435920416187e-8
344.5	0.00006734980682721292	9.606562028326541e-8
344.75	0.00007224603226597441	1.0305211764620095e-7
345.	0.0000778942011633785	1.1111065375214512e-7
345.25	0.00008428658779125115	1.202310471058974e-7
345.5	0.00009133806722263218	1.3029279976378594e-7
345.75	0.00009890021793653766	1.4108232448763335e-7
346.	0.00010679710491180052	1.5235066089299774e-7
346.25	0.00011486257079435856	1.6386185090525368e-7
346.5	0.00012296000878334742	1.7541775846782287e-7
346.75	0.00013098899756043905	1.8687456625305395e-7
347.	0.00013888078764261717	1.9813411953420918e-7
347.25	0.0001465922561245529	2.0914144478165484e-7
347.5	0.00015409726391448216	2.198541638172048e-7
347.75	0.00016138216450772708	2.3025190685419365e-7
348.	0.00016844338709311448	2.403191672055146e-7
348.25	0.0001752794479263649	2.5007839616052855e-7
348.5	0.0001818950028623676	2.595233627701425e-7
348.75	0.00018829539729544096	2.686671420083212e-7
349.	0.00019448900685568716	2.775109297761103e-7
349.25	0.00020048285410514288	2.8606733089017125e-7
349.5	0.00020628532561634222	2.943537669910576e-7
349.75	0.00021190425567338837	3.0237856762304067e-7
350.	0.00021734751032212368	3.101539214085541e-7
350.25	0.00022262262244331793	3.1768902223732887e-7
350.5	0.00022773690016093985	3.2499910761315646e-7
350.75	0.00023269708024417805	3.3208445985720726e-7
351.	0.0002375099477322482	3.3896099625866324e-7
351.25	0.0002421815195597661	3.4563640423549056e-7
351.5	0.000246717683802105	3.5211891397445193e-7
351.75	0.00025112344500297524	3.5842772954109506e-7
352.	0.0002554040326478598	3.6454559308298204e-7
352.25	0.00025956632551354166	3.7049528867556145e-7
352.5	0.00026361239136359977	3.7618437335729264e-7
352.75	0.00026754808483708234	3.8181026632770843e-7
353.	0.0002713765977436855	3.872812546185426e-7
353.25	0.0002751026026664918	3.926128068607815e-7
353.5	0.00027872958044531705	3.97799462127986e-7
353.75	0.00028226087420081254	4.029309629244016e-7
354.	0.00028569978799036696	4.0785000661922027e-7
354.25	0.00028904920326421155	4.126417749961891e-7
354.5	0.00029231229367888544	4.1730898866103616e-7
354.75	0.00029549132802120774	4.218403930381539e-7
355.	0.00029859023281786086	4.262733493445408e-7
355.25	0.00030161226450631907	4.306033487737083e-7
355.5	0.0003045535648604369	4.348023050406498e-7
355.75	0.0003074237537932895	4.389084446959389e-7
356.	0.0003102163466406123	4.42859479469445e-7
356.25	0.00031294734175630695	4.4676396476500733e-7
356.5	0.0003156101647477221	4.5057791307268655e-7
356.75	0.0003182070732348874	4.5429681731873694e-7
357.	0.000320736854520079	4.5791648846517803e-7
357.25	0.00032320822878430954	4.614559515304078e-7
357.5	0.0003256173733577917	4.648963325545399e-7
357.75	0.0003279696714894772	4.682660014715613e-7
358.	0.0003302651814548731	4.7155469742827627e-7
358.25	0.0003325069562097313	4.7462705673213713e-7
358.5	0.00033469373106411837	4.777600030718678e-7
358.75	0.00033682685838301346	4.808124850523803e-7
359.	0.0003389084405421843	4.837951355131395e-7
359.25	0.0003409401283095851	4.86705492739699e-7
359.5	0.0003429225985357368	4.895473408646717e-7
359.75	0.0003448572558343502	4.923206050815062e-7
360.	0.0003467416998469724	4.950009538006677e-7
360.25	0.0003485851703960546	4.976510395811229e-7
360.5	0.0003503820790410278	5.001877875314574e-7
360.75	0.00035213688388408796	5.027052017993951e-7
361.	0.00035384886720240817	5.051586532269328e-7
361.25	0.00035551919454679886	5.075551777541787e-7
361.5	0.00035714898101262975	5.098941089731143e-7
361.75	0.00035873917352087736	5.121911165655068e-7
362.	0.00036028996171977637	5.144283288872194e-7
362.25	0.0003618028612898254	5.165970766318288e-7
362.5	0.0003632771362726807	5.186995951378016e-7
362.75	0.00036471671569161443	5.207689674573554e-7
363.	0.0003661205683726108	5.227846101429211e-7
363.25	0.0003674895020659663	5.247523022838499e-7
363.5	0.00036882424445455894	5.266713254733066e-7
363.75	0.0003701254991881531	5.285428860444947e-7
364.	0.0003713940006062019	5.303663698194889e-7
364.25	0.00037263045305509544	5.321469848188039e-7
364.5	0.00037383519344650376	5.338818420184821e-7
364.75	0.0003750090136191196	5.355743338667785e-7
365.	0.00037615359155387685	5.371715456825622e-7
365.25	0.0003772675288306247	5.387748788373544e-7
365.5	0.0003783524282657969	5.403355745768081e-7
365.75	0.0003794086938814366	5.41856773275524e-7
366.	0.00038043693122004357	5.433380464033881e-7
366.25	0.000381437320774455	5.447785368202086e-7
366.5	0.000382411074297211	5.461823005620847e-7
366.75	0.0003833582119617815	5.475568696848036e-7
367.	0.00038427956477445573	5.488857318234239e-7
367.25	0.0003851752391808601	5.501631749960543e-7
367.5	0.00038604623611306283	5.51427539679951e-7
367.75	0.0003868929285650414	5.526202814481705e-7
368.	0.00038771507454244	5.538078951276493e-7
368.25	0.0003885135397783928	5.549612739209316e-7
368.5	0.0003892892660007523	5.560816498174797e-7
368.75	0.00039004161584519357	5.571701559456079e-7
369.	0.0003907722381841562	5.58226694473014e-7
369.25	0.0003914804589083022	5.592512257806381e-7
369.5	0.0003921667490498021	5.602456308119062e-7
369.75	0.0003928341272216164	5.612070341177584e-7
370.	0.00039347820977744455	5.621409415788803e-7
370.25	0.0003941015317846154	5.630569492992941e-7
370.5	0.0003947048017420957	5.639240039653804e-7
370.75	0.0003952882010210497	5.647710601508811e-7
371.	0.0003958523007474759	5.655872371004057e-7
371.25	0.0003963980166017793	5.665744628620853e-7
371.5	0.00039692389998974823	5.673407719079577e-7
371.75	0.0003974313017211166	5.680807260297801e-7
372.	0.0003979205838202252	5.687992022224782e-7
372.25	0.00039839188646238283	5.694857328035945e-7
372.5	0.00039884559486484336	5.701520884973324e-7
372.75	0.00039928194205945754	5.707870424323179e-7
373.	0.0003997009673691692	5.714225454192551e-7
373.25	0.00040010357303187354	5.720167888922931e-7
373.5	0.00040048927038456453	5.725799269229076e-7
373.75	0.0004008568634501997	5.731529037070969e-7
374.	0.0004012103664682927	5.736706168371785e-7
374.25	0.000401548645509585	5.741765158634712e-7
374.5	0.00040187501636073373	5.746428490557551e-7
374.75	0.00040218254417851486	5.750972990260485e-7
375.	0.000402475159929553	5.755307930525268e-7
375.25	0.0004027534258493716	5.759496791173226e-7
375.5	0.0004030151355225305	5.764090080506571e-7
375.75	0.0004032643044713987	5.767689013246379e-7
376.	0.00040349943384152773	5.771310100384018e-7
376.25	0.0004037205790432526	5.773991715334358e-7
376.5	0.00040393059448551804	5.777068815682343e-7
376.75	0.00040412504757175174	5.780036318642733e-7
377.	0.00040430631033876136	5.78277583953986e-7
377.25	0.0004044750836684028	5.785224307765544e-7
377.5	0.0004046305393262761	5.787753368142634e-7
377.75	0.000404773564632242	5.789937074946398e-7
378.	0.0004049039595540547	5.791898067000649e-7
378.25	0.00040502262884654114	5.793576729700361e-7
378.5	0.0004051303542511497	5.795081581271228e-7
378.75	0.00040522516702248265	5.796573618830071e-7
379.	0.00040530991809216264	5.797628324461141e-7
379.25	0.00040538162194783716	5.798887736717986e-7
379.5	0.00040544197599941343	5.799893097462472e-7
379.75	0.0004054914849023962	5.800747583018418e-7
380.	0.00040553005918466214	5.80144389071955e-7