310.	-0.000013905055235684204	2.0353472588898706e-8
310.25	-0.000013887350859805359	2.030060581906213e-8
310.5	-0.000013870092921366044	2.0269975825596182e-8
310.75	-0.00001385334219089083	2.024681017401635e-8
311.	-0.00001383724165170813	2.022383388656231e-8
311.25	-0.000013821228649411217	2.0200540100957816e-8
311.5	-0.000013805625237319249	2.0177232633883367e-8
311.75	-0.000013790393329209475	2.0157474020492154e-8
312.	-0.000013775740256299177	2.0131136471023257e-8
312.25	-0.000013761379650344224	2.0108276873433306e-8
312.5	-0.000013747330237112532	2.0089306845270997e-8
312.75	-0.000013733545882813746	2.0067803943875595e-8
313.	-0.000013720781097806605	2.0042944639160992e-8
313.25	-0.000013708159754074027	2.0023808524753907e-8
313.5	-0.000013695857243004989	2.000682610619718e-8
313.75	-0.000013684175298162076	1.9991301328632667e-8
314.	-0.000013673097004174298	1.9959662955220266e-8
314.25	-0.000013661851681432017	1.994438807099558e-8
314.5	-0.000013651495219591837	1.9928267999127848e-8
314.75	-0.000013641508473038917	1.9913554150436088e-8
315.	-0.000013631921069434545	1.9900072280410637e-8
315.25	-0.000013622981709639503	1.9887598790751843e-8
315.5	-0.000013614580201979963	1.988014828818005e-8
315.75	-0.000013606567631144999	1.986652511727554e-8
316.	-0.000013599132380225115	1.9852338850604084e-8
316.25	-0.00001359218521539098	1.9846489301111152e-8
316.5	-0.00001358570526216847	1.983461229878631e-8
316.75	-0.00001357972958926484	1.982545767729195e-8
317.	-0.000013574390163301595	1.981748567776227e-8
317.25	-0.000013569462940755788	1.9811607726840087e-8
317.5	-0.000013565245657974685	1.9802801545575187e-8
317.75	-0.000013561397215739287	1.9802277247006907e-8
318.	-0.000013558188461269881	1.979394491236162e-8
318.25	-0.000013555572018968277	1.979165797532704e-8
318.5	-0.00001355359750204258	1.978640726471178e-8
318.75	-0.000013552149409809593	1.978271619560653e-8
319.	-0.000013551314320490322	1.9779783335996294e-8
319.25	-0.000013551079615774461	1.9777677533975916e-8
319.5	-0.000013551479485262607	1.9777248922161675e-8
319.75	-0.000013552547904918115	1.977571281333771e-8
320.	-0.000013554215987561667	1.9777346517783386e-8
320.25	-0.000013556541888579217	1.9777775108974535e-8
320.5	-0.000013559535378782103	1.9781729065178723e-8
320.75	-0.000013563061446039397	1.9788186792243813e-8
321.	-0.000013567398317051005	1.97921852558555e-8
321.25	-0.000013572433720114404	1.9798409966059825e-8
321.5	-0.000013578235296354183	1.9804411116826164e-8
321.75	-0.000013584803593221534	1.981242366664725e-8
322.	-0.000013591867108429122	1.9818505641199797e-8
322.25	-0.000013599895886665093	1.9827812721575334e-8
322.5	-0.000013608715177836814	1.9839878976856048e-8
322.75	-0.000013618286651281976	1.9854672027267694e-8
323.	-0.000013628739300911282	1.9869202833159377e-8
323.25	-0.000013640114211025314	1.9885377601738552e-8
323.5	-0.000013652283707230959	1.9901183673914543e-8
323.75	-0.0000136653105187248	1.991842331379866e-8
324.	-0.000013679283890932805	1.993711534471433e-8
324.25	-0.000013694145301150763	1.9956335801081695e-8
324.5	-0.000013709656760859678	1.9979228554260786e-8
324.75	-0.000013726405480701382	1.9996828937089456e-8
325.	-0.00001374435954162101	2.001958839760403e-8
325.25	-0.000013763134404373009	2.004424059625628e-8
325.5	-0.000013783019128103647	2.00727939995845e-8
325.75	-0.000013803958585629012	2.0102701535132836e-8
326.	-0.000013826179385891254	2.0135453292652107e-8
326.25	-0.000013849304712148879	2.015866702531073e-8
326.5	-0.000013873605722869875	2.0192129480312006e-8
326.75	-0.000013899063848150027	2.024102648329918e-8
327.	-0.000013925803037741114	2.0279345593298064e-8
327.25	-0.000013953821925800238	2.0315732778853606e-8
327.5	-0.000013983195549935338	2.035909471339097e-8
327.75	-0.00001401396633838376	2.0399781498313794e-8
328.	-0.000014046170859733594	2.044260294973762e-8
328.25	-0.000014079802773574004	2.0485782503214957e-8
328.5	-0.000014114814897929305	2.0539887245587397e-8
328.75	-0.000014151393695478577	2.0590677701345175e-8
329.	-0.000014189691584865975	2.0645393264764222e-8
329.25	-0.0000142295643646363	2.0701820504181596e-8
329.5	-0.000014271203484521163	2.076169235439078e-8
329.75	-0.000014314601358889237	2.082727242218742e-8
330.	-0.000014359901927066569	2.0893132148943742e-8
330.25	-0.000014407093435797984	2.0961399140479722e-8
330.5	-0.000014456425703264191	2.101393888274484e-8
330.75	-0.00001450779213368904	2.107791166952676e-8
331.	-0.000014561288107208831	2.1155888284877918e-8
331.25	-0.00001461701094242151	2.1235361885158612e-8
331.5	-0.000014675077004807925	2.1317734223997106e-8
331.75	-0.000014735574519061904	2.1404163735647718e-8
332.	-0.000014798631099143085	2.1494443170895114e-8
332.25	-0.000014864355782924937	2.1596608805269295e-8
332.5	-0.000014932888293919392	2.169523802818795e-8
332.75	-0.000015004116111820199	2.180864673785296e-8
333.	-0.000015078916110297464	2.19072862841585e-8
333.25	-0.000015156626301716684	2.202254513975481e-8
333.5	-0.000015237704921644777	2.2141906451120136e-8
333.75	-0.00001532189206567316	2.2228920517995496e-8
334.	-0.000015410202700057267	2.235656380573178e-8
334.25	-0.00001550263126040028	2.248012608460263e-8
334.5	-0.0000155990465504854	2.2618207883271433e-8
334.75	-0.000015699923548062933	2.276347173848465e-8
335.	-0.00001580527840370007	2.2915647519774093e-8
335.25	-0.00001591541219678823	2.3069209875235214e-8
335.5	-0.000016030807939181765	2.3235085450668945e-8
335.75	-0.000016151628787224604	2.3416116737235183e-8
336.	-0.000016278361380408873	2.3601872985356356e-8
336.25	-0.00001641134959596837	2.3791785202964906e-8
336.5	-0.000016551079623689147	2.398854809131782e-8
336.75	-0.000016697747935300102	2.4199868229341525e-8
337.	-0.000016852092488807825	2.4417680891679747e-8
337.25	-0.00001701441715722581	2.4662197644751893e-8
337.5	-0.0000171856671024713	2.4900921817730108e-8
337.75	-0.00001736623787432647	2.5161357178293696e-8
338.	-0.00001755688955243963	2.5444982116027895e-8
338.25	-0.000017758588803219064	2.573245316002613e-8
338.5	-0.00001797232239054688	2.6035908994136596e-8
338.75	-0.000018198833320565812	2.637597473123894e-8
339.	-0.000018439614434269378	2.672145888557396e-8
339.25	-0.000018695933529887124	2.7098025226728125e-8
339.5	-0.000018969283105484365	2.7488298441726756e-8
339.75	-0.000019261406050468833	2.7910757511694247e-8
340.	-0.00001957425165104529	2.8348880285055703e-8
340.25	-0.00001991015778529201	2.8833609388486288e-8
340.5	-0.000020271642411675874	2.9351308448296947e-8
340.75	-0.000020661998304893437	2.990647424020996e-8
341.	-0.000021084826809116882	3.0516500904493545e-8
341.25	-0.000021544536238896226	3.117760051659055e-8
341.5	-0.000022045955507888123	3.1901276432351356e-8
341.75	-0.000022595240770256288	3.269633357124127e-8
342.	-0.000023199662997946195	3.356453681872068e-8
342.25	-0.000023868294223088553	3.454339401953244e-8
342.5	-0.00002461243373557856	3.562679675712713e-8
342.75	-0.00002544551453109331	3.6799101564312236e-8
343.	-0.000026384250481852782	3.816753071902302e-8
343.25	-0.00002744990798600667	3.970411881653435e-8
343.5	-0.000028668866089414	4.146350518771882e-8
343.75	-0.000030073994912366713	4.347340262296185e-8
344.	-0.000031705021160081786	4.582370150875017e-8
344.25	-0.00003360873469978844	4.857116167081674e-8
344.5	-0.00003583589918976234	5.1781286559042596e-8
344.75	-0.000038433450168447356	5.5513191747726474e-8
345.	-0.000041429873059406385	5.983550373396898e-8
345.25	-0.00004482077295101595	6.472814012935212e-8
345.5	-0.00004856080985775602	7.01250543666094e-8
345.75	-0.000052570796576728766	7.590757403789088e-8
346.	-0.00005675678980542307	8.195064641649109e-8
346.25	-0.00006103069178822803	8.811322410073557e-8
346.5	-0.0000653200709958419	9.429473587042881e-8
346.75	-0.00006957154874690274	1.004094127189142e-7
347.	-0.00007374854220108955	1.0643023414110972e-7
347.25	-0.00007782781595276496	1.1230568062051788e-7
347.5	-0.00008179578932358303	1.1802852699399649e-7
347.75	-0.00008564562757339063	1.2357539021671794e-7
348.	-0.00008937460334322414	1.2894883405748638e-7
348.25	-0.00009298329068914933	1.3414437689628606e-7
348.5	-0.00009647284065084502	1.3921318870968199e-7
348.75	-0.0000998479401357277	1.4406372729326163e-7
349.	-0.00010311164001336285	1.487947056470066e-7
349.25	-0.00010626794708732296	1.5331818282279536e-7
349.5	-0.00010932177421855784	1.5777350036051904e-7
349.75	-0.00011227653242759526	1.6189402344769443e-7
350.	-0.00011513784328544594	1.6596762336841852e-7
350.25	-0.00011790854271340428	1.6995145554421144e-7
350.5	-0.0001205916803530278	1.73858074752564e-7
350.75	-0.00012319414717013713	1.77581715567181e-7
351.	-0.00012571671786748892	1.8119519536690777e-7
351.25	-0.00012816348160890994	1.849104066285416e-7
351.5	-0.0001305375103053445	1.8833284149686545e-7
351.75	-0.00013284246014051316	1.9164160873355832e-7
352.	-0.00013508041319106102	1.9485389519708707e-7
352.25	-0.0001372544180085119	1.9800709948917095e-7
352.5	-0.0001393659828716211	2.0104724265459915e-7
352.75	-0.00014141920900729421	2.0401479715850405e-7
353.	-0.00014341087850914405	2.0678057366319325e-7
353.25	-0.00014535114266592676	2.0961251755246266e-7
353.5	-0.00014723758114745233	2.123308363498217e-7
353.75	-0.00014907343866684867	2.1487105170840319e-7
354.	-0.00015085901019532954	2.1743307463354006e-7
354.25	-0.00015259710291746077	2.199607282160437e-7
354.5	-0.00015428864908811533	2.2238754394225467e-7
354.75	-0.0001559355616910715	2.2476492250863288e-7
355.	-0.00015753859894623615	2.2705589860895916e-7
355.25	-0.0001591000201662641	2.2930499326419617e-7
355.5	-0.000160619503322939	2.3142909421940792e-7
355.75	-0.00016209994162032457	2.335939635005176e-7
356.	-0.000163544361910282	2.3575835496592156e-7
356.25	-0.00016495000791625657	2.376868912048087e-7
356.5	-0.0001663194751241858	2.395985913346266e-7
356.75	-0.00016765394486491981	2.4135585121031814e-7
357.	-0.00016895439541895	2.432144308590933e-7
357.25	-0.00017022149016969693	2.4500885747515804e-7
357.5	-0.0001714555617590881	2.468150824625478e-7
357.75	-0.0001726636027192796	2.486500610032762e-7
358.	-0.00017383655211420542	2.5029107407077053e-7
358.25	-0.0001749793056169582	2.51837656840157e-7
358.5	-0.00017609463193807046	2.532021814041474e-7
358.75	-0.00017718031671072864	2.5479687370141196e-7
359.	-0.00017823918394128604	2.5628375815655116e-7
359.25	-0.00017927091696337143	2.577399635106773e-7
359.5	-0.00018027666579041647	2.591545748819196e-7
359.75	-0.00018125693915906833	2.605320260715121e-7
360.	-0.0001822121877844314	2.618363376556767e-7
360.25	-0.00018314312820724458	2.63155654615251e-7
360.5	-0.0001840503368098128	2.644460464561038e-7
360.75	-0.0001849342324605964	2.6568215742756113e-7
361.	-0.0001857953367824755	2.6689985900588117e-7
361.25	-0.00018663440592369326	2.6807481787561935e-7
361.5	-0.00018745171368224906	2.692337186234083e-7
361.75	-0.00018824791013218468	2.703487140612835e-7
362.	-0.0001890248155791751	2.713857745110302e-7
362.25	-0.00018978007431003056	2.724480177129283e-7
362.5	-0.0001905154906643769	2.7351066895610835e-7
362.75	-0.00019123119987493224	2.745086196071324e-7
363.	-0.00019192817760971912	2.754843280034275e-7
363.25	-0.00019260660778726266	2.764286996653202e-7
363.5	-0.0001932668510949755	2.7736037040141914e-7
363.75	-0.00019390979784963348	2.7823787675216447e-7
364.	-0.00019453563515186827	2.790149393667268e-7
364.25	-0.00019514369045939704	2.7988305879596477e-7
364.5	-0.00019573380677223245	2.8060009519351954e-7
364.75	-0.00019630827206001904	2.815210023076671e-7
365.	-0.0001968672129315978	2.8218994821684365e-7
365.25	-0.00019740986688276366	2.82939723767013e-7
365.5	-0.00019793765260627016	2.8357093550463305e-7
365.75	-0.0001984497344458272	2.842794961837637e-7
366.	-0.0001989467820436359	2.8496304935181034e-7
366.25	-0.00019942930316673997	2.8562093195632855e-7
366.5	-0.00019989752426047278	2.8625779426023363e-7
366.75	-0.00020035194760047447	2.868848503612128e-7
367.	-0.00020079332389622725	2.875797360504814e-7
367.25	-0.00020122037301968795	2.8815481979095773e-7
367.5	-0.000201633406083761	2.8875438739830043e-7
367.75	-0.00020203372074109943	2.891205686077517e-7
368.	-0.00020242143240924997	2.8954156062538124e-7
368.25	-0.00020279659876911324	2.900277149283503e-7
368.5	-0.00020315915417908897	2.9055457980261343e-7
368.75	-0.0002035101335829161	2.91023255368274e-7
369.	-0.00020384931791427846	2.9147388959323046e-7
369.25	-0.00020417694398035662	2.919461873669247e-7
369.5	-0.00020449286752025547	2.923562852621856e-7
369.75	-0.00020479765886037885	2.9275026211933627e-7
370.	-0.00020509175982444603	2.930905194081474e-7
370.25	-0.00020537493372630347	2.9351887693864506e-7
370.5	-0.00020564730048932496	2.9387776610365013e-7
370.75	-0.0002059089185800396	2.941712634301113e-7
371.	-0.0002061604595316266	2.9451674676149466e-7
371.25	-0.0002064014583449612	2.94839370872442e-7
371.5	-0.00020663290721330586	2.951447983925053e-7
371.75	-0.00020685540759320703	2.9543914252210223e-7
372.	-0.00020706692580910326	2.9568818740587025e-7
372.25	-0.00020726866717862507	2.958772730781316e-7
372.5	-0.00020746219952554965	2.9612697373551155e-7
372.75	-0.0002076455653775784	2.9637877062915696e-7
373.	-0.00020782083677945237	2.965960548165842e-7
373.25	-0.0002079892768342809	2.9681296160428836e-7
373.5	-0.0002081469651748822	2.9700819839872537e-7
373.75	-0.00020829579305378293	2.972122248559151e-7
374.	-0.00020843656868101503	2.973476864974625e-7
374.25	-0.00020856946659351304	2.9751917328784726e-7
374.5	-0.0002086945472227527	2.9805092126467774e-7
374.75	-0.0002088117862691767	2.981471582928197e-7
375.	-0.00020892046708091913	2.982913875362052e-7
375.25	-0.0002090227702673801	2.9838333453159187e-7
375.5	-0.00020911392518640356	2.9820256572988675e-7
375.75	-0.00020920458273550736	2.9866497934779963e-7
376.	-0.00020928499102801812	2.9829273173111947e-7
376.25	-0.00020935751904272584	2.983543297896304e-7
376.5	-0.00020942211612630368	2.984599920564141e-7
376.75	-0.00020947942301724929	2.985000594282704e-7
377.	-0.0002095301912798573	2.9855173187701147e-7
377.25	-0.00020957394622621558	2.9862337384253474e-7
377.5	-0.00020960808193886966	2.984451720148741e-7
377.75	-0.00020963890664582032	2.984501734053544e-7
378.	-0.00020966318615846068	2.9844917409802e-7
378.25	-0.00020968178822666246	2.9847015444740574e-7
378.5	-0.00020969351020637717	2.984523400546349e-7
378.75	-0.00020969908294012806	2.9842847051494877e-7
379.	-0.0002096986763924209	2.9837605474389206e-7
379.25	-0.00020969238642002037	2.983346806449961e-7
379.5	-0.0002096804696478671	2.9828576822154396e-7
379.75	-0.0002096626238189184	2.9820897057022543e-7
380.	-0.00020963904273021476	2.981569871741943e-7