310.	1.0022438475205504	0.007422986551486462
310.25	1.0021256081033316	0.007404229747383657
310.5	1.0019016358571788	0.00738492719186603
310.75	1.001644777511629	0.007364900087649081
311.	1.0014107705226893	0.007345497912909246
311.25	1.0011621380443718	0.00732643213773977
311.5	1.0009171016955158	0.007307371597360868
311.75	1.0006536995500954	0.007288646277850756
312.	1.000345311064912	0.007270650096004915
312.25	1.0000598815148822	0.007252201827852577
312.5	0.9997792915963016	0.007233709972840022
312.75	0.9995689462728761	0.007214401605291166
313.	0.9992426180026577	0.007194376125595122
313.25	0.9989334107053683	0.007176278790022105
313.5	0.9986158607681354	0.007158254664908711
313.75	0.9982957150614803	0.0071402787835472825
314.	0.9979657853403742	0.007122426500352653
314.25	0.997778389893848	0.00710511297898263
314.5	0.9974211899733461	0.007087148193306783
314.75	0.9970676528650209	0.007068758623162666
315.	0.9967745344638624	0.007050596883335919
315.25	0.9964096245331845	0.007033074081393364
315.5	0.9959894809037618	0.007016168575121237
315.75	0.9956117033844462	0.00699839116311363
316.	0.995240004060148	0.00698126065121423
316.25	0.9948664815748441	0.006963671930250198
316.5	0.9944840029234163	0.006945484747324699
316.75	0.9940746844439672	0.006926546176493501
317.	0.993662481874604	0.006909091655461033
317.25	0.9932369078240348	0.006891195918895098
317.5	0.9927964151618585	0.00687316354293013
317.75	0.992349157162916	0.006855346471797915
318.	0.9918479181178269	0.006837274035338929
318.25	0.9913906577599171	0.0068199869157245276
318.5	0.9909294094453719	0.006802909188393624
318.75	0.9904721706016539	0.006786057667359158
319.	0.98999303402476	0.006769237611065688
319.25	0.9895142266487469	0.0067522335855174824
319.5	0.9890227845413007	0.006735353583229585
319.75	0.9885733305802056	0.006717928767412961
320.	0.9880736874798017	0.0067008357769964355
320.25	0.9875642620540069	0.0066838715201653475
320.5	0.9870508083913498	0.006667136839829422
320.75	0.9865289543866603	0.006649585638670684
321.	0.985980618351244	0.006630947860954812
321.25	0.9854464599268794	0.006614261315755454
321.5	0.9849305760457947	0.006599192816276399
321.75	0.9843831222516249	0.006582758800780892
322.	0.9837943086011246	0.006564377556634725
322.25	0.9833383875074341	0.006549799908451818
322.5	0.982769476938472	0.006533580080748481
322.75	0.9822158241327745	0.006517253803805068
323.	0.981589928406129	0.006500818266135007
323.25	0.9809359216026345	0.006484230333892905
323.5	0.9803371926896852	0.006468138863945404
323.75	0.9796824715938378	0.006449586959456947
324.	0.9790342528323364	0.00643449700360052
324.25	0.9784116460342583	0.0064186847190172746
324.5	0.9778167366609045	0.006402349202248555
324.75	0.977166297747701	0.006384942480664561
325.	0.9765689099900666	0.006370700076825733
325.25	0.9759070791933642	0.0063528214415146484
325.5	0.9752641891272364	0.006336773732332024
325.75	0.9746242519137926	0.0063207348361711034
326.	0.9739806980748941	0.006304557982337071
326.25	0.9733342879730186	0.006288424407138218
326.5	0.9727200407496421	0.006274638267432479
326.75	0.9720602886954353	0.006258577722363603
327.	0.9714003905530951	0.006242604442801686
327.25	0.9707301076976443	0.006226946043007261
327.5	0.9700285233399932	0.006211337660507789
327.75	0.9693544592376704	0.00619582780600351
328.	0.9686709842862915	0.006180405485360361
328.25	0.9679790193826048	0.006165097505002934
328.5	0.9672892477821614	0.006149743455545657
328.75	0.9666057074627566	0.006134679952803037
329.	0.9659905298836783	0.006121283945913787
329.25	0.9652901054830524	0.006106295058878349
329.5	0.9645841202350448	0.006091412172113772
329.75	0.963868795285924	0.006076515620063607
330.	0.9631546290939158	0.006061656850106654
330.25	0.9624403315716895	0.00604693449429976
330.5	0.9617171297482261	0.0060321403670677695
330.75	0.9609790992221173	0.0060165853385846756
331.	0.9602723475726435	0.006001637425515126
331.25	0.9595112175866165	0.005986565449177783
331.5	0.9587734552435068	0.005971994370237319
331.75	0.9580302524925017	0.005957272422952364
332.	0.9572762389496741	0.0059425843543972675
332.25	0.9565236918103381	0.00592795502678411
332.5	0.9557863125509912	0.005913773102155238
332.75	0.9550242161935425	0.005899365492270673
333.	0.9542248848576111	0.005884888430035412
333.25	0.953462490423564	0.005870500267302102
333.5	0.9526606184756146	0.005860788600112518
333.75	0.9518634881359457	0.005846186726556641
334.	0.9510934125944245	0.0058321427044357235
334.25	0.9503163259098723	0.005818073169996049
334.5	0.9495454413217006	0.0058038026020668446
334.75	0.9487521494743135	0.005789727332292992
335.	0.9479546962575278	0.005774144127095878
335.25	0.9471612222635029	0.005760124008203088
335.5	0.9463640816724597	0.0057459618687347325
335.75	0.9455770226003347	0.005732534862912645
336.	0.9447686875259608	0.005718696650352197
336.25	0.9439701082723976	0.005704620658119655
336.5	0.9431383511205323	0.005691061076965683
336.75	0.9423259941452815	0.005677138610835193
337.	0.9415031744546974	0.005663169020350996
337.25	0.9407021471714708	0.005649050031817951
337.5	0.9398826567471478	0.005635077739815011
337.75	0.9390590121051838	0.0056211249630149255
338.	0.9382456044919787	0.005606651767325091
338.25	0.937433591814716	0.005592598759882251
338.5	0.9366335345918909	0.005577842693326449
338.75	0.9358213433973621	0.005564356470441731
339.	0.9349900500711835	0.0055506926128715064
339.25	0.9341650642387267	0.00553717516196799
339.5	0.9333264206385999	0.005523684161092841
339.75	0.932483104463544	0.00551018495863809
340.	0.9316378178059639	0.005496786677239222
340.25	0.930786686870778	0.005483582709319891
340.5	0.9299471619261848	0.005469783731789988
340.75	0.9290858908267349	0.005456587726414763
341.	0.9282257975546261	0.005443419010334553
341.25	0.9271998048759141	0.005426581359940209
341.5	0.926337882707796	0.005417026749583629
341.75	0.9254910987122605	0.005402987026334561
342.	0.9246219760527612	0.0053897590777736
342.25	0.9237564800860923	0.005376822279261559
342.5	0.9228832044623103	0.005363899302328767
342.75	0.922006434121797	0.005351034173002606
343.	0.9211217275572576	0.005338292518515898
343.25	0.9202334775086553	0.0053258235097254115
343.5	0.9193953243060187	0.00531384330528028
343.75	0.9185161578940044	0.005300873831393515
344.	0.9176460092074697	0.005287938510039462
344.25	0.9167498564468497	0.0052751833046203195
344.5	0.9158623311690126	0.005260514186415608
344.75	0.9149709241211672	0.0052478992954467394
345.	0.9141033908505363	0.005235150981050016
345.25	0.9132033891367496	0.005222451844166345
345.5	0.9122931101394997	0.005209938506772925
345.75	0.9113971581674076	0.0051974829047191735
346.	0.9104867546625338	0.005184818221200743
346.25	0.909608084727438	0.0051725383173059445
346.5	0.908695146134399	0.005159969336093239
346.75	0.9077798616735016	0.0051476067183266715
347.	0.9068745849332005	0.005135134702762425
347.25	0.9059395808548444	0.005122608401236294
347.5	0.9049974520411387	0.005110285857606238
347.75	0.9040726009661331	0.0050980225337639625
348.	0.9031528836348277	0.005085697487243831
348.25	0.9022373964418365	0.0050737079381406695
348.5	0.9013091186112279	0.005061405436164526
348.75	0.9003804159181961	0.005049207537472926
349.	0.8994435328423941	0.005037120615918465
349.25	0.8985025321388449	0.0050256473550513315
349.5	0.8975795983045911	0.005012637975635365
349.75	0.8966136580882682	0.005001519016776444
350.	0.8956756234550248	0.0049894909553385445
350.25	0.8947347929094693	0.004977481223756295
350.5	0.8937954906075993	0.004965339612007125
350.75	0.8928533730304221	0.004953479248151677
351.	0.8919096281027721	0.0049414086056771165
351.25	0.8909785437518363	0.004929030755929577
351.5	0.8900285532238137	0.004917321076783714
351.75	0.8890778303514979	0.004905435504526331
352.	0.8881341205743883	0.004893722264014765
352.25	0.8871770944871732	0.004882105134794705
352.5	0.8862268964040511	0.0048705345407361695
352.75	0.8852598403161422	0.0048591898352517955
353.	0.8843059304207508	0.004847811538326078
353.25	0.883351954682638	0.004836352148818709
353.5	0.8823878847549705	0.004824776297495348
353.75	0.8814298516845432	0.0048132790904986105
354.	0.8804623148698756	0.004801805350891668
354.25	0.8795021025153956	0.004790424418405834
354.5	0.8785302388810875	0.00477915567138746
354.75	0.877577292262896	0.004767729135975639
355.	0.8766509326563652	0.004756990399548186
355.25	0.8756597792763268	0.004744853175082134
355.5	0.8747017072498288	0.004733683906229714
355.75	0.8737400602050184	0.004722573367465768
356.	0.8727630449113133	0.004711306194821879
356.25	0.8717984156742519	0.004700309932664775
356.5	0.8708158854674777	0.0046891739689004066
356.75	0.869846716065514	0.004678032933980352
357.	0.8688876458822367	0.004667264441519363
357.25	0.8679159923642942	0.0046564041377884415
357.5	0.8669435362046762	0.004645577219426625
357.75	0.865942889848282	0.004634605302942743
358.	0.8649865841407892	0.004623731497864917
358.25	0.8640082107205317	0.004613118763033118
358.5	0.86303414232653	0.004602642047617203
358.75	0.8620551041039264	0.004591907349120712
359.	0.8610748944121219	0.004580861076729844
359.25	0.8600922263911304	0.004570046628464455
359.5	0.8591105329891882	0.004559395280006028
359.75	0.8582523711013901	0.004549281116768702
360.	0.8572785043261031	0.004538125115718496
360.25	0.8562978096032102	0.004527425856688393
360.5	0.8553804642529635	0.004517660437608346
360.75	0.8544713128296771	0.004507217367604219
361.	0.8534895896553047	0.004496580646883694
361.25	0.8524707121540884	0.004485391967693853
361.5	0.8514903598608002	0.004474769942737136
361.75	0.8504816031331075	0.004464176675349671
362.	0.8495173285256414	0.004453388108647809
362.25	0.8485303888661115	0.004442925656163443
362.5	0.8475403545201643	0.004432563287818123
362.75	0.8465458579845622	0.004422214936225859
363.	0.8455586430457478	0.004411900013988417
363.25	0.8445768098852323	0.004401710956841864
363.5	0.8435899513191667	0.004391421520150765
363.75	0.8425920626142874	0.004381370358731178
364.	0.8415962280310475	0.0043711674561054785
364.25	0.8405989403624698	0.004361072227202649
364.5	0.8396055477591098	0.004351320166780059
364.75	0.8385903635926983	0.00434001098597635
365.	0.8376007421331305	0.004330080880408977
365.25	0.8366039172155699	0.004320222723483285
365.5	0.8356077437278915	0.004310058775558422
365.75	0.8346091225233226	0.004300262002410056
366.	0.8336090889721232	0.004290571472115672
366.25	0.8326083604281118	0.004280924737791152
366.5	0.8315932344647905	0.004271020843950673
366.75	0.8305911152886916	0.004261431700770196
367.	0.8295879047549651	0.004251704048072464
367.25	0.8285859562809994	0.004242034427766326
367.5	0.8275927712730433	0.004232200606970444
367.75	0.8265864347933001	0.004222628036250426
368.	0.8255828558955781	0.0042130157914174755
368.25	0.8245844689907897	0.004203284050944724
368.5	0.8235755920501849	0.004193743395199963
368.75	0.8225713855952749	0.004183947082019914
369.	0.8215630233652156	0.004174330361036482
369.25	0.8204992920047997	0.004163993279838948
369.5	0.819521190297496	0.004155113262659233
369.75	0.81852125105784	0.004145506009145101
370.	0.8175239990091967	0.004135864707601494
370.25	0.8165194010894113	0.004126245893363916
370.5	0.8155208711863399	0.004116780745044166
370.75	0.8144987535906513	0.0041070856833210065
371.	0.8134868869686668	0.004097329480418587
371.25	0.8125077595076812	0.004087879741169153
371.5	0.8115065373876893	0.004078284384110364
371.75	0.8105015814526143	0.004068861437705496
372.	0.8095529772544214	0.004058751095564477
372.25	0.8085522933327117	0.004049498217818849
372.5	0.807549860303683	0.00403995310077769
372.75	0.8065284247660601	0.004030545590539324
373.	0.8055235073423085	0.004021290059785485
373.25	0.8045202992202437	0.004012050005209912
373.5	0.8035088958529482	0.0040029517745562545
373.75	0.8025336126489254	0.003993780939547756
374.	0.8015153951402259	0.003984594259622081
374.25	0.8005009426917316	0.0039753114670936975
374.5	0.7994999605518013	0.003966225412570189
374.75	0.798501529155716	0.003957177472198299
375.	0.7975043023612727	0.003948123077068378
375.25	0.7965040777745518	0.00393917147586403
375.5	0.7955106708690898	0.003930311786434604
375.75	0.7944952988996363	0.003921073647219565
376.	0.7934959561964924	0.003912173283049799
376.25	0.7924972220085075	0.003903324027038586
376.5	0.7914997155649534	0.003894427613752299
376.75	0.7905024340839121	0.003885560904220083
377.	0.7895037412695461	0.003876752182199098
377.25	0.7883616228518815	0.0038660909166287555
377.5	0.7873589405376257	0.00385738394352144
377.75	0.7863562100390696	0.0038485574690203233
378.	0.7853588651991591	0.0038398648296841414
378.25	0.7843599855682353	0.003831150763652124
378.5	0.783374065705736	0.003822704696871693
378.75	0.782374694271191	0.0038140418853249937
379.	0.7813921523050673	0.0038053127800517974
379.25	0.7803857679305464	0.00379677084693872
379.5	0.7793861057065294	0.0037882591879509755
379.75	0.7783826086259628	0.003779418987505288
380.	0.7773826503020623	0.0037709063860962774