310.	28.66243203075368	0.0262367720087644
310.25	28.57626876307814	0.02617609835365651
310.5	28.490399263472455	0.02611450465667736
310.75	28.404928602485867	0.026054664092037813
311.	28.319708613743483	0.025994158366800132
311.25	28.234719901167175	0.025932692561303403
311.5	28.15010817362925	0.025871221607343328
311.75	28.065810553758958	0.02581079137086644
312.	27.98178150349977	0.02575180967548329
312.25	27.898095746460626	0.025690644676013334
312.5	27.814611451914203	0.025629179119749226
312.75	27.73141977707709	0.025568870680537016
313.	27.648630973675072	0.025508548675456662
313.25	27.56613139141641	0.025447019836769395
313.5	27.48395333864949	0.025386516043927398
313.75	27.402046812273984	0.02532803050867406
314.	27.320469610867338	0.025267791410823387
314.25	27.239934255978568	0.02520751003979123
314.5	27.15896299281727	0.025149231668723293
314.75	27.078239947302013	0.0250890122154877
315.	26.997845147783853	0.025030984833245316
315.25	26.9177453877137	0.024971954278738773
315.5	26.83795302269601	0.024912029246279527
315.75	26.7584450776044	0.02485318282358111
316.	26.67906134756675	0.024800164973392304
316.25	26.60036367514544	0.02473669630202526
316.5	26.52171191780218	0.024678371283012656
316.75	26.443347767536228	0.024620927800052993
317.	26.365259807873766	0.024562922527432484
317.25	26.287451443842944	0.02450472254839612
317.5	26.209937082759126	0.024447756234672477
317.75	26.132718560328975	0.02439116127264533
318.	26.05574234081236	0.024334054144558324
318.25	25.97907224183614	0.02427785076288257
318.5	25.902656507328896	0.02421986005838415
318.75	25.8265315295867	0.02416376523699879
319.	25.75064783185251	0.02410876734326948
319.25	25.67504551206419	0.02405341531274377
319.5	25.59976431344633	0.023997478960612533
319.75	25.52471457887132	0.023941780320505906
320.	25.449947786583902	0.02388337553516962
320.25	25.375442795412216	0.023828212629827292
320.5	25.301192470603013	0.023774105257393475
320.75	25.22721471441983	0.02371954235713269
321.	25.153498377525203	0.02366454620997538
321.25	25.08003524786891	0.023610567707938093
321.5	25.006896593602516	0.02355844764029826
321.75	24.933940542568347	0.023503995006331966
322.	24.86124055062754	0.02344929723426887
322.25	24.78881252929887	0.023394802285193347
322.5	24.716663768240497	0.023340135924786568
322.75	24.644649471732468	0.023287460984316992
323.	24.573027344929642	0.023233356477116014
323.25	24.501633030157464	0.02317963282744667
323.5	24.430350910653647	0.023124431741769636
323.75	24.359412967585477	0.0230712967576529
324.	24.288773895643427	0.02301875671121769
324.25	24.218378867890994	0.022966387831696414
324.5	24.148218827404868	0.02291344762630152
324.75	24.07833780832317	0.022856205837683094
325.	24.00868171569108	0.022803998583339164
325.25	23.9393407364833	0.022752603864597567
325.5	23.870011089914488	0.02270973641332299
325.75	23.801233654022855	0.022658027706216798
326.	23.732564829226988	0.02260697668402445
326.25	23.664130117299077	0.022554973613775193
326.5	23.595965102448215	0.022503905327222688
326.75	23.52801291191911	0.022453432400712
327.	23.46029523549157	0.02240258640468603
327.25	23.39283518230168	0.02235173174659366
327.5	23.325604422528574	0.022300969523021696
327.75	23.258598230076537	0.022250619042121
328.	23.191843409133867	0.022199953541051583
328.25	23.12530073798044	0.022149923614334963
328.5	23.059112858472982	0.022099262384114166
328.75	22.99305442813785	0.022049238568188346
329.	22.927212558279138	0.02199966155514528
329.25	22.861613052168902	0.02195011029452491
329.5	22.796245729214228	0.021900541587487898
329.75	22.731188072507884	0.02184873851786953
330.	22.666266535266132	0.02179967527964535
330.25	22.60150185094361	0.02175151062243312
330.5	22.53706572777989	0.02170296910312556
330.75	22.472561983464495	0.021670047684209912
331.	22.408515019153086	0.02162126606886647
331.25	22.34470827924938	0.021573548328768684
331.5	22.281127617145565	0.021525103679879868
331.75	22.217773040184014	0.021478565694455175
332.	22.154644203003496	0.021428547889405347
332.25	22.091755609010654	0.021380752827297556
332.5	22.0290539190843	0.02133346871921933
332.75	21.966558719421208	0.021286415638911656
333.	21.90428528284776	0.021240107376170575
333.25	21.842229391755755	0.021192630723595417
333.5	21.780374689218686	0.021145327615415505
333.75	21.718755532550034	0.02109791277566239
334.	21.657344689881178	0.021050884170613782
334.25	21.59614632244505	0.021010113183737054
334.5	21.535157184522472	0.02096369475876669
334.75	21.474382945670335	0.020916109287285004
335.	21.413780343213812	0.020865282946793143
335.25	21.35348630219309	0.020818143768386345
335.5	21.29333151206925	0.02076966982332188
335.75	21.23341480182409	0.020721034282027095
336.	21.17367474132391	0.020673828383679274
336.25	21.114200940082554	0.020625744735480903
336.5	21.05488311852473	0.0205779666453844
336.75	20.99576685446795	0.02053087413848527
337.	20.93686046425887	0.02048433299593611
337.25	20.87817609422739	0.020438572865687246
337.5	20.819631441045008	0.020391009871035263
337.75	20.761337691475667	0.02034548424790138
338.	20.703235700341576	0.020299871663261713
338.25	20.64531112123906	0.02025477837739635
338.5	20.58760282882257	0.020209666893282078
338.75	20.53009174061788	0.020164698930310018
339.	20.4727295142996	0.02011721026813879
339.25	20.415596971341753	0.020073470059777734
339.5	20.35865549473565	0.020029357616719003
339.75	20.301907498959356	0.01998529339367964
340.	20.245376484644233	0.019941183513896614
340.25	20.189051643159903	0.019899029270961578
340.5	20.132903440931194	0.019854404995117102
340.75	20.076933466440792	0.01981062718768976
341.	20.021190249206185	0.019766552999881455
341.25	19.96550491201755	0.019721277508419097
341.5	19.910073016617268	0.01967869942908177
341.75	19.85485812321004	0.019635674628052133
342.	19.799847889191366	0.019592026696961095
342.25	19.74500101071718	0.01955038259851041
342.5	19.69034310288409	0.019506340640358357
342.75	19.636036204136953	0.019462707542494392
343.	19.581758100999256	0.019420407713332356
343.25	19.527658195032284	0.019378009935250153
343.5	19.473723374102317	0.019335756941311545
343.75	19.420029248671593	0.01929369233058704
344.	19.366242152219687	0.01925609324931739
344.25	19.312814482611756	0.019215069250422198
344.5	19.259611693020997	0.01917195278728735
344.75	19.206563800366734	0.019128427008265707
345.	19.153780036973803	0.019084880648876087
345.25	19.10110878868067	0.019042634215773957
345.5	19.0486045105116	0.01900132399921977
345.75	18.996151722929653	0.018957292393900333
346.	18.944011158606855	0.018916657898087226
346.25	18.892042203105877	0.018876725565519184
346.5	18.840250969493322	0.018836289392143258
346.75	18.78860912977194	0.018796509699514387
347.	18.737159754397247	0.01875695905705732
347.25	18.68588021975826	0.01871777789498017
347.5	18.634781626840816	0.018680829670535682
347.75	18.58384247492993	0.018641165579947258
348.	18.53307832701876	0.01860269651655124
348.25	18.48244080392924	0.01856660148185112
348.5	18.432033956147972	0.018526467473435875
348.75	18.381758228416142	0.018487508772957708
349.	18.3316032834297	0.018447525797699794
349.25	18.281669774846375	0.018406215837966356
349.5	18.231909962135468	0.018365392007308395
349.75	18.18232776957644	0.018325108939539505
350.	18.132857842449226	0.01828452541252288
350.25	18.0835628681132	0.01824400543318927
350.5	18.034555618467742	0.018199759556667187
350.75	17.98559997261239	0.018159434583875762
351.	17.93677056001239	0.018121082076513386
351.25	17.88813863948436	0.018081466943326675
351.5	17.83966686184967	0.01804205195157874
351.75	17.79133942062879	0.01800262896006268
352.	17.74317742196011	0.01796095559452045
352.25	17.69516556198635	0.01792179574768412
352.5	17.64733106811629	0.017882889711966568
352.75	17.599615686165443	0.017844224001146606
353.	17.55208815324171	0.017805689391027706
353.25	17.50469676465479	0.01776769048088227
353.5	17.45745802956032	0.017728873365047543
353.75	17.410401300954806	0.01769092554374746
354.	17.363472393513486	0.017652997623523622
354.25	17.316706744969753	0.01761563925385034
354.5	17.270092650432268	0.017577976099843854
354.75	17.223622460717355	0.017540266359275362
355.	17.177317902606106	0.017500072909961088
355.25	17.13117781276088	0.01746184835331237
355.5	17.08516233434504	0.017437604847610942
355.75	17.039329215735478	0.017399457052245444
356.	16.993705677719053	0.017364342248447556
356.25	16.948164635475813	0.017325956489440287
356.5	16.902760062271515	0.01728901761287724
356.75	16.857494390832606	0.01725172958557187
357.	16.812334045800515	0.017215163015847967
357.25	16.767365631430287	0.017178335825654988
357.5	16.72257274930577	0.01714242007174511
357.75	16.677939135406586	0.017107173401734597
358.	16.633415612386173	0.01707076179112875
358.25	16.589034643539176	0.017034639949063173
358.5	16.544826919091722	0.01699864194386183
358.75	16.500796316873046	0.016962068576397676
359.	16.45699382901477	0.016916377439156517
359.25	16.413176303429534	0.016880620310588776
359.5	16.3695251993024	0.01684489653644378
359.75	16.326005990301173	0.016809449106772265
360.	16.282633203385554	0.016773958400853453
360.25	16.239406776193743	0.016738658177756098
360.5	16.19675122123292	0.01671218088342935
360.75	16.15378613873017	0.016677157934989133
361.	16.11095360392071	0.016642172063967575
361.25	16.068285185097018	0.01660701718458745
361.5	16.025809792944596	0.016572961135123666
361.75	15.983398757320618	0.016537990788829674
362.	15.941124349077757	0.016502962224009262
362.25	15.898985211325101	0.016468265194534776
362.5	15.856976405797218	0.016433379681325407
362.75	15.815099584568362	0.016398812158431107
363.	15.773364567363144	0.016364106503910524
363.25	15.731756221181472	0.016330561878365336
363.5	15.690362497380251	0.016297056142953962
363.75	15.648939136001557	0.01626225633775382
364.	15.607745603045688	0.01622674821758574
364.25	15.566675236893829	0.01619311733021131
364.5	15.525733403424386	0.01615950434835688
364.75	15.484906389667184	0.016125804179616784
365.	15.443636860655594	0.01608584541045566
365.25	15.403090566805444	0.016052279087293564
365.5	15.362679266519375	0.01601903233517706
365.75	15.32238551628067	0.015985651752927252
366.	15.282198443244951	0.01595220805174034
366.25	15.242173360819045	0.015918367447630033
366.5	15.202252923655392	0.015885350633664932
366.75	15.162516660628217	0.01585205350186996
367.	15.12284221692356	0.015818844669136155
367.25	15.083324466543582	0.01578614726528715
367.5	15.043893899011724	0.015754318378959315
367.75	15.004531965453166	0.015721129332715446
368.	14.965386988773684	0.015688958469509948
368.25	14.926339072541767	0.01565623095939629
368.5	14.887414728972892	0.01562411031122249
368.75	14.848617670547771	0.015592107556398564
369.	14.809941498460365	0.015560181467892155
369.25	14.77140073358493	0.015528480268482234
369.5	14.732977095304783	0.015496656186680977
369.75	14.694684333384323	0.015465566091158373
370.	14.656499641823103	0.015433613553342027
370.25	14.618437956937196	0.015402054246871853
370.5	14.580491788244213	0.015370720829884143
370.75	14.542666219010808	0.015339160995332104
371.	14.505025009771575	0.01530589212280677
371.25	14.467559753114632	0.015273093108177796
371.5	14.430068902261066	0.01524234851052912
371.75	14.392680136603966	0.015211374216549221
372.	14.355444833682236	0.015180032195701758
372.25	14.31832085762383	0.015149229750464422
372.5	14.281306412283488	0.015118801535648456
372.75	14.244414838481413	0.01508808093609709
373.	14.207643399153495	0.015057427923332197
373.25	14.170990443971334	0.015025343008617529
373.5	14.134442222259924	0.014995153689400093
373.75	14.09801395230024	0.014963995236010478
374.	14.06168858693029	0.014933565624639092
374.25	14.025481290768866	0.014903116867841019
374.5	13.989383303410053	0.01487214009827585
374.75	13.953417664187596	0.014842329737799413
375.	13.917524831134457	0.014811197165008288
375.25	13.88163660720341	0.014789621515667031
375.5	13.846003342247233	0.01476006021018149
375.75	13.810481787851932	0.014731053711492022
376.	13.775075691962607	0.014701740881103074
376.25	13.739761415773067	0.014671120868994211
376.5	13.704554665722952	0.014641121515899686
376.75	13.669468613201243	0.01461065186171779
377.	13.634505880876544	0.01458012221959739
377.25	13.599634131832858	0.014549626478954521
377.5	13.564923104210232	0.014518702567633567
377.75	13.530260730410514	0.014488540566674587
378.	13.495807216415699	0.014457607578441351
378.25	13.461363725942345	0.01442751577792043
378.5	13.427029241472109	0.014397480046882627
378.75	13.392811746915978	0.0143677203617998
379.	13.35871615263944	0.01433770794533436
379.25	13.324703208000713	0.014308244923322513
379.5	13.290797128569181	0.014278505727650024
379.75	13.256985623968925	0.014249097853589993
380.	13.223276597660172	0.014219948206684452