310.	0.00009117968699931367	4.9660236601273695e-8
311.	0.00009165505032824556	4.989277057248644e-8
312.	0.000092216106899402	5.0202603898646435e-8
313.	0.00009287058887626613	5.052294557267857e-8
314.	0.00009362713759888827	5.090668040692078e-8
315.	0.0000944947852763646	5.1354972916412896e-8
316.	0.00009548614299759242	5.1835167076740805e-8
317.	0.0000966133351051111	5.243791701915659e-8
318.	0.00009789279954208192	5.3092643309891794e-8
319.	0.00009934313989001511	5.3854342011594336e-8
320.	0.00010098575204500408	5.47035064140181e-8
321.	0.00010284872196429639	5.567623947023483e-8
322.	0.00010496249977941073	5.682844987157042e-8
323.	0.00010736624757151628	5.8122224076798176e-8
324.	0.00011010780687497843	5.9570671670442184e-8
325.	0.00011324517397607541	6.126053348876973e-8
326.	0.00011685331061493635	6.319836451398162e-8
327.	0.00012102528997697117	6.529269533769849e-8
328.	0.0001258856137972846	6.788748937443441e-8
329.	0.0001315929195378871	7.090500345992724e-8
330.	0.0001383649364106774	7.454776026483841e-8
331.	0.00014649598744437772	7.890608465792051e-8
332.	0.0001564031800273756	8.422042592573397e-8
333.	0.00016869240127581096	9.07895920112317e-8
334.	0.00018427452117698786	9.92395621266102e-8
335.	0.0002045765060857072	1.1012576452968813e-7
336.	0.0002319653364515822	1.2483519566124306e-7
337.	0.00027061577934777835	1.4560492949398664e-7
338.	0.00032851035748951055	1.766781034487579e-7
339.	0.00042256061804742465	2.2722400023675063e-7
340.	0.0005932569642011901	3.190148691674914e-7
341.	0.0009491758744881913	5.108358279085817e-7
342.	0.0017253920913572422	9.288236604332717e-7
343.	0.002394910669642506	1.2898782769225088e-6
344.	0.0020702926242253793	1.113686583613613e-6
345.	0.0019700144590979974	1.0602338125561107e-6
346.	0.0019277650560663095	1.0377305356253197e-6
347.	0.0019120507497197015	1.0296569779481094e-6
348.	0.0019092897201577182	1.0283483818231805e-6
349.	0.0019107978478888174	1.029273419487044e-6
350.	0.001913357692269725	1.0311632658113104e-6
351.	0.0019157864411476417	1.0329304988976806e-6
352.	0.0019176229807900136	1.033894454967697e-6
353.	0.0019186679010137705	1.033919431018724e-6
354.	0.0019188517504645604	1.034870448265914e-6
355.	0.0019181612471161633	1.034587829938844e-6
356.	0.0019166262174633059	1.0339742289152528e-6
357.	0.0019142769434324577	1.0331738775226576e-6
358.	0.0019111577763109002	1.0314725417127996e-6
359.	0.0019073140469868404	1.0286918187701905e-6
360.	0.0019028328186030327	1.027507126647189e-6
361.	0.0018976836506381567	1.0246087842306598e-6
362.	0.0018919499862148632	1.02192212101487e-6
363.	0.0018856659423807534	1.0192354046926928e-6
364.	0.0018788772747301502	1.0166233122982657e-6
365.	0.0018716290988147878	1.0137183278475982e-6
366.	0.0018639235710793858	1.0099825415206453e-6
367.	0.001855824288220962	1.0061177817461829e-6
368.	0.0018473553415960394	1.001314584646713e-6
369.	0.0018385233413844141	9.970627370574214e-7
370.	0.0018293776569950132	9.93029668809389e-7
371.	0.0018199481770396063	9.870367097204904e-7
372.	0.0018102362386909687	9.827791375263765e-7
373.	0.001800266321247522	9.78064411146219e-7
374.	0.0017901030375455436	9.731519859680217e-7
375.	0.0017796786476839957	9.679274390563298e-7
376.	0.001769077573649276	9.622791760613558e-7
377.	0.0017582974163828022	9.570870324543903e-7
378.	0.0017473538943327137	9.525803721371338e-7
379.	0.0017362665533243863	9.464941613280036e-7
380.	0.001725048119297053	9.411312554998986e-7