310.	1.5684147222365618e-6	1.314336167028935e-9
311.	1.5776803789987168e-6	1.3223712949011353e-9
312.	1.5884322433469683e-6	1.332003520520927e-9
313.	1.6007993777532873e-6	1.342802397559534e-9
314.	1.6149317893468234e-6	1.355289880820498e-9
315.	1.6310104551943795e-6	1.3691859466821553e-9
316.	1.6492368206020246e-6	1.3847625272773486e-9
317.	1.6698345172388498e-6	1.403368891103325e-9
318.	1.6930945117849817e-6	1.4224366815107124e-9
319.	1.7193411772385327e-6	1.4454498797272607e-9
320.	1.748964933969815e-6	1.4708824822641886e-9
321.	1.7824205833691519e-6	1.499941332001926e-9
322.	1.8202552987261086e-6	1.5296047828563764e-9
323.	1.8631776379653407e-6	1.5664096835334794e-9
324.	1.912008107770243e-6	1.6081876433475098e-9
325.	1.967777142826495e-6	1.6564607765765687e-9
326.	2.0318220402086154e-6	1.7103826760288134e-9
327.	2.10577404747782e-6	1.7734804097217442e-9
328.	2.1917952508046786e-6	1.8460225217799978e-9
329.	2.2927015487076153e-6	1.9312598533178315e-9
330.	2.4122714753254065e-6	2.0340938008386858e-9
331.	2.555720826410059e-6	2.1560981954978858e-9
332.	2.7303644068032147e-6	2.3049500251121884e-9
333.	2.9468352266956343e-6	2.488950916696666e-9
334.	3.2211206156609283e-6	2.7218232084180295e-9
335.	3.5783368601251042e-6	3.025103159725044e-9
336.	4.060025778388932e-6	3.4342173254887067e-9
337.	4.739555016458905e-6	4.0097767565664095e-9
338.	5.757296703535392e-6	4.872593963614061e-9
339.	7.410360636649932e-6	6.272271966529638e-9
340.	0.000010410543056714123	8.815734328564493e-9
341.	0.00001666695128625196	1.411960384817877e-8
342.	0.00003031613692044769	2.569380162766053e-8
343.	0.000042106768247471694	3.5696115242166353e-8
344.	0.00003642200976055602	3.089032500600314e-8
345.	0.000034679894713480114	2.9406574858654375e-8
346.	0.00003395781198828849	2.8786100744778874e-8
347.	0.00003370240853933391	2.8589947770006246e-8
348.	0.00003367515198580046	2.8580410763237682e-8
349.	0.00003372282801912304	2.8627840657352487e-8
350.	0.000033789225230550056	2.8700002636048895e-8
351.	0.00003385334423318236	2.8748679236393924e-8
352.	0.00003390695212329289	2.880393542249596e-8
353.	0.000033946576767580524	2.8881245036746656e-8
354.	0.00003397091483598147	2.8912663409983303e-8
355.	0.000033979794223867596	2.8931033338611817e-8
356.	0.000033973529597927254	2.8937405780763845e-8
357.	0.00003395287682084002	2.892978838495926e-8
358.	0.000033918566890581884	2.8908743378954717e-8
359.	0.0000338714288529337	2.8879165955184694e-8
360.	0.00003381193285240889	2.8833327388990907e-8
361.	0.00003374111466295573	2.8763414988169707e-8
362.	0.0000336598378873943	2.8704321997701695e-8
363.	0.000033568607851524995	2.8632233723267163e-8
364.	0.00003346777304248326	2.8562382973270354e-8
365.	0.000033358956351801247	2.846214131112558e-8
366.	0.000033241819119278356	2.8380216111009967e-8
367.	0.000033117324277977776	2.8280855932463685e-8
368.	0.00003298578546531804	2.8172787436576986e-8
369.	0.00003284796784623341	2.807448630687234e-8
370.	0.00003270416844357926	2.7959381963064257e-8
371.	0.00003255503029531528	2.784428548470857e-8
372.	0.00003240061800608184	2.7723700375263304e-8
373.	0.00003224164633582806	2.759699954397546e-8
374.	0.00003207810349025417	2.7467388089170575e-8
375.	0.00003191052122098613	2.7334856043015572e-8
376.	0.00003173919785159336	2.720013657003042e-8
377.	0.000031564469288107355	2.7058750827997613e-8
378.	0.000031386328912478336	2.692604764787068e-8
379.	0.00003120545138544209	2.677741897580754e-8
380.	0.000031021974118358446	2.6631728914002108e-8