310.	12.11576182872992	0.017355962472431
311.	11.939452882639936	0.017105053901997624
312.	11.766364136239046	0.016867058597751623
313.	11.596124036458782	0.016624850981912142
314.	11.428794102597037	0.01638655099533029
315.	11.264212375758166	0.016152824988992606
316.	11.102511611143239	0.015923159758609955
317.	10.943540171370733	0.015696957222484105
318.	10.787235013530776	0.015472937425606322
319.	10.633616488423884	0.015253870383504115
320.	10.482524691387505	0.01503995648042006
321.	10.333996025576171	0.014827470646587458
322.	10.188020986670603	0.014619225087335794
323.	10.044388880092958	0.014415271533850492
324.	9.903013569651774	0.014211096248444603
325.	9.76407396115986	0.014011952261736444
326.	9.627476302189908	0.013816304362348998
327.	9.493063140142906	0.013624724155921248
328.	9.360946578756009	0.013436343690797123
329.	9.231010103963607	0.013250281868140933
330.	9.103105321582067	0.013067672307012659
331.	8.977280636200101	0.012888339130987232
332.	8.853465476343716	0.012711028678923032
333.	8.731711887496296	0.012537218628918996
334.	8.611989727286513	0.012366374200237088
335.	8.494148183254755	0.012198600837060937
336.	8.378215018203669	0.012032787885126017
337.	8.264106878508676	0.011868765766172127
338.	8.151851695366615	0.011708734525850533
339.	8.041389406699345	0.011551089443828084
340.	7.9327485792639205	0.011395966005473598
341.	7.825825915302152	0.011243050628428827
342.	7.720571865728396	0.011091587127131172
343.	7.6170014404098865	0.010943781460544276
344.	7.5150007370808405	0.010797280117060826
345.	7.414629770808501	0.010653867001533037
346.	7.315872786306943	0.010512169068273304
347.	7.218574266975837	0.010373005041269673
348.	7.122812248471152	0.010236084082202886
349.	7.028594638013585	0.010101337580810797
350.	6.935792333511073	0.009968801778406061
351.	6.844459641447786	0.009838146727452503
352.	6.754516273374411	0.00970932049664168
353.	6.6659518811467935	0.009582230072576692
354.	6.578754299466531	0.0094586229087223
355.	6.492878005805802	0.009334810972035864
356.	6.408321103153806	0.009214833933581048
357.	6.325073962252548	0.009096013013829587
358.	6.24307091871554	0.008978158429926723
359.	6.162334390611552	0.008862902053448921
360.	6.082820263977848	0.008749138722421322
361.	6.004514280472922	0.008637454884066878
362.	5.927342876994286	0.008526240384159625
363.	5.851388487705732	0.008417274255946145
364.	5.776552848287112	0.008310981799315772
365.	5.702851929975481	0.008204703685249637
366.	5.630223600154611	0.008101423326462371
367.	5.558663582000012	0.007998996110245234
368.	5.488226865516692	0.00789831615969897
369.	5.418825421205027	0.007799110766801609
370.	5.350456370192326	0.007701191865173812
371.	5.2830703777833765	0.007605154151097146
372.	5.216686461086346	0.007510296371220315
373.	5.151286501611872	0.007416747611070943
374.	5.086864166996935	0.007324574710362811
375.	5.0233681157300705	0.007234316849136811
376.	4.960800330508927	0.007144733333252179
377.	4.899151608285449	0.0070563817521419785
378.	4.838386262819293	0.006969516849817406
379.	4.7785093663068	0.006883948644344382
380.	4.719483492026738	0.00679948840675724