310.	0.000017104791115167852	2.4207075032530397e-8
311.	0.000017030909436826442	2.4106003887474504e-8
312.	0.000016965046816183476	2.4014778887805754e-8
313.	0.00001690738220735169	2.393597948027224e-8
314.	0.000016858313849384646	2.386948790177233e-8
315.	0.000016818278806774746	2.3814344534693798e-8
316.	0.0000167875982070571	2.376987361061978e-8
317.	0.000016766847354137416	2.3742973734330903e-8
318.	0.000016756754841169473	2.3727489671543756e-8
319.	0.00001675793566034726	2.3732319701438187e-8
320.	0.000016771005000619404	2.375313262434893e-8
321.	0.00001679723722900696	2.3790956579619554e-8
322.	0.00001683737488734873	2.3849350098806757e-8
323.	0.000016892917258308927	2.3925856507118995e-8
324.	0.000016965216007874366	2.403098733307941e-8
325.	0.00001705598755311586	2.4162279134141327e-8
326.	0.00001716714237763717	2.4322365618830428e-8
327.	0.000017301303572556977	2.4513211529595105e-8
328.	0.000017460981657658582	2.4742151996712893e-8
329.	0.000017649721151727334	2.50120695759656e-8
330.	0.00001787205779650917	2.5329973045067345e-8
331.	0.00001813318531952634	2.570178308558992e-8
332.	0.00001843961645868576	2.6137890284201047e-8
333.	0.000018799806082786838	2.6644418796504204e-8
334.	0.000019224940948600047	2.7248090424090973e-8
335.	0.000019729286449883057	2.796420121520273e-8
336.	0.0000203327024557713	2.8823490495973737e-8
337.	0.00002106233303389659	2.986121061182707e-8
338.	0.000021957663697488644	3.113072556367799e-8
339.	0.000023077844830489816	3.272340009845906e-8
340.	0.00002451601648602343	3.4762244761916905e-8
341.	0.00002643031151417671	3.747926891209205e-8
342.	0.000029111754446188925	4.1285249438765865e-8
343.	0.00003316118744231231	4.703671679064793e-8
344.	0.000039980466462051514	5.671606602064277e-8
345.	0.00005268550004517672	7.474812793142681e-8
346.	0.00007305878933393184	1.0366860228298975e-7
347.	0.00009562537524828521	1.357030897382145e-7
348.	0.00011629293375051085	1.6505561355022526e-7
349.	0.0001344301991400413	1.908314168965153e-7
350.	0.0001503085253800611	2.1338284236994165e-7
351.	0.00016428892591574762	2.3325247856856747e-7
352.	0.00017668046866961746	2.5085329468266783e-7
353.	0.0001877268773426484	2.6656778034436975e-7
354.	0.0001976214951640164	2.806318287210665e-7
355.	0.00020651695153406496	2.9329523133355413e-7
356.	0.0002145363299227668	3.047236757078847e-7
357.	0.00022178020440314725	3.1501787536002446e-7
358.	0.00022833544472590256	3.2436588549652774e-7
359.	0.0002342712917225852	3.328293561695972e-7
360.	0.00023964866193310595	3.404973660508793e-7
361.	0.00024451813317673135	3.4744926054077566e-7
362.	0.00024892586993669846	3.537907372302049e-7
363.	0.00025290988323157463	3.595026834374391e-7
364.	0.0002565067081226773	3.646293059081298e-7
365.	0.00025974591255401806	3.692709442826945e-7
366.	0.00026265717314560464	3.734098887430933e-7
367.	0.0002652623607593062	3.7715282427633654e-7
368.	0.000267584733904319	3.804815048662173e-7
369.	0.0002696431979053439	3.834545148807961e-7
370.	0.0002714581635255441	3.8608381536666875e-7
371.	0.00027304534516494304	3.883646488265192e-7
372.	0.00027442186428671696	3.903181307303284e-7
373.	0.00027559834251023	3.9200512040593906e-7
374.	0.0002765887039945528	3.934533133109744e-7
375.	0.000277404407912633	3.946619699198064e-7
376.	0.00027806072852888403	3.9562117207460953e-7
377.	0.0002785632015658935	3.963823164577372e-7
378.	0.0002789232132362037	3.9693607337953344e-7
379.	0.0002791504100619557	3.9723528648710914e-7
380.	0.00027925288848972587	3.9748974499495827e-7