310.	0.00002918018843292523	7.797049861687289e-8
311.	0.00002921620861970219	7.795868412098323e-8
312.	0.000029264598633059413	7.795959308992214e-8
313.	0.00002932549110365287	7.80138816932013e-8
314.	0.00002940417294131443	7.814604495985491e-8
315.	0.00002949095773844876	7.821319335431076e-8
316.	0.00002959767878009281	7.837996557369258e-8
317.	0.00002972166998813732	7.859556992569597e-8
318.	0.000029865372084253802	7.88799196822072e-8
319.	0.00003002793834660506	7.919716446877182e-8
320.	0.000030210560384285156	7.957672880748468e-8
321.	0.000030418223847420616	8.005322345243833e-8
322.	0.00003065178947412006	8.058799516477071e-8
323.	0.00003091588001916841	8.113698076208085e-8
324.	0.00003121241215503302	8.180361331542899e-8
325.	0.000031543747334224615	8.256936749358043e-8
326.	0.000031914069703278766	8.340988450178731e-8
327.	0.00003232986592293174	8.438647239155382e-8
328.	0.00003279764928034542	8.549402971177429e-8
329.	0.000033322782716073044	8.67497533281993e-8
330.	0.00003391619570656029	8.82014692016132e-8
331.	0.00003458725371586454	8.984020368930126e-8
332.	0.000035351724848122355	9.182789267525081e-8
333.	0.00003622436975918558	9.389447802341118e-8
334.	0.00003723062625307007	9.639705138422293e-8
335.	0.000038400695743435234	9.941625572549188e-8
336.	0.000039774236454141615	1.0273096391136631e-7
337.	0.000041407983076882884	1.0696206543376737e-7
338.	0.00004338246814039151	1.1192533846489755e-7
339.	0.00004582090085012319	1.1809447642257585e-7
340.	0.000048917333617041124	1.259136167919579e-7
341.	0.00005299313583568413	1.3622362935787517e-7
342.	0.000058654766404030284	1.5064121680878138e-7
343.	0.00006713765089449753	1.722527039332562e-7
344.	0.00008133756853773539	2.0847352491017882e-7
345.	0.00010770389462935785	2.758687351041387e-7
346.	0.0001500760283427049	3.84015276336761e-7
347.	0.00019737570086394746	5.045409509739383e-7
348.	0.00024118167196395635	6.160063460933681e-7
349.	0.0002801318805252186	7.147103427503324e-7
350.	0.00031471127779271967	8.023663057999487e-7
351.	0.00034562371449900443	8.802697952001397e-7
352.	0.0003734369112828013	9.504312502923016e-7
353.	0.000398660799119648	1.0133567931030909e-6
354.	0.0004216582329367523	1.0704562043456957e-6
355.	0.00044269911374732835	1.1228225524902937e-6
356.	0.000462027366983392	1.1710994051797857e-6
357.	0.00047984619247628364	1.2150336815162608e-6
358.	0.0004962726011909294	1.2546966450631195e-6
359.	0.0005115182656930512	1.2918668991505059e-6
360.	0.0005256626270042677	1.3262751552201734e-6
361.	0.000538803278294548	1.3581569762288183e-6
362.	0.0005510218879684768	1.387884612981602e-6
363.	0.0005624395721260097	1.4155548064348477e-6
364.	0.0005730036932773187	1.4406103869308356e-6
365.	0.0005828550198748391	1.4640971506347749e-6
366.	0.0005920166341688674	1.4859369832592019e-6
367.	0.0006005464856745519	1.5061040123810907e-6
368.	0.0006085076440360499	1.5248700927652362e-6
369.	0.000615919923059268	1.5422614648039234e-6
370.	0.000622813881674217	1.5583785981856422e-6
371.	0.0006292161602712105	1.5726884113420071e-6
372.	0.0006351814008903544	1.586393593433064e-6
373.	0.000640714106899742	1.5992206978438797e-6
374.	0.0006458326261765882	1.6105445557952282e-6
375.	0.0006505689973353659	1.621005260228753e-6
376.	0.0006549262883479422	1.6309485152074246e-6
377.	0.0006589341043684729	1.6394234750008894e-6
378.	0.0006626128499316062	1.6472637789205558e-6
379.	0.0006659952296295517	1.6538273835975454e-6
380.	0.0006690943712494102	1.6601231381944276e-6