310.	4.313519266171171e-7	4.241429355157097e-8
310.25	4.317123869437982e-7	4.23843655546693e-8
310.5	4.320584705308591e-7	4.2354996618099784e-8
310.75	4.324031995089659e-7	4.232753654431789e-8
311.	4.3275274272379495e-7	4.230056702942041e-8
311.25	4.329041092969857e-7	4.227627163838148e-8
311.5	4.333335956988277e-7	4.2251750394636614e-8
311.75	4.3362584990502323e-7	4.222938867255041e-8
312.	4.3401706607466724e-7	4.220795457542867e-8
312.25	4.3459217857720784e-7	4.218568150013425e-8
312.5	4.350139911555897e-7	4.216652665431672e-8
312.75	4.3525352352314444e-7	4.215214049845646e-8
313.	4.3567907426960595e-7	4.213593621804071e-8
313.25	4.3631609944313345e-7	4.211950271773657e-8
313.5	4.3682171921356216e-7	4.210601166255402e-8
313.75	4.372581302943301e-7	4.209388608361234e-8
314.	4.377451257917144e-7	4.208285828802318e-8
314.25	4.3824659449790897e-7	4.2072957449763125e-8
314.5	4.3872868788270125e-7	4.206738718237838e-8
314.75	4.3922958668035235e-7	4.206072883451298e-8
315.	4.3957806366924463e-7	4.205592784308816e-8
315.25	4.4013072290378197e-7	4.205098135957278e-8
315.5	4.408293606150527e-7	4.2047946305848195e-8
315.75	4.4142540798822076e-7	4.2046068274204106e-8
316.	4.4185637655169527e-7	4.2046786871147886e-8
316.25	4.4231563379562106e-7	4.2049989510780226e-8
316.5	4.429598843532112e-7	4.205304245339494e-8
316.75	4.435125700499119e-7	4.205626128811142e-8
317.	4.4419250579425214e-7	4.206273925638699e-8
317.25	4.448693096884236e-7	4.2072115606593925e-8
317.5	4.4573079274795267e-7	4.208170745477513e-8
317.75	4.464177884071952e-7	4.20926044327352e-8
318.	4.471283798913964e-7	4.210571177992855e-8
318.25	4.477642893754191e-7	4.2121219967242305e-8
318.5	4.4868305405807145e-7	4.2138494185095686e-8
318.75	4.4954749809206145e-7	4.216587800105095e-8
319.	4.503270430080316e-7	4.2182713126955905e-8
319.25	4.511584035073468e-7	4.2205503566232345e-8
319.5	4.518658945741756e-7	4.223018460054586e-8
319.75	4.527260065499242e-7	4.225695203777091e-8
320.	4.535948195438821e-7	4.228658437756968e-8
320.25	4.5453974045716057e-7	4.231651013185868e-8
320.5	4.555553119647605e-7	4.2349209943075037e-8
320.75	4.567024748814487e-7	4.2386886601988795e-8
321.	4.5769147277016943e-7	4.242419474863028e-8
321.25	4.5876097772724053e-7	4.24613234150979e-8
321.5	4.5981265164857114e-7	4.250247222118549e-8
321.75	4.6087104168470156e-7	4.254545153547238e-8
322.	4.619595274358145e-7	4.2592826212073803e-8
322.25	4.6307013682607904e-7	4.264113032420263e-8
322.5	4.6434534310083916e-7	4.269249915324403e-8
322.75	4.655265603312135e-7	4.2745932136780875e-8
323.	4.6683673485552564e-7	4.280130531052826e-8
323.25	4.680832862324216e-7	4.285990284883481e-8
323.5	4.6944950688968224e-7	4.2920942692652946e-8
323.75	4.707964978618751e-7	4.298535868849754e-8
324.	4.7207974707973996e-7	4.3054216360431166e-8
324.25	4.7347938727767035e-7	4.312504048435425e-8
324.5	4.7488410405443837e-7	4.319878495370017e-8
324.75	4.762754374481235e-7	4.327468434111472e-8
325.	4.779130125268573e-7	4.335749864229218e-8
325.25	4.794118864354428e-7	4.344120504019486e-8
325.5	4.808579101114936e-7	4.352436452935007e-8
325.75	4.824616130259239e-7	4.361287346443713e-8
326.	4.841377894351835e-7	4.37069591235037e-8
326.25	4.857822799465538e-7	4.3804907920691615e-8
326.5	4.875114364402057e-7	4.3906629544269446e-8
326.75	4.892667510461077e-7	4.401056751004214e-8
327.	4.911090516652157e-7	4.412044914966086e-8
327.25	4.93191496610969e-7	4.423452131115902e-8
327.5	4.9510948908167e-7	4.435265355886137e-8
327.75	4.971097679875292e-7	4.4474000462798505e-8
328.	4.991667946458757e-7	4.460337236002578e-8
328.25	5.012340594783007e-7	4.473395644410996e-8
328.5	5.034235431081711e-7	4.487170713144034e-8
328.75	5.056743000378611e-7	4.501233150834672e-8
329.	5.079144304750356e-7	4.5158227467450686e-8
329.25	5.102610808445125e-7	4.530968290149188e-8
329.5	5.127337088800319e-7	4.5468104589509164e-8
329.75	5.152599616245197e-7	4.563052542415609e-8
330.	5.178434469808315e-7	4.579641360453679e-8
330.25	5.204724307947331e-7	4.5971075339799644e-8
330.5	5.232103381189304e-7	4.6152398464455015e-8
330.75	5.260430184790052e-7	4.634256779269591e-8
331.	5.289007705334848e-7	4.6538100255384584e-8
331.25	5.318665020208766e-7	4.674060767061692e-8
331.5	5.348216693055201e-7	4.6939462251005e-8
331.75	5.379348736800947e-7	4.7158150195444355e-8
332.	5.414410917551952e-7	4.7395296820502416e-8
332.25	5.448167176490769e-7	4.763153780093646e-8
332.5	5.483425310682349e-7	4.787730998586041e-8
332.75	5.519026117851901e-7	4.813244119612486e-8
333.	5.556089117478505e-7	4.839785851492025e-8
333.25	5.594463902673991e-7	4.867303913049646e-8
333.5	5.634216779702772e-7	4.895929082963694e-8
333.75	5.669265629882057e-7	4.9254593101704754e-8
334.	5.711747760729812e-7	4.9565568102746556e-8
334.25	5.755980902214234e-7	4.989082758394739e-8
334.5	5.801858216818464e-7	5.022813654271082e-8
334.75	5.848862570790358e-7	5.057219101853164e-8
335.	5.899673387386648e-7	5.093946094814276e-8
335.25	5.952301979364018e-7	5.132321050801904e-8
335.5	6.005714762753111e-7	5.17237352776649e-8
335.75	6.06009878753701e-7	5.2137347262974415e-8
336.	6.118002324094442e-7	5.257530014394813e-8
336.25	6.178802887880152e-7	5.3033481529053014e-8
336.5	6.242200655863588e-7	5.351381878348378e-8
336.75	6.308439974310143e-7	5.4017792893235836e-8
337.	6.378612927874022e-7	5.4547312328275936e-8
337.25	6.450011537766621e-7	5.510365612721372e-8
337.5	6.52634428105865e-7	5.568878203771285e-8
337.75	6.606175477910643e-7	5.630505440674626e-8
338.	6.690189340878149e-7	5.695523408744643e-8
338.25	6.778590527649168e-7	5.764203758141763e-8
338.5	6.872336335187328e-7	5.836614816849308e-8
338.75	6.969751485731762e-7	5.9135821062498485e-8
339.	7.074716437122492e-7	5.99519772818701e-8
339.25	7.185290250710822e-7	6.081870961988682e-8
339.5	7.302662076206528e-7	6.174364318953065e-8
339.75	7.428909437738257e-7	6.27303641794231e-8
340.	7.562571859826947e-7	6.37863624589232e-8
340.25	7.703341573033213e-7	6.490469592019243e-8
340.5	7.856300728348171e-7	6.612039884951613e-8
340.75	8.024080702238029e-7	6.744587443616467e-8
341.	8.199384842822787e-7	6.885327657544279e-8
341.25	8.39268462346913e-7	7.039783463999076e-8
341.5	8.603256156297713e-7	7.208210710309226e-8
341.75	8.83471514848478e-7	7.39404858853486e-8
342.	9.087222169014783e-7	7.597072435022342e-8
342.25	9.36664000215022e-7	7.821771520349853e-8
342.5	9.67742181122741e-7	8.071793113079353e-8
342.75	1.0023111422469172e-6	8.351626631268474e-8
343.	1.0413142090525623e-6	8.667581909732407e-8
343.25	1.0853819294651964e-6	9.024949465191877e-8
343.5	1.1363027282121737e-6	9.435379818489438e-8
343.75	1.1951616647636945e-6	9.910343915247094e-8
344.	1.263286235717403e-6	1.0463826243609645e-7
344.25	1.3430770806197458e-6	1.1112703171384682e-7
344.5	1.4368099124132215e-6	1.1876018576164511e-7
344.75	1.5468064236463643e-6	1.2771562856500438e-7
345.	1.6735878274567375e-6	1.3812749765566013e-7
345.25	1.8191413591477199e-6	1.4995747177694585e-7
345.5	1.980940140464584e-6	1.6305436823525894e-7
345.75	2.154280624268475e-6	1.7712888179019372e-7
346.	2.335795021652573e-6	1.918335287509068e-7
346.25	2.5214786994924923e-6	2.0685684706998897e-7
346.5	2.7079709052931924e-6	2.219133583016279e-7
346.75	2.8931884519812735e-6	2.3682706731591696e-7
347.	3.0755532453717276e-6	2.514752649262312e-7
347.25	3.2532968399038713e-6	2.6578308429566967e-7
347.5	3.4264144823804357e-6	2.797085548407953e-7
347.75	3.595773146233518e-6	2.9321460903984555e-7
348.	3.760653655609871e-6	3.0629418813265454e-7
348.25	3.920613059018807e-6	3.189677419477695e-7
348.5	4.075619159820812e-6	3.3122927246692367e-7
348.75	4.226237725475311e-6	3.4311314417843107e-7
349.	4.372542740500078e-6	3.546072605382309e-7
349.25	4.5144639669492746e-6	3.657112996071814e-7
349.5	4.6524875846152676e-6	3.764932284956336e-7
349.75	4.786734820339637e-6	3.8694319312264914e-7
350.	4.9171801862324445e-6	3.9707381962257825e-7
350.25	5.044141987114673e-6	4.0689681065887415e-7
350.5	5.166824468384773e-6	4.16423124425051e-7
350.75	5.2875322608888886e-6	4.256680168444296e-7
351.	5.403752194030411e-6	4.346676116085369e-7
351.25	5.518142189046644e-6	4.4339836193975446e-7
351.5	5.631256768865835e-6	4.51972383687725e-7
351.75	5.7391179807865855e-6	4.6013480939194174e-7
352.	5.846792967415599e-6	4.682845151365723e-7
352.25	5.950353998138626e-6	4.7610308945614494e-7
352.5	6.05009485918247e-6	4.835424787799646e-7
352.75	6.149112978860397e-6	4.909468156867932e-7
353.	6.248078863972155e-6	4.982337862258901e-7
353.25	6.3414798304350565e-6	5.052559655442314e-7
353.5	6.429873368663695e-6	5.120187497332369e-7
353.75	6.522379732283215e-6	5.188031945788354e-7
354.	6.611874274050588e-6	5.253315351565209e-7
354.25	6.7003904171969315e-6	5.316795711785009e-7
354.5	6.785317760272096e-6	5.378804922881256e-7
354.75	6.868541404876108e-6	5.439337009245189e-7
355.	6.9505240299409405e-6	5.498937552147738e-7
355.25	7.03290452167342e-6	5.556967812515912e-7
355.5	7.111072093198566e-6	5.613300260500395e-7
355.75	7.187380226230087e-6	5.668227504691183e-7
356.	7.263690239486606e-6	5.721779054667645e-7
356.25	7.335306484117496e-6	5.774543472155152e-7
356.5	7.409444462452313e-6	5.825443355038162e-7
356.75	7.481811092780094e-6	5.87502323456757e-7
357.	7.5511090904696045e-6	5.923955719618057e-7
357.25	7.619430488749897e-6	5.971821448877909e-7
357.5	7.686894214977786e-6	6.019322860352368e-7
357.75	7.753206345570944e-6	6.06502108847781e-7
358.	7.814487517677491e-6	6.107532883010286e-7
358.25	7.877878330779344e-6	6.151171306711174e-7
358.5	7.940139537645795e-6	6.193738934072974e-7
358.75	8.00056176139143e-6	6.235422756298462e-7
359.	8.060656711578418e-6	6.276156075480018e-7
359.25	8.11950598943686e-6	6.315911549794496e-7
359.5	8.177225761459738e-6	6.354831361008517e-7
359.75	8.234433854962e-6	6.392627655760233e-7
360.	8.290273357682456e-6	6.429813664385329e-7
360.25	8.34514007719907e-6	6.466200574202748e-7
360.5	8.398876500286544e-6	6.501760812178214e-7
360.75	8.451815119886223e-6	6.536553263694113e-7
361.	8.50476670018038e-6	6.571301682024742e-7
361.25	8.553560417663379e-6	6.60124061581845e-7
361.5	8.603761550465363e-6	6.633913466219292e-7
361.75	8.645766783838013e-6	6.660831521157176e-7
362.	8.69304675291205e-6	6.69206215025567e-7
362.25	8.74703827336494e-6	6.726069060238032e-7
362.5	8.793909215724892e-6	6.755868710449608e-7
362.75	8.839713861161445e-6	6.7854255650893e-7
363.	8.884510525716996e-6	6.813820472050681e-7
363.25	8.929239391129192e-6	6.841545902706699e-7
363.5	8.975049822512176e-6	6.868833802555474e-7
363.75	9.017725696726375e-6	6.895078448963309e-7
364.	9.060048996602453e-6	6.92102848556056e-7
364.25	9.101900764600946e-6	6.946337150977391e-7
364.5	9.14307895648028e-6	6.971108097808461e-7
364.75	9.18268658119949e-6	6.995777843452916e-7
365.	9.223060151435232e-6	7.019502926265588e-7
365.25	9.262230153592736e-6	7.042662477099659e-7
365.5	9.300716277983316e-6	7.065304241679663e-7
365.75	9.33820703013532e-6	7.08740739848392e-7
366.	9.374705318405662e-6	7.109051756762357e-7
366.25	9.410768780516157e-6	7.129926988043456e-7
366.5	9.446664774986685e-6	7.150554382130008e-7
366.75	9.481904567789475e-6	7.170684450436658e-7
367.	9.516535571334482e-6	7.190328154325197e-7
367.25	9.550881074347234e-6	7.20951505730286e-7
367.5	9.5833114306908e-6	7.227743355938966e-7
367.75	9.616319467293081e-6	7.245963188070459e-7
368.	9.648825081812666e-6	7.263755720896005e-7
368.25	9.684531551030474e-6	7.281894259111081e-7
368.5	9.716145789199645e-6	7.298832007173886e-7
368.75	9.746894176603649e-6	7.315418563644818e-7
369.	9.777488327022031e-6	7.33160034807096e-7
369.25	9.807696991860321e-6	7.34760279719241e-7
369.5	9.840320978511185e-6	7.363346405523074e-7
369.75	9.869460442197328e-6	7.378234909202159e-7
370.	9.897916778844748e-6	7.392800467465944e-7
370.25	9.932762634280238e-6	7.406494006703848e-7
370.5	9.960359505581269e-6	7.420340322239885e-7
370.75	9.987054278333441e-6	7.433830518688226e-7
371.	0.000010013583502270113	7.446830087378134e-7
371.25	0.000010039649612977232	7.459433400542911e-7
371.5	0.000010065124276447971	7.471578894295145e-7
371.75	0.00001009312820451041	7.483502557661762e-7
372.	0.000010117635277058189	7.495015980899031e-7
372.25	0.000010141928464916891	7.506243762070618e-7
372.5	0.000010165230637468339	7.517060852796101e-7
372.75	0.000010188712849213031	7.527702362504986e-7
373.	0.000010211317033415965	7.537597863596769e-7
373.25	0.000010233699622574006	7.547633023237379e-7
373.5	0.000010252632386176175	7.555876298398761e-7
373.75	0.000010274607747447501	7.565267834773234e-7
374.	0.000010295845988917375	7.574365977371864e-7
374.25	0.000010268403644619527	7.586102871803833e-7
374.5	0.000010289075255756197	7.594643023058262e-7
374.75	0.000010309084860718886	7.602948961421635e-7
375.	0.000010329510443682831	7.610257745485235e-7
375.25	0.000010349539932606499	7.617887415668849e-7
375.5	0.000010367569005302447	7.625243205942869e-7
375.75	0.000010386851998386572	7.633169384864219e-7
376.	0.000010395725038472905	7.638894917720834e-7
376.25	0.00001041236312780591	7.64536019157129e-7
376.5	0.000010429877276696223	7.651763999811981e-7
376.75	0.000010448022033609103	7.657875871500827e-7
377.	0.000010464898099438478	7.663787230530647e-7
377.25	0.000010484150930017067	7.669483859267827e-7
377.5	0.000010500371472627558	7.674925613301011e-7
377.75	0.000010516581077655301	7.680041946013884e-7
378.	0.000010532220068212504	7.684998443026118e-7
378.25	0.000010546586926434517	7.689758766625716e-7
378.5	0.000010561714932756479	7.694306777262458e-7
378.75	0.000010576006344292323	7.698690973941754e-7
379.	0.000010591438853360011	7.703497314706749e-7
379.25	0.000010605200425376766	7.707412988556624e-7
379.5	0.000010618954775367101	7.711071170927798e-7
379.75	0.000010632698121699866	7.714540762771962e-7
380.	0.00001064584044540917	7.717809855318446e-7