310.	5.143600321963123e-8	3.536387295284974e-11
311.	5.1869120101674445e-8	3.5674172403128154e-11
312.	5.2352738681793874e-8	3.601815050760835e-11
313.	5.289146939427392e-8	3.639198088723106e-11
314.	5.3490947084812647e-8	3.681590379490805e-11
315.	5.415733049162555e-8	3.7280801418986176e-11
316.	5.4897807611333014e-8	3.77998557382529e-11
317.	5.572085762546025e-8	3.83792469852677e-11
318.	5.6636508237052614e-8	3.900663798919532e-11
319.	5.765606251642246e-8	3.9721062200169965e-11
320.	5.879329687746214e-8	4.051564909276774e-11
321.	6.006496091275715e-8	4.140824547100199e-11
322.	6.149075415639808e-8	4.240470347122571e-11
323.	6.30946844460484e-8	4.35186045810276e-11
324.	6.490673125607336e-8	4.4790326885560457e-11
325.	6.696317968287974e-8	4.621904624236125e-11
326.	6.931050537594642e-8	4.7851151036589624e-11
327.	7.20076044017537e-8	4.9729360063468164e-11
328.	7.513035712156639e-8	5.1904337297547167e-11
329.	7.877908236706513e-8	5.444546065154879e-11
330.	8.308787653422582e-8	5.744342150573943e-11
331.	8.824053212889308e-8	6.103156888007276e-11
332.	9.449732409441609e-8	6.538195314378552e-11
333.	1.0223439345252858e-7	7.075999069775826e-11
334.	1.1201793277078195e-7	7.756082595143904e-11
335.	1.2473814117392736e-7	8.642048171755758e-11
336.	1.418679958027176e-7	9.832341939467281e-11
337.	1.6600780687873456e-7	1.150928657270748e-10
338.	2.0213396650346877e-7	1.4016779858057494e-10
339.	2.607898131158288e-7	1.809231909289315e-10
340.	3.6724222801466593e-7	2.548640394201888e-10
341.	5.893345842454185e-7	4.091144117677558e-10
342.	1.0744980158977242e-6	7.461661578031136e-10
343.	1.4959171901577807e-6	1.039245252189507e-9
344.	1.2969989425630495e-6	9.012439714931344e-10
345.	1.2378658005798109e-6	8.604461745968893e-10
346.	1.2149274512982578e-6	8.446978143042058e-10
347.	1.2086125206020639e-6	8.405665270759423e-10
348.	1.2104609362346007e-6	8.421582689750776e-10
349.	1.2150008525680202e-6	8.456113162542222e-10
350.	1.2202292907884851e-6	8.494891821672822e-10
351.	1.2253934017243077e-6	8.533398201070143e-10
352.	1.2301859758399322e-6	8.56979036768614e-10
353.	1.2344801027668098e-6	8.602144216013954e-10
354.	1.238224609147443e-6	8.630827593279769e-10
355.	1.2414134239107082e-6	8.656150132547465e-10
356.	1.244054410371978e-6	8.677604813624206e-10
357.	1.2461654108004736e-6	8.695558074054145e-10
358.	1.2477718102618403e-6	8.709604949580457e-10
359.	1.2488965870686597e-6	8.719438316496537e-10
360.	1.2495679084982389e-6	8.726996778832697e-10
361.	1.2498107935234075e-6	8.731791277599684e-10
362.	1.2496497570107703e-6	8.73370877137449e-10
363.	1.2491085041529392e-6	8.732983646008963e-10
364.	1.248213449202468e-6	8.727858006788622e-10
365.	1.2469785903562054e-6	8.722280787756695e-10
366.	1.2454312791557616e-6	8.713681478552202e-10
367.	1.2435833043686135e-6	8.702701250532339e-10
368.	1.2414544888487695e-6	8.690787212853133e-10
369.	1.2390645913022037e-6	8.67703970939939e-10
370.	1.2364275794195195e-6	8.662025496852073e-10
371.	1.2335584842312863e-6	8.645000159470483e-10
372.	1.2304721085411915e-6	8.626220382463066e-10
373.	1.2271800738006989e-6	8.606041896990262e-10
374.	1.22369346824322e-6	8.584963043848311e-10
375.	1.2200281960963635e-6	8.562276202759705e-10
376.	1.2161915771577946e-6	8.538808401245156e-10
377.	1.2121968652323358e-6	8.513693352498976e-10
378.	1.2080520384594938e-6	8.487580746311613e-10
379.	1.2037667972981325e-6	8.460307335910745e-10
380.	1.1993486627739266e-6	8.431916714975227e-10