310.	1.69202905267676e-8	1.163194128753919e-11
311.	1.704947604742605e-8	1.1722712143016241e-11
312.	1.7195058119552716e-8	1.1825827103695907e-11
313.	1.7358590985839e-8	1.1942034925924454e-11
314.	1.7541781160410112e-8	1.207125089395049e-11
315.	1.774662895818122e-8	1.2212405509436215e-11
316.	1.7975462752287573e-8	1.2374014901853528e-11
317.	1.8230986603017554e-8	1.2553510386869217e-11
318.	1.8516395794646278e-8	1.2754273163158845e-11
319.	1.8835344767640834e-8	1.2977492210420467e-11
320.	1.9192344467264698e-8	1.3224344657087605e-11
321.	1.9592620052523984e-8	1.3504691346885061e-11
322.	2.0042530086634323e-8	1.3819320754413472e-11
323.	2.0549869795678448e-8	1.4173359770204412e-11
324.	2.1124134628470234e-8	1.4572883166012155e-11
325.	2.177710783283965e-8	1.5027447245110807e-11
326.	2.2523664824058875e-8	1.5547539040292984e-11
327.	2.3382673199202856e-8	1.6148934738067016e-11
328.	2.437860066440881e-8	1.6842128359070594e-11
329.	2.554359913502341e-8	1.7652791748732843e-11
330.	2.6920713394735844e-8	1.861104391018856e-11
331.	2.856925613218295e-8	1.9757154701659674e-11
332.	3.057249194173883e-8	2.1149781272420492e-11
333.	3.3051358908594036e-8	2.287249058071157e-11
334.	3.618795236217556e-8	2.504677196519697e-11
335.	4.026799964224195e-8	2.7883564082843965e-11
336.	4.57645706695543e-8	3.169946346834351e-11
337.	5.3512878556791025e-8	3.7079089949393356e-11
338.	6.511092840482621e-8	4.511976273562264e-11
339.	8.3944366428105e-8	5.818744352765976e-11
340.	1.181247500239933e-7	8.190601607231383e-11
341.	1.8942595268286394e-7	1.313944086711984e-10
342.	3.451211328938737e-7	2.3945227795709514e-10
343.	4.801349592805865e-7	3.3325253761410517e-10
344.	4.159947504347789e-7	2.8879713957918955e-10
345.	3.967471872212684e-7	2.7551988957963144e-10
346.	3.891198279822162e-7	2.7030580640342657e-10
347.	3.8682386435556374e-7	2.688013673215428e-10
348.	3.87142400847259e-7	2.6910675150960706e-10
349.	3.883210497862391e-7	2.700154072389524e-10
350.	3.89718304512131e-7	2.7107639758311225e-10
351.	3.910938664409428e-7	2.7212105054213553e-10
352.	3.923494087091084e-7	2.730792857352519e-10
353.	3.9344161153029554e-7	2.7391041606471786e-10
354.	3.9436121423465735e-7	2.7461566432683887e-10
355.	3.951027939632133e-7	2.752276194916357e-10
356.	3.956696570958912e-7	2.757142287980356e-10
357.	3.9606741076068493e-7	2.7605732303370266e-10
358.	3.963053239395967e-7	2.7630929462919914e-10
359.	3.9639128597956816e-7	2.7645558572625183e-10
360.	3.9633320790524914e-7	2.765058079674161e-10
361.	3.961397760163474e-7	2.764613069249902e-10
362.	3.9581919719783344e-7	2.763265986156346e-10
363.	3.9537902543568145e-7	2.7611710359658614e-10
364.	3.9482764462474913e-7	2.758246202461615e-10
365.	3.941705871635708e-7	2.75455550315893e-10
366.	3.9341424627788194e-7	2.7499774639790956e-10
367.	3.925663750728757e-7	2.744883470246175e-10
368.	3.916316324683281e-7	2.739272088751692e-10
369.	3.906158944988037e-7	2.73305755475929e-10
370.	3.895244493870059e-7	2.726283606398791e-10
371.	3.883618850993242e-7	2.7189579275215953e-10
372.	3.871324177317632e-7	2.71117345909303e-10
373.	3.8584161440209633e-7	2.703204215034704e-10
374.	3.8449132007404026e-7	2.69439765369124e-10
375.	3.830862000488931e-7	2.6847324574180894e-10
376.	3.816303136736577e-7	2.6753913432628193e-10
377.	3.8012820942516514e-7	2.6654103383785756e-10
378.	3.785800901102137e-7	2.655377496010323e-10
379.	3.7699047586803954e-7	2.645120467683553e-10
380.	3.7536216023446337e-7	2.6345533947184354e-10