310.	3.760849732502415e-8	2.5845427724580348e-11
311.	3.791622515289141e-8	2.606473994221823e-11
312.	3.826070397158221e-8	2.6308321520175647e-11
313.	3.864542032459424e-8	2.6578857634560863e-11
314.	3.907429325711096e-8	2.6882735397331112e-11
315.	3.955187282040881e-8	2.7220850103991438e-11
316.	4.0083375200783045e-8	2.759541819799633e-11
317.	4.067492510081526e-8	2.801260460064311e-11
318.	4.1333669347099155e-8	2.847436070347134e-11
319.	4.206804367603128e-8	2.8989888610586505e-11
320.	4.288805021109712e-8	2.9564862959943244e-11
321.	4.380561933424859e-8	3.021140269830215e-11
322.	4.4835202822007077e-8	3.093112885203204e-11
323.	4.5994368185805365e-8	3.174588356611375e-11
324.	4.7304440747863335e-8	3.266114617764782e-11
325.	4.8792199193840147e-8	3.370499860435405e-11
326.	5.0491184189186064e-8	3.4890747014352786e-11
327.	5.244401537720531e-8	3.624616307091604e-11
328.	5.470614549208542e-8	3.782100274033833e-11
329.	5.734997890709273e-8	3.9651664449568396e-11
330.	6.04730625814485e-8	4.182678270822743e-11
331.	6.420946692928869e-8	4.442632798290535e-11
332.	6.874706761028608e-8	4.758478546055766e-11
333.	7.435922905978891e-8	5.1487359893033006e-11
334.	8.145714717107542e-8	5.642090799507306e-11
335.	9.068710395771927e-8	6.283841689716595e-11
336.	1.0311815702846261e-7	7.147672711764917e-11
337.	1.2063787912910173e-7	8.365102180839735e-11
338.	1.468587866362279e-7	1.0186649008659702e-10
339.	1.8943331581582858e-7	1.3144446448923342e-10
340.	2.667001847216604e-7	1.851257099889196e-10
341.	4.278966312232945e-7	2.9712947376227375e-10
342.	7.7998807354551e-7	5.418120829898745e-10
343.	1.085664004468905e-6	7.542562121402283e-10
344.	9.411019827866899e-7	6.540457765601023e-10
345.	8.98002561543788e-7	6.243053561971348e-10
346.	8.811726793454659e-7	6.128079991019442e-10
347.	8.764003786263196e-7	6.097028475323756e-10
348.	8.775543313362604e-7	6.106710748276158e-10
349.	8.806575346082423e-7	6.129647919988902e-10
350.	8.842597743486343e-7	6.156958099250685e-10
351.	8.878152200130077e-7	6.18357858477803e-10
352.	8.91099093581952e-7	6.20857431061369e-10
353.	8.940194051614241e-7	6.230358856777921e-10
354.	8.965443729566033e-7	6.249624235741413e-10
355.	8.986627680718434e-7	6.265826396878594e-10
356.	9.00385173834098e-7	6.279926182394906e-10
357.	9.017248138756785e-7	6.290830640476614e-10
358.	9.026956949870699e-7	6.299570224669832e-10
359.	9.033225635704048e-7	6.306134355047946e-10
360.	9.036211361679504e-7	6.310393580011169e-10
361.	9.036107706976443e-7	6.312233093693176e-10
362.	9.033080777353054e-7	6.312310238891453e-10
363.	9.027308135319388e-7	6.310520879074086e-10
364.	9.018957673851323e-7	6.306339443185098e-10
365.	9.00819108481724e-7	6.300912860496032e-10
366.	8.995144773248667e-7	6.293923351253576e-10
367.	8.980003057252061e-7	6.284479966863741e-10
368.	8.962832205787029e-7	6.275199102825154e-10
369.	8.943794860491886e-7	6.263491160034987e-10
370.	8.922953668418464e-7	6.251086567776479e-10
371.	8.900449724916319e-7	6.237372976554486e-10
372.	8.876387801766217e-7	6.222948624776103e-10
373.	8.850863468412474e-7	6.205701013241916e-10
374.	8.823945368951877e-7	6.188489498057233e-10
375.	8.795764380510051e-7	6.170472090654042e-10
376.	8.766366901827765e-7	6.152011928446559e-10
377.	8.735826812025715e-7	6.133012111553728e-10
378.	8.704229976217163e-7	6.112926930962065e-10
379.	8.671636107158038e-7	6.092137374895016e-10
380.	8.638109720629109e-7	6.070675905611659e-10