310.	0.00006307941592214653	1.862109112323946e-8
310.25	0.00006306030667125836	1.861572893879017e-8
310.5	0.00006304283203016143	1.8610533587275352e-8
310.75	0.00006302706652823853	1.8606188266219628e-8
311.	0.00006301303044192123	1.8602587117602225e-8
311.25	0.00006300075660325157	1.8599989474776728e-8
311.5	0.00006299023776355153	1.8595137623506815e-8
311.75	0.00006298151141329	1.859332063156126e-8
312.	0.00006297461416486585	1.8596803347609283e-8
312.25	0.00006296954153935795	1.8595655709096953e-8
312.5	0.00006296621921807019	1.857262059395075e-8
312.75	0.00006296487029379303	1.857258541475255e-8
313.	0.00006296548887520539	1.8578626008620192e-8
313.25	0.00006296801557851071	1.8580220046560596e-8
313.5	0.00006297250145356471	1.8581419827994026e-8
313.75	0.00006297900329562902	1.8584318615846728e-8
314.	0.00006298747079965856	1.8586621214851923e-8
314.25	0.00006299804255950792	1.85878305900061e-8
314.5	0.00006301070868695722	1.859358349273238e-8
314.75	0.00006302549017638536	1.8600546322685506e-8
315.	0.00006304239506965697	1.8608529087283228e-8
315.25	0.00006306157979799095	1.8637606438977387e-8
315.5	0.00006308288647493301	1.8643986600018298e-8
315.75	0.0000631064351074176	1.8650771811445026e-8
316.	0.00006313226848459498	1.865828399365984e-8
316.25	0.00006316042947831733	1.8666785758125284e-8
316.5	0.00006319095565546693	1.86754874749587e-8
316.75	0.00006322389407786353	1.8685602962871146e-8
317.	0.00006325920036549997	1.869345189881786e-8
317.25	0.0000632970815165459	1.869967136590388e-8
317.5	0.00006333749208902101	1.8712219377572526e-8
317.75	0.00006338051871925876	1.8719409889399327e-8
318.	0.00006342621550913861	1.8729411733619762e-8
318.25	0.00006347451629291156	1.8744541021102588e-8
318.5	0.00006352554981057947	1.875959149738657e-8
318.75	0.00006357936365058952	1.8775735356067227e-8
319.	0.00006363598145439246	1.8794021009347865e-8
319.25	0.00006369553931454821	1.8813257802767664e-8
319.5	0.00006375804090454891	1.8832464382236265e-8
319.75	0.00006382355993529621	1.8852413587130547e-8
320.	0.00006389213749528532	1.887377364969761e-8
320.25	0.00006396386024550926	1.8897818401583422e-8
320.5	0.00006403879290652229	1.8919255199724517e-8
320.75	0.00006411700470844663	1.8942149210305426e-8
321.	0.00006419857919013675	1.8967670817853095e-8
321.25	0.00006428353525792764	1.8996213467509276e-8
321.5	0.00006437201028010087	1.900039778806772e-8
321.75	0.00006446405065629159	1.9025751140254254e-8
322.	0.00006455972629523617	1.905302291776578e-8
322.25	0.00006465922846211466	1.9081946480222035e-8
322.5	0.00006476255277433077	1.9112722979372066e-8
322.75	0.0000648696169026068	1.913911393291856e-8
323.	0.00006498091097711192	1.917343263147831e-8
323.25	0.0000650963253431993	1.9203746940881732e-8
323.5	0.00006521593941634241	1.9254065594526178e-8
323.75	0.00006533995484939265	1.9290816730388647e-8
324.	0.00006546843514942911	1.932935561576077e-8
324.25	0.0000656015060562332	1.9368781337556903e-8
324.5	0.0000657393170297207	1.9411574721694377e-8
324.75	0.00006588194585479003	1.9452827181870888e-8
325.	0.00006602951484021869	1.949339610121916e-8
325.25	0.00006618229003333677	1.953637323726678e-8
325.5	0.00006634024938791981	1.9583416227124782e-8
325.75	0.00006650362186165058	1.96281586453817e-8
326.	0.00006667256634770306	1.967571434607714e-8
326.25	0.00006684725172416574	1.9727984823198457e-8
326.5	0.00006702786362105712	1.9780672232901474e-8
326.75	0.00006721458049515575	1.9829709028149095e-8
327.	0.00006740759114148513	1.9885924915993472e-8
327.25	0.00006760710075107708	1.994389818233232e-8
327.5	0.000067813308842492	2.000145584585891e-8
327.75	0.00006802646134856469	2.0063592030512703e-8
328.	0.00006824675843446104	2.0126806181981392e-8
328.25	0.00006847450055069442	2.019371452782678e-8
328.5	0.00006870986489796258	2.0254228367230973e-8
328.75	0.00006895317234707189	2.0313838853959212e-8
329.	0.00006920471138521915	2.0390653265348703e-8
329.25	0.00006946478527947355	2.0466752760886875e-8
329.5	0.00006973369002888258	2.0541568411976666e-8
329.75	0.00007001177838056784	2.0631464934180207e-8
330.	0.000070299378298702	2.0719704228347425e-8
330.25	0.00007059689559268663	2.0803576322982374e-8
330.5	0.00007090469376956786	2.0893978858682083e-8
330.75	0.00007122323076015954	2.0990308252042886e-8
331.	0.00007155289973886075	2.107375221999216e-8
331.25	0.00007189419117195264	2.1173154968500536e-8
331.5	0.0000722477542352939	2.127113918609893e-8
331.75	0.00007261382076896595	2.1377797073125482e-8
332.	0.00007299313286442585	2.149003802034226e-8
332.25	0.00007338627720689262	2.159726871813041e-8
332.5	0.00007379385817687447	2.171707581453887e-8
332.75	0.0000742165629062641	2.1838220683622167e-8
333.	0.0000746551556146176	2.1967591983688525e-8
333.25	0.00007511040617880033	2.2101204871698295e-8
333.5	0.00007558315453909437	2.224008491550461e-8
333.75	0.00007607436991860739	2.2384917559234966e-8
334.	0.00007658484825283475	2.25324364005967e-8
334.25	0.00007711573470096616	2.268784461253891e-8
334.5	0.0000776681380535934	2.284991936837921e-8
334.75	0.00007824318948989183	2.2983449011727468e-8
335.	0.00007884239107885286	2.3161788041252696e-8
335.25	0.0000794670184404463	2.3345103559058336e-8
335.5	0.00008011865961963864	2.3538034958528506e-8
335.75	0.00008079895929302079	2.3741211091241587e-8
336.	0.00008150972593802103	2.3951128491983475e-8
336.25	0.0000822529650740172	2.4168943552526104e-8
336.5	0.0000830308500124897	2.439720795695708e-8
336.75	0.0000838457690856051	2.4636340898005874e-8
337.	0.00008470035166104158	2.488703768542705e-8
337.25	0.00008559748200477785	2.5150182589652168e-8
337.5	0.00008654035055457602	2.54265012740371e-8
337.75	0.00008753250243653089	2.5718444425077683e-8
338.	0.00008857787857831423	2.6025796043668762e-8
338.25	0.00008968083213435783	2.634680341994631e-8
338.5	0.00009084635378024008	2.6689100435943043e-8
338.75	0.00009207992220594305	2.7051382879995034e-8
339.	0.00009338773588250164	2.743556116846493e-8
339.25	0.00009477683255987379	2.7847873617762805e-8
339.5	0.0000962552510074254	2.8283080710876856e-8
339.75	0.00009783210482475031	2.87468462481062e-8
340.	0.00009951799603305068	2.9235993761143865e-8
340.25	0.0001013247920639107	2.9766999100889784e-8
340.5	0.00010326662013872073	3.033530066800725e-8
340.75	0.00010535989049703183	3.0945214902491e-8
341.	0.00010762380404609737	3.1611432793643074e-8
341.25	0.00011008111353233522	3.233391451528478e-8
341.5	0.00011275895686694123	3.311616051207825e-8
341.75	0.00011568975342550358	3.397696693951872e-8
342.	0.00011891289815480425	3.492368958435797e-8
342.25	0.000122476404454718	3.597044637757926e-8
342.5	0.0001264394956859598	3.713465847942366e-8
342.75	0.0001308752333493339	3.843685845670812e-8
343.	0.0001358755948179648	3.991188869268481e-8
343.25	0.00014155635191730648	4.154721265044483e-8
343.5	0.0001480624843562447	4.34595489082585e-8
343.75	0.0001555772977007375	4.5668145947190615e-8
344.	0.00016432755140624117	4.823301518850648e-8
344.25	0.00017458340110798474	5.1240967262019175e-8
344.5	0.00018664427811615207	5.478194400443021e-8
344.75	0.0002007942705168309	5.893707170810201e-8
345.	0.00021722063292915829	6.375875134435442e-8
345.25	0.00023591568613219713	6.924712965259095e-8
345.5	0.0002566233444408429	7.532511013397861e-8
345.75	0.0002788840909222669	8.186211714941625e-8
346.	0.00030215504784695103	8.879199529600858e-8
346.25	0.00032592721811306255	9.576816643806845e-8
346.5	0.0003497917184571706	1.0277542209332471e-7
346.75	0.000373452757041957	1.0972041316814897e-7
347.	0.0003967112538285466	1.1654589440661969e-7
347.25	0.00041944438669109634	1.2322251438777502e-7
347.5	0.00044158092556018444	1.2972301811296263e-7
347.75	0.0004630863677983767	1.360166792530264e-7
348.	0.0004839484177342677	1.4221441725735017e-7
348.25	0.0005041711311889544	1.4811486642910312e-7
348.5	0.0005237674429711896	1.5386513116449484e-7
348.75	0.0005427561076722286	1.5943736323398956e-7
349.	0.0005611585937967147	1.646036518274465e-7
349.25	0.0005789985844984458	1.6980919887680323e-7
349.5	0.0005962994860622497	1.7488285204761933e-7
349.75	0.0006130845583762538	1.797878389894381e-7
350.	0.0006293766492771774	1.8456001152508752e-7
350.25	0.0006451973419395391	1.8917303468910772e-7
350.5	0.0006605678027775925	1.9367308327093593e-7
350.75	0.0006755075791415548	1.9805074559405322e-7
351.	0.0006900353355730748	2.0229907014703636e-7
351.25	0.0007041686211279692	2.0643429079198322e-7
351.5	0.0007179239802705351	2.1044698506483172e-7
351.75	0.0007313170558326546	2.143690559778158e-7
352.	0.0007443624521159187	2.1821454869519827e-7
352.25	0.0007570738573490169	2.2193731339989077e-7
352.5	0.0007694644271303637	2.2561236729893109e-7
352.75	0.0007815459841146181	2.2914981412879752e-7
353.	0.0007933306751420891	2.32588680478492e-7
353.25	0.000804828643240655	2.3592181441662184e-7
353.5	0.0008160505968292857	2.3920632594373763e-7
353.75	0.0008270062470553188	2.424252304276843e-7
354.	0.0008377048689745078	2.456185493934307e-7
354.25	0.0008481544001296994	2.486444802057562e-7
354.5	0.0008583634153495005	2.516272459683066e-7
354.75	0.0008683401031583514	2.545438173813836e-7
355.	0.0008780915985874756	2.573958071542833e-7
355.25	0.0008876247953583721	2.603073749140444e-7
355.5	0.0008969440436644577	2.6271528642136264e-7
355.75	0.0009060605558177207	2.653858605748284e-7
356.	0.0009149787836527785	2.681492422804003e-7
356.25	0.0009237028479933272	2.7072566982595326e-7
356.5	0.00093223909352079	2.732130335599085e-7
356.75	0.0009405939807055494	2.7566714356349803e-7
357.	0.0009487701070365645	2.7807370589434196e-7
357.25	0.0009567738761152096	2.803681162761825e-7
357.5	0.0009646092966291445	2.826608243014866e-7
357.75	0.0009722802551404896	2.8494260656520776e-7
358.	0.0009797924677528997	2.871444917903604e-7
358.25	0.000987149106868275	2.892877233126742e-7
358.5	0.0009943543897574139	2.91402959301467e-7
358.75	0.0010014113890139962	2.934687839328146e-7
359.	0.0010083250270463905	2.95531843553715e-7
359.25	0.0010150977879082323	2.975039842922423e-7
359.5	0.0010217332375500273	2.994490170087922e-7
359.75	0.0010282347190686818	3.0137545749424155e-7
360.	0.0010346041131901252	3.031651201832741e-7
360.25	0.0010408466366761077	3.049835659382983e-7
360.5	0.0010469634003273775	3.067626286242752e-7
360.75	0.0010529576981241416	3.084504956130254e-7
361.	0.0010588330654715949	3.1017557794039693e-7
361.25	0.0010645915286844178	3.1187263851887204e-7
361.5	0.0010702351483042043	3.1353290599293366e-7
361.75	0.0010757664753558648	3.1523102352988756e-7
362.	0.0010811871120734728	3.1724141601575206e-7
362.25	0.001086501680953659	3.1878509371033596e-7
362.5	0.0010917105597359673	3.203228627863335e-7
362.75	0.0010968166296836431	3.2183482778483156e-7
363.	0.0011018218436449597	3.2331796837248766e-7
363.25	0.0011067258998164106	3.247832001845758e-7
363.5	0.0011115350848929682	3.262064565813462e-7
363.75	0.0011162453565737949	3.2758965439288766e-7
364.	0.0011208659090836425	3.2896649581227765e-7
364.25	0.0011253948725171213	3.303228256898134e-7
364.5	0.0011298303575178156	3.315766531860773e-7
364.75	0.001134180926733098	3.327904392977675e-7
365.	0.001138445386253155	3.3404450663484726e-7
365.25	0.001142625178397963	3.3527803312704333e-7
365.5	0.001146723051332721	3.3657930097430104e-7
365.75	0.0011507371880550917	3.377784656560502e-7
366.	0.0011546716309357129	3.389655665791505e-7
366.25	0.0011585275121774618	3.401493433960147e-7
366.5	0.001162305775170508	3.4132432360236483e-7
366.75	0.0011660078878877919	3.4244802143187014e-7
367.	0.0011696352915878821	3.435042841893048e-7
367.25	0.0011731891925614655	3.4457714592960077e-7
367.5	0.0011766708458001995	3.4563019678170577e-7
367.75	0.001180081439367906	3.466640958217599e-7
368.	0.0011834224886017317	3.477184036295897e-7
368.25	0.001186694910998959	3.4856446680316934e-7
368.5	0.001189899890540536	3.495297725013386e-7
368.75	0.0011930388761496385	3.504810209881279e-7
369.	0.0011961108611899475	3.5104706117092224e-7
369.25	0.001199122315010476	3.5186277935134905e-7
369.5	0.0012020682858256812	3.527307072624328e-7
369.75	0.0012049526029292846	3.5356433477733616e-7
370.	0.0012077758375617015	3.544153541542197e-7
370.25	0.0012105389888509897	3.5525508737199886e-7
370.5	0.0012132423639538332	3.5582531954507236e-7
370.75	0.001215887829205113	3.565911070560198e-7
371.	0.0012184779919193146	3.5694013214347666e-7
371.25	0.0012210102286558746	3.5768304489544897e-7
371.5	0.001223486726265054	3.584081583014963e-7
371.75	0.0012259087103485868	3.5912530108003976e-7
372.	0.0012282768590834343	3.598326860170322e-7
372.25	0.0012305920324807392	3.60499988970418e-7
372.5	0.0012328536556822699	3.6112121881658277e-7
372.75	0.0012350653165564133	3.617612562540913e-7
373.	0.001237226251463931	3.623882126054551e-7
373.25	0.0012393372618050807	3.6300164917235575e-7
373.5	0.001241398978479179	3.6360606024869937e-7
373.75	0.0012434128225405122	3.642009958225131e-7
374.	0.0012453788779106716	3.6472901099325584e-7
374.25	0.0012472971161591928	3.653105529838534e-7
374.5	0.0012491697120229086	3.659038697358021e-7
374.75	0.0012509971755538243	3.66425779520916e-7
375.	0.001252779888978709	3.6707588911719304e-7
375.25	0.0012545174476881612	3.675406815705134e-7
375.5	0.0012562121366069738	3.6801610138066087e-7
375.75	0.0012578624150481593	3.692740716794299e-7
376.	0.0012594713677365657	3.7013023101021647e-7
376.25	0.0012610385756846375	3.7069568369672315e-7
376.5	0.001262564522208483	3.7131134988003624e-7
376.75	0.0012640500530488145	3.7181414551573464e-7
377.	0.0012654951522836878	3.7246743902534733e-7
377.25	0.001266900709844747	3.7319428391749915e-7
377.5	0.0012682677906150045	3.7404973766109004e-7
377.75	0.0012695964417836591	3.746730338945196e-7
378.	0.001270886728062104	3.7503686813437635e-7
378.25	0.0012721404689911735	3.755140497459489e-7
378.5	0.0012733574964934689	3.759899278692851e-7
378.75	0.0012745381446404255	3.763139310423662e-7
379.	0.0012756831669708648	3.7664310261103553e-7
379.25	0.0012767929780441822	3.76959851761973e-7
379.5	0.001277867976062721	3.774111201053828e-7
379.75	0.0012789085594385838	3.776704118690849e-7
380.	0.0012799158267610899	3.779444647679143e-7