310.	1.183595783574123e-6	9.877018838452327e-10
311.	1.1902074542242064e-6	9.936977529262655e-10
312.	1.197936403115549e-6	1.0002724492687546e-9
313.	1.2068736546022165e-6	1.0072232565732465e-9
314.	1.2171423521143258e-6	1.016267937089803e-9
315.	1.2288673071066005e-6	1.0266201461713552e-9
316.	1.2421974213013582e-6	1.037714265464868e-9
317.	1.2573144360961792e-6	1.0514407584777113e-9
318.	1.2744274440645838e-6	1.0652650492612715e-9
319.	1.2937832112220577e-6	1.0819676419573388e-9
320.	1.3156679069179305e-6	1.1007785482159643e-9
321.	1.3404313573971962e-6	1.121986644866507e-9
322.	1.368493730391806e-6	1.1462946294683137e-9
323.	1.4003654942551748e-6	1.1736190524774382e-9
324.	1.4366830027767516e-6	1.2048302279978816e-9
325.	1.4782473228339868e-6	1.2401589976154812e-9
326.	1.5260245416011842e-6	1.279665357958113e-9
327.	1.5813367121866503e-6	1.3266231356042922e-9
328.	1.6458515005847844e-6	1.3819524443715152e-9
329.	1.721846470271402e-6	1.446586361732403e-9
330.	1.8124448926566134e-6	1.5231377786978175e-9
331.	1.9221660211700612e-6	1.6159314453541867e-9
332.	2.0579016600615745e-6	1.7305325150304615e-9
333.	2.231042707914527e-6	1.8761912079702528e-9
334.	2.4627215010785336e-6	2.07205269048031e-9
335.	2.7983010821557578e-6	2.355543954092785e-9
336.	3.346447867928213e-6	2.8194937727608727e-9
337.	4.2295963294155305e-6	3.561452066574418e-9
338.	3.3256211210199466e-6	2.8006896103606817e-9
339.	3.0666765039399595e-6	2.581249894953023e-9
340.	8.425999615369295e-6	7.0979941630212356e-9
341.	0.000011934694448729983	1.0048696435290315e-8
342.	0.00002023765881813881	1.705007279814406e-8
343.	0.000031825345023622703	2.682403291230121e-8
344.	0.000025325950232334603	2.1352118071787683e-8
345.	0.00002296205158738327	1.937167711457667e-8
346.	0.000023081992026293856	1.9481124161158918e-8
347.	0.000023159713834375243	1.9557304599975954e-8
348.	0.000023231548967127136	1.9625649420251503e-8
349.	0.000023299020634213293	1.968980288634238e-8
350.	0.000023358550208705466	1.9736776398999986e-8
351.	0.000023407402348807064	1.978583361333071e-8
352.	0.00002344503039236212	1.981888646414023e-8
353.	0.00002347041147618829	1.9848235361558805e-8
354.	0.000023483832260740486	1.9871174803559437e-8
355.	0.00002348587892939546	1.987928274816908e-8
356.	0.000023477000741523456	1.9879946202568862e-8
357.	0.000023457714624759866	1.9863742795629488e-8
358.	0.000023428807395698256	1.984207402590179e-8
359.	0.00002339075899062383	1.981802808570979e-8
360.	0.000023344217747059396	1.9788475475085332e-8
361.	0.000023289737067878828	1.9749957706333735e-8
362.	0.000023227889517143906	1.970368612835816e-8
363.	0.00002315915545346328	1.9653741487160907e-8
364.	0.000023084080558039997	1.959881547988574e-8
365.	0.0000230030449054147	1.9536919034650257e-8
366.	0.00002291627946792848	1.9471749299081507e-8
367.	0.000022824640946643694	1.9400590923377983e-8
368.	0.000022728241347706282	1.9326021173872383e-8
369.	0.000022627193297068112	1.924296430639589e-8
370.	0.00002252237897374347	1.9161347589244416e-8
371.	0.00002241377554149645	1.907509551236662e-8
372.	0.000022301794804510007	1.8981434876481946e-8
373.	0.000022186595061483745	1.8891822292771526e-8
374.	0.000022068331040587093	1.8797806340625523e-8
375.	0.00002194735610514788	1.8702179168774973e-8
376.	0.000021823859554882435	1.8602581611037488e-8
377.	0.00002169801579082049	1.850093641465434e-8
378.	0.000021570148717658507	1.8399599347416857e-8
379.	0.000021440168341466016	1.829862003850227e-8
380.	0.000021308665136686417	1.8198893200009862e-8