310.	5.787400428255383e-6	4.257252716519404e-8
311.	5.843726638271435e-6	4.257994265230704e-8
312.	5.901936745613991e-6	4.2605825496141097e-8
313.	5.962591765234169e-6	4.267918471938071e-8
314.	6.0255846255848584e-6	4.2723747453518005e-8
315.	6.092149039752958e-6	4.281771969339033e-8
316.	6.1610035198929105e-6	4.292070150664912e-8
317.	6.234042769768614e-6	4.306265190975845e-8
318.	6.3107162134777366e-6	4.32610372883485e-8
319.	6.391679867864959e-6	4.345173501996268e-8
320.	6.477140806604496e-6	4.3637794537335795e-8
321.	6.568136419019526e-6	4.389425410120282e-8
322.	6.665235915588547e-6	4.419377037100223e-8
323.	6.768185097187766e-6	4.453119547648373e-8
324.	6.878925384474377e-6	4.492290062660055e-8
325.	6.998621151669663e-6	4.536511654799139e-8
326.	7.127427490346964e-6	4.592259732686522e-8
327.	7.265725533828978e-6	4.642602516021839e-8
328.	7.417012293563111e-6	4.705991936906094e-8
329.	7.582531511306436e-6	4.7768323029458597e-8
330.	7.763835807755866e-6	4.8570674807894805e-8
331.	7.965058332328084e-6	4.948484422812706e-8
332.	8.188684569400829e-6	5.054574004048103e-8
333.	8.440484350690732e-6	5.1730293455404185e-8
334.	8.72478202256765e-6	5.312784740673663e-8
335.	9.050076476733815e-6	5.4780009798299546e-8
336.	9.425299474705683e-6	5.6686352925272906e-8
337.	9.865323060780516e-6	5.896096623031229e-8
338.	0.00001039126283538709	6.16952329619158e-8
339.	0.000011032415863410789	6.50879502314291e-8
340.	0.000011836603257401886	6.940209614969568e-8
341.	0.000012884267572483537	7.508940621611309e-8
342.	0.000014321696770832235	8.297574662917245e-8
343.	0.000016444044224672793	9.471138937538605e-8
344.	0.000019913372923047786	1.1404489756440235e-7
345.	0.00002609672857357654	1.485861850369831e-7
346.	0.00003573464315660543	2.0228990462403605e-7
347.	0.000046608853559089286	2.623859565006861e-7
348.	0.000056890993502260094	3.1845939695256773e-7
349.	0.00006620621205084293	3.6858863292644293e-7
350.	0.00007461232861441825	4.1316012288609297e-7
351.	0.0000822419029595021	4.529053676817261e-7
352.	0.00008920994779962621	4.886785566962956e-7
353.	0.0000956175777703314	5.210009905240154e-7
354.	0.00010154296357573317	5.503728229616476e-7
355.	0.00010705048301664613	5.772508778248593e-7
356.	0.0001121779239289974	6.019167318534653e-7
357.	0.0001169886136698538	6.24564581270297e-7
358.	0.00012150487849817742	6.456836949286569e-7
359.	0.00012574556526819678	6.650131743333785e-7
360.	0.00012974401635328076	6.827992353374712e-7
361.	0.0001335149143651201	6.992265815959447e-7
362.	0.0001370716968315298	7.146507312240863e-7
363.	0.00014044052069977033	7.288514002333481e-7
364.	0.00014362366967297376	7.414956766515504e-7
365.	0.00014664486389395323	7.536139124803638e-7
366.	0.00014951029396325738	7.648813925247e-7
367.	0.00015222348215996603	7.753869200873262e-7
368.	0.0001548117900922346	7.848151746918802e-7
369.	0.00015726379449035498	7.938019447681603e-7
370.	0.0001595966761296437	8.020097138579976e-7
371.	0.00016181531572708426	8.09734007973495e-7
372.	0.00016392215787357315	8.170414429213793e-7
373.	0.0001659280072162521	8.234740655037824e-7
374.	0.00016782338034943502	8.293562269348351e-7
375.	0.0001696330649981968	8.348138705015446e-7
376.	0.00017134502744631965	8.396141144095557e-7
377.	0.0001729772584880541	8.440489105486685e-7
378.	0.00017451585210521948	8.481269353944698e-7
379.	0.00017598076284409717	8.518425131553657e-7
380.	0.00017736964799803403	8.552397113351422e-7