310.	0.00006502319375277487	5.967678148218502e-8
311.	0.00006492806101390278	5.97574159906019e-8
312.	0.00006486133462975643	5.985341413712985e-8
313.	0.00006482478201623902	5.996578987431832e-8
314.	0.00006482021828519915	6.010585526064413e-8
315.	0.00006484882845177131	6.027470344781868e-8
316.	0.00006491424199727967	6.049281674523563e-8
317.	0.00006501711591886716	6.073873414696735e-8
318.	0.00006516116800538105	6.102333873400096e-8
319.	0.00006534881900634427	6.135426335131116e-8
320.	0.00006558352356377213	6.173002082445152e-8
321.	0.00006586985802529066	6.215159483130324e-8
322.	0.00006621175686870299	6.262703652105772e-8
323.	0.00006661483158955446	6.315661398337955e-8
324.	0.00006708529303080113	6.374477893577243e-8
325.	0.00006762934087205899	6.449774631566322e-8
326.	0.00006825744603452994	6.524880619555965e-8
327.	0.00006897918304664427	6.609427794140783e-8
328.	0.00006980649556692838	6.70436961770241e-8
329.	0.00007075466686991636	6.810858354077903e-8
330.	0.00007184092781836693	6.932609622662402e-8
331.	0.00007308777490410356	7.07037679249125e-8
332.	0.00007452402017254603	7.227550205584893e-8
333.	0.00007618432331194814	7.405742221058915e-8
334.	0.00007811519588458868	7.610196103912996e-8
335.	0.00008037786101534806	7.848088379510804e-8
336.	0.00008305417436426056	8.126828076928008e-8
337.	0.0000862600474497042	8.4598305337912e-8
338.	0.00009015672582723566	8.862765317204853e-8
339.	0.00009499239625770509	9.36071045727825e-8
340.	0.00010115104549564369	9.987340599091867e-8
341.	0.0001092879950944286	1.0815610616372225e-7
342.	0.00012058720117140019	1.1960613270005666e-7
343.	0.00013745207129762783	1.366531382245949e-7
344.	0.00016526218861039738	1.6470270657083385e-7
345.	0.00021505428707275045	2.1485010154323544e-7
346.	0.0002923913623513568	2.9284960549952066e-7
347.	0.000378711476917648	3.801680345523097e-7
348.	0.00045912116515066056	4.6185330084950525e-7
349.	0.0005306736801680459	5.349506737330526e-7
350.	0.0005940447111495445	6.001206464882163e-7
351.	0.0006504340047327956	6.583218382191789e-7
352.	0.0007009505239796008	7.107969772804387e-7
353.	0.0007464388062787077	7.586827254210024e-7
354.	0.000787599358064763	8.023599314374551e-7
355.	0.0008250181288529821	8.42383626028032e-7
356.	0.0008591389958577201	8.792240836517407e-7
357.	0.0008903344833683975	9.130557817115137e-7
358.	0.0009189225410143949	9.446897033112095e-7
359.	0.0009451538631238866	9.738390199226256e-7
360.	0.000969261655462645	1.0009407764016867e-6
361.	0.0009914299971052131	1.026049604748962e-6
362.	0.00101183058391026	1.0494335614346835e-6
363.	0.0010306085797882614	1.071196674464017e-6
364.	0.0010478831450056309	1.0915533436405967e-6
365.	0.0010637792446851777	1.1105177314393592e-6
366.	0.001078386680284116	1.128142888205392e-6
367.	0.001091803792277537	1.144677134497068e-6
368.	0.001104111322358114	1.1599866875671133e-6
369.	0.0011153783424054657	1.1743510329249839e-6
370.	0.0011256799329007517	1.1879352857994984e-6
371.	0.00113507733310884	1.200357548902645e-6
372.	0.0011436147209989995	1.2120298978386536e-6
373.	0.0011513487357698805	1.2234915857490788e-6
374.	0.0011583427379710898	1.2333232318252619e-6
375.	0.0011646306280956465	1.242534689841173e-6
376.	0.0011702695524179803	1.250817048472213e-6
377.	0.0011752638375608002	1.2585648316800287e-6
378.	0.0011796779666394283	1.2659207966526246e-6
379.	0.0011835272382295632	1.2726343011454105e-6
380.	0.0011868420488624239	1.2788373671846477e-6