310.	-7.465223301435999e-6	8.259867691413271e-9
310.25	-7.449173638281749e-6	8.276656178324696e-9
310.5	-7.4333668759320124e-6	8.28456536927358e-9
310.75	-7.417795451668809e-6	8.299944526185432e-9
311.	-7.402540242334975e-6	8.315206974668262e-9
311.25	-7.387396036670493e-6	8.335798348124873e-9
311.5	-7.372513988448079e-6	8.355112950615469e-9
311.75	-7.3578108938337e-6	8.37547910066638e-9
312.	-7.343362551073769e-6	8.39268087930384e-9
312.25	-7.329217886088349e-6	8.407414474130168e-9
312.5	-7.3152594298082365e-6	8.41461342701385e-9
312.75	-7.3015390072176485e-6	8.435176550090401e-9
313.	-7.288091745936067e-6	8.455796611126902e-9
313.25	-7.275097219775132e-6	8.47463890216005e-9
313.5	-7.2621674789992715e-6	8.499405281305816e-9
313.75	-7.249463972806309e-6	8.5250386622475e-9
314.	-7.23698325492282e-6	8.551357977388447e-9
314.25	-7.224740358020393e-6	8.575483663464957e-9
314.5	-7.2127657444734305e-6	8.602605375697663e-9
314.75	-7.201001400538196e-6	8.627572657674438e-9
315.	-7.189550550716058e-6	8.650638035405932e-9
315.25	-7.178331776526907e-6	8.670619452263417e-9
315.5	-7.1674208465749175e-6	8.687514119458756e-9
315.75	-7.156738398421293e-6	8.717397062563768e-9
316.	-7.146308846776436e-6	8.734705858175036e-9
316.25	-7.136121947247568e-6	8.744897659454866e-9
316.5	-7.1261951532961e-6	8.764833336318454e-9
316.75	-7.116534668815179e-6	8.785931251951887e-9
317.	-7.107171241072292e-6	8.806913018752708e-9
317.25	-7.09806606797344e-6	8.830095020022766e-9
317.5	-7.089247277878239e-6	8.853685349150888e-9
317.75	-7.080758041943361e-6	8.884010642045793e-9
318.	-7.072533587943998e-6	8.911067417265817e-9
318.25	-7.064592326010339e-6	8.939908229934708e-9
318.5	-7.056971891891833e-6	8.96894813406212e-9
318.75	-7.0496630117982915e-6	8.999278463816133e-9
319.	-7.042646746648818e-6	9.028254147583962e-9
319.25	-7.035800891087545e-6	9.059791152843998e-9
319.5	-7.0294562473971776e-6	9.080678694626119e-9
319.75	-7.0235048651870045e-6	9.116130931539403e-9
320.	-7.017652499497307e-6	9.143288953730919e-9
320.25	-7.01225840479536e-6	9.178291726830525e-9
320.5	-7.007043725390496e-6	9.22484135778621e-9
320.75	-7.0023217760237416e-6	9.259342451508233e-9
321.	-6.998010490412891e-6	9.309597863858732e-9
321.25	-6.993958336087002e-6	9.34796137237995e-9
321.5	-6.990298418688647e-6	9.395026075686158e-9
321.75	-6.987017067107465e-6	9.428938353770042e-9
322.	-6.984137620516834e-6	9.44953985897235e-9
322.25	-6.981860758926767e-6	9.455181184665353e-9
322.5	-6.9797653409220594e-6	9.486543668504791e-9
322.75	-6.978049030211192e-6	9.522780005375549e-9
323.	-6.976778105656514e-6	9.560132381934189e-9
323.25	-6.975866144450732e-6	9.599570870591983e-9
323.5	-6.975375790225139e-6	9.649886284720152e-9
323.75	-6.975324671754807e-6	9.69396873518577e-9
324.	-6.975710322735582e-6	9.736050489919658e-9
324.25	-6.976599113919542e-6	9.778865828423927e-9
324.5	-6.977918213099403e-6	9.822846760139606e-9
324.75	-6.9797183013267096e-6	9.868620801780652e-9
325.	-6.982028815390694e-6	9.910421932423845e-9
325.25	-6.984777271983874e-6	9.956504306475969e-9
325.5	-6.988079474226135e-6	1.0004427681383664e-8
325.75	-6.9919113671017915e-6	1.0042577041145502e-8
326.	-6.9963044666890614e-6	1.0083848535908785e-8
326.25	-7.001295327496678e-6	1.01367311238883e-8
326.5	-7.0067748616583874e-6	1.0186748953066159e-8
326.75	-7.0128245108197765e-6	1.0237712262668902e-8
327.	-7.019431735813902e-6	1.0292574087551211e-8
327.25	-7.026733300669635e-6	1.0345951068252646e-8
327.5	-7.034595747065075e-6	1.0401535606688847e-8
327.75	-7.043130353273683e-6	1.045906563335089e-8
328.	-7.052350360693095e-6	1.051688473403957e-8
328.25	-7.062244824988652e-6	1.0579564482524785e-8
328.5	-7.072902989981425e-6	1.063929495738732e-8
328.75	-7.084198949756078e-6	1.0707123925709474e-8
329.	-7.0963466171473365e-6	1.0776006407143191e-8
329.25	-7.109190340073155e-6	1.0836165094605174e-8
329.5	-7.122893461524113e-6	1.0914886116394495e-8
329.75	-7.137468310583823e-6	1.0981378283608317e-8
330.	-7.152414385463946e-6	1.1084573643769545e-8
330.25	-7.1687696342938015e-6	1.1159323971056763e-8
330.5	-7.186051697991545e-6	1.1236121438911274e-8
330.75	-7.204363013172145e-6	1.1321861961885219e-8
331.	-7.223589107671734e-6	1.1397514610431872e-8
331.25	-7.243966124724801e-6	1.1477430611712526e-8
331.5	-7.2654624916389675e-6	1.1557756109914225e-8
331.75	-7.288066148210808e-6	1.164504838771911e-8
332.	-7.311873475162506e-6	1.1734003157719644e-8
332.25	-7.336930781685386e-6	1.1826301084518433e-8
332.5	-7.363312327069133e-6	1.1918770076937297e-8
332.75	-7.391020584846795e-6	1.2014705539151091e-8
333.	-7.420243434826273e-6	1.2112911049522343e-8
333.25	-7.450879973852267e-6	1.2212529358328406e-8
333.5	-7.483140126844125e-6	1.2315913198090998e-8
333.75	-7.517012658508504e-6	1.2423950901315126e-8
334.	-7.552578542056693e-6	1.2536305631509614e-8
334.25	-7.589970718310302e-6	1.2651204679109194e-8
334.5	-7.629319070748661e-6	1.277097931066474e-8
334.75	-7.67063450959653e-6	1.28991728054841e-8
335.	-7.71411356660199e-6	1.3027153547437836e-8
335.25	-7.759842485127075e-6	1.3159151815322963e-8
335.5	-7.808023524161674e-6	1.3295652688495898e-8
335.75	-7.858739577968708e-6	1.3439079482426114e-8
336.	-7.911817612263205e-6	1.3599453006860739e-8
336.25	-7.968058343075079e-6	1.3756402694033771e-8
336.5	-8.027483731169923e-6	1.3917722932444486e-8
336.75	-8.08999873646491e-6	1.4086020931063184e-8
337.	-8.156057471472139e-6	1.425780991500763e-8
337.25	-8.22583209699318e-6	1.4442789640228233e-8
337.5	-8.2996695148186e-6	1.4633785082511905e-8
337.75	-8.37786409375989e-6	1.4834721235553148e-8
338.	-8.460764114762546e-6	1.5046874566173086e-8
338.25	-8.548694724361318e-6	1.527013687654845e-8
338.5	-8.641415409604089e-6	1.560711921348813e-8
338.75	-8.74071227241464e-6	1.5900325337996508e-8
339.	-8.846610515678993e-6	1.617735924945638e-8
339.25	-8.959834582738867e-6	1.6458231861147807e-8
339.5	-9.080875635024544e-6	1.674616879941054e-8
339.75	-9.210616159207932e-6	1.704280102443787e-8
340.	-9.35059628598399e-6	1.7226010777171206e-8
340.25	-9.500431519568307e-6	1.757939473254489e-8
340.5	-9.662150001747838e-6	1.7958979834720194e-8
340.75	-9.837036947391665e-6	1.8365959919081038e-8
341.	-0.000010026978342489399	1.880388835595541e-8
341.25	-0.000010233830228602867	1.9270888493788804e-8
341.5	-0.000010460058271069901	1.976617949119111e-8
341.75	-0.000010708250965599825	2.0316294409058137e-8
342.	-0.00001098195609940143	2.0915290499224582e-8
342.25	-0.000011285174569259011	2.1573457308808222e-8
342.5	-0.000011623260712914013	2.2313052433021963e-8
342.75	-0.000012001797194191788	2.313452466229576e-8
343.	-0.000012429092341866979	2.405537686809539e-8
343.25	-0.000012914685226913675	2.508973816714525e-8
343.5	-0.000013470516990025793	2.6267391959592477e-8
343.75	-0.00001411262181119204	2.7589500836528098e-8
344.	-0.0000148576109176906	2.9160996247623608e-8
344.25	-0.000015727803693778765	3.099474722912387e-8
344.5	-0.000016746116091883365	3.313913059421683e-8
344.75	-0.000017934114585079653	3.5637592881294186e-8
345.	-0.00001930506515902552	3.8526617890985313e-8
345.25	-0.00002085748620183425	4.180189253901156e-8
345.5	-0.000022570447255058922	4.5426754477475114e-8
345.75	-0.00002440735818580994	4.933128960315238e-8
346.	-0.000026325070602275128	5.343803179122774e-8
346.25	-0.000028281947810318653	5.7648532325910735e-8
346.5	-0.000030244096041332582	6.190712356867411e-8
346.75	-0.000032186055291531634	6.615876703398393e-8
347.	-0.00003409056375458876	7.035816428465469e-8
347.25	-0.00003594727470685591	7.4495984724393e-8
347.5	-0.00003774854444238119	7.854134248408626e-8
347.75	-0.00003949177522318696	8.250408452178825e-8
348.	-0.00004117463414244278	8.63322345339237e-8
348.25	-0.00004279923488223724	9.010618157813069e-8
348.5	-0.00004436510727515807	9.379109853334122e-8
348.75	-0.00004587453456843389	9.738636101429345e-8
349.	-0.00004732926166697628	1.0089071138785607e-7
349.25	-0.000048731807384619303	1.0428071738369847e-7
349.5	-0.000050083399932707056	1.0761674575775043e-7
349.75	-0.00005138668779123202	1.1087095671110629e-7
350.	-0.00005264352160654494	1.1403250380502109e-7
350.25	-0.00005385574811857503	1.1713731748709799e-7
350.5	-0.0000550254562432204	1.2016175689893905e-7
350.75	-0.00005615468021025801	1.2313138326781274e-7
351.	-0.00005724486744360305	1.260381893885515e-7
351.25	-0.00005829793051322645	1.2888544059339408e-7
351.5	-0.00005931413044188185	1.316930290524407e-7
351.75	-0.000060297383646527424	1.344203796725164e-7
352.	-0.00006124595116339645	1.370828012127537e-7
352.25	-0.00006216452164953864	1.3969210762039432e-7
352.5	-0.00006305270356651709	1.4224425892942469e-7
352.75	-0.00006391181632578955	1.4468036930226719e-7
353.	-0.00006474277703645254	1.4712651896932194e-7
353.25	-0.00006554683263602137	1.4953613613076795e-7
353.5	-0.00006632460694899932	1.518862886090466e-7
353.75	-0.00006707707342245908	1.541694893524485e-7
354.	-0.00006780312415200438	1.565326942575776e-7
354.25	-0.00006850768443294298	1.5876284918217827e-7
354.5	-0.00006918956564919433	1.6095806772835668e-7
354.75	-0.00006984953772986797	1.631127179749451e-7
355.	-0.00007048784690023934	1.652276432087266e-7
355.25	-0.00007110578580508222	1.6731540949991462e-7
355.5	-0.00007170369534631455	1.693771337534039e-7
355.75	-0.00007228221403763073	1.7140691723796322e-7
356.	-0.00007284162191225282	1.734065579586446e-7
356.25	-0.00007338311150795139	1.7538130934357214e-7
356.5	-0.00007390657682981729	1.773450443603766e-7
356.75	-0.00007441301784601432	1.792849884314295e-7
357.	-0.00007490309959440516	1.8120640547774863e-7
357.25	-0.00007537645169851349	1.8304183293777482e-7
357.5	-0.00007583489746320493	1.8485696120502582e-7
357.75	-0.00007627887920441766	1.866862428202672e-7
358.	-0.00007670653492401881	1.8848289445983245e-7
358.25	-0.00007712053316361622	1.9020129008335965e-7
358.5	-0.00007751960830694671	1.919406851442129e-7
358.75	-0.00007790541555744018	1.9368801880321206e-7
359.	-0.00007827733879250635	1.95366740758776e-7
359.25	-0.0000786366888385398	1.9702918744262003e-7
359.5	-0.00007898366250526901	1.9864697199780446e-7
359.75	-0.00007931827669355815	2.0026916101939674e-7
360.	-0.00007964084364235995	2.018759652036517e-7
360.25	-0.0000799519386255016	2.0346463621523126e-7
360.5	-0.00008025171875710035	2.049827715431168e-7
360.75	-0.00008054011940443697	2.0651113804411513e-7
361.	-0.00008081753077500816	2.080251585131636e-7
361.25	-0.00008108426295291294	2.0952849632793695e-7
361.5	-0.00008133990374539439	2.108938739044814e-7
361.75	-0.00008158775213977535	2.1238791998553584e-7
362.	-0.00008182379186856449	2.1380154976571022e-7
362.25	-0.00008205013799879489	2.1520232137235669e-7
362.5	-0.00008226697769870286	2.165939366160338e-7
362.75	-0.00008247438024886325	2.1797333825214654e-7
363.	-0.00008267277875042802	2.1933239440952092e-7
363.25	-0.00008286128170363144	2.2065878526730412e-7
363.5	-0.00008304227668446116	2.219991570875051e-7
363.75	-0.00008321446688925078	2.232936378289952e-7
364.	-0.00008337983073629935	2.2460437822674684e-7
364.25	-0.00008353512754935422	2.2585268269585743e-7
364.5	-0.00008368355573058966	2.2712255642600563e-7
364.75	-0.00008382419635187773	2.283715248260313e-7
365.	-0.00008395628288438627	2.2961420562093723e-7
365.25	-0.00008408238990895983	2.3084882425117566e-7
365.5	-0.00008420096836916628	2.3206250794827288e-7
365.75	-0.0000843128922286003	2.332722880264071e-7
366.	-0.00008441782553955473	2.3445677298274236e-7
366.25	-0.00008451636225944156	2.3555824726512247e-7
366.5	-0.00008461025904084635	2.3670485580224444e-7
366.75	-0.00008469560330505456	2.3785087061428387e-7
367.	-0.00008477434132475173	2.389849584583798e-7
367.25	-0.00008484529292374555	2.400936782521107e-7
367.5	-0.00008491126565765526	2.4120738233010876e-7
367.75	-0.0000849715651318648	2.42332340108849e-7
368.	-0.00008502658310956674	2.4341229712142726e-7
368.25	-0.00008507305853779355	2.4431505274111736e-7
368.5	-0.00008511536092705113	2.453019825906322e-7
368.75	-0.0000851527297432503	2.463352403331251e-7
369.	-0.00008518480265159569	2.473528768344693e-7
369.25	-0.00008520970997704657	2.4837957451469157e-7
369.5	-0.00008523164620692583	2.4932020853687243e-7
369.75	-0.0000852494927227404	2.5037913560854233e-7
370.	-0.0000852593329830921	2.5132602240770913e-7
370.25	-0.00008526556165720305	2.5227593621636875e-7
370.5	-0.00008526694047267595	2.5321415465110524e-7
370.75	-0.00008526320792486682	2.5413908291347376e-7
371.	-0.00008525513343376267	2.55072595960177e-7
371.25	-0.00008524295631515934	2.559701250806766e-7
371.5	-0.00008522646067702422	2.5687273850073785e-7
371.75	-0.00008520663031890477	2.577550002637386e-7
372.	-0.00008518014272439108	2.586292147024714e-7
372.25	-0.00008515043439885734	2.594908497020598e-7
372.5	-0.0000851166276227181	2.6034863565476425e-7
372.75	-0.00008507918440110661	2.6117484853601347e-7
373.	-0.00008503865117097864	2.619806875571412e-7
373.25	-0.00008499295251532166	2.6278919060701114e-7
373.5	-0.00008494306077311227	2.6355725391752266e-7
373.75	-0.00008488975716941153	2.643301057962953e-7
374.	-0.00008483076615931874	2.6509115751496307e-7
374.25	-0.00008477074789194404	2.6587764950972287e-7
374.5	-0.00008470722061671764	2.6665700091445857e-7
374.75	-0.00008464053377333959	2.6740789548877525e-7
375.	-0.00008457058561534639	2.681741735782929e-7
375.25	-0.0000844960808177829	2.689729596354508e-7
375.5	-0.00008442068015524389	2.695131976492659e-7
375.75	-0.00008433974671692495	2.7025030116439735e-7
376.	-0.0000842567249941729	2.70977427729098e-7
376.25	-0.00008417139701694286	2.716998645758041e-7
376.5	-0.00008408237047010342	2.72414864069471e-7
376.75	-0.00008399007526264372	2.7312437562208147e-7
377.	-0.00008389488257585092	2.73767377214172e-7
377.25	-0.00008379653522255277	2.744581692241639e-7
377.5	-0.00008369549962918194	2.751411201131545e-7
377.75	-0.00008359182030005024	2.758117429185379e-7
378.	-0.0000834865581881278	2.764694578135846e-7
378.25	-0.0000833775317122048	2.7713414254220647e-7
378.5	-0.00008326608719861034	2.7778376036142994e-7
378.75	-0.00008315221913514301	2.784337051994008e-7
379.	-0.0000830355727950754	2.790723828746016e-7
379.25	-0.00008291611959049311	2.7973000282241577e-7
379.5	-0.00008279499793522478	2.803642938540852e-7
379.75	-0.00008267132189193765	2.80995218720526e-7
380.	-0.00008254586612387906	2.8160727710153565e-7