310.   -0.0055769467575833885   0.000011078327358785671
310.25   -0.005570611120681274   0.000011052161539488763
310.5   -0.005564505677212917   0.000011027901733189193
310.75   -0.0055586270077637575   0.000011005346458453898
311.   -0.005552971695875578   0.000010984292150838644
311.25   -0.0055475363282648585   0.00001096453309588444
311.5   -0.005542317495059676   0.000010945861359593922
311.75   -0.005537311790056183   0.000010928066716268216
312.   -0.005532515810996022   0.000010910936573578392
312.25   -0.0055279073881324275   0.000010893345543871738
312.5   -0.005523509316180623   0.000010876346081699826
312.75   -0.005519325829560175   0.00001086008769678167
313.   -0.005515361264565428   0.000010844721885923053
313.25   -0.0055117666077029006   0.000010828059184550392
313.5   -0.005508341998246468   0.000010813523491507709
313.75   -0.005505032553753641   0.000010802224745053281
314.   -0.005501782722729757   0.000010795287735641055
314.25   -0.005498174809464381   0.000010803085153934666
314.5   -0.005494655956519177   0.000010813896848091038
314.75   -0.005491315434103893   0.000010825141303491667
315.   -0.005488243771846235   0.000010834202304263097
315.25   -0.005485838452531445   0.000010833837372471996
315.5   -0.005483766460293194   0.000010827757952634815
315.75   -0.005481998015315894   0.000010815103860263206
316.   -0.005480502999958599   0.000010795001811642666
316.25   -0.005479202813632956   0.000010751731731300498
316.5   -0.00547813373238968   0.00001070507267566268
316.75   -0.005477284151537551   0.000010660149321087485
317.   -0.005476642372820449   0.00001062216219348433
317.25   -0.005476106808562842   0.000010618981535786395
317.5   -0.0054757907266256125   0.000010624478849102079
317.75   -0.005475718724503251   0.00001063489328115612
318.   -0.005475915871250701   0.00001064640692510954
318.25   -0.0054764516479580225   0.00001064162152284369
318.5   -0.005477290917127299   0.00001063544124392265
318.75   -0.005478442367133623   0.000010629378385637824
319.   -0.005479914944953283   0.000010624969835306807
319.25   -0.005481747431604716   0.000010632181195183052
319.5   -0.005483908135678582   0.000010640893609734776
319.75   -0.005486394781543775   0.000010649293063243275
320.   -0.005489205192701071   0.000010655534805644264
320.25   -0.005492299508787474   0.000010646313663986172
320.5   -0.0054957284060968975   0.000010635638608292262
320.75   -0.0054995054849001565   0.000010626235504327434
321.   -0.005503644751745777   0.000010620879325739403
321.25   -0.005508219632837661   0.000010634717968633656
321.5   -0.005513162854217754   0.000010653472406094651
321.75   -0.005518465625806085   0.000010675036810556189
322.   -0.005524119184266994   0.0000106972666251086
322.25   -0.00553007641806727   0.000010709628409454055
322.5   -0.005536382057689568   0.000010721517101362017
322.75   -0.00554304316500025   0.00001073408096457683
323.   -0.005550067165275347   0.000010748491501812648
323.25   -0.00555739371718104   0.000010771115719562512
323.5   -0.0055651258818234985   0.000010795978224774007
323.75   -0.005573300258807761   0.00001082220597018607
324.   -0.005581954504675863   0.000010848908296192316
324.25   -0.00559124121172823   0.000010871734293583562
324.5   -0.005601041973385881   0.00001089454368697306
324.75   -0.005611351216146918   0.000010917801430532897
325.   -0.005622163605986401   0.000010941983391591154
325.25   -0.00563339105926136   0.000010971550498272134
325.5   -0.005645144214078463   0.000011001476272141864
325.75   -0.00565745272614666   0.00001103063796828579
326.   -0.005670347405640785   0.000011057886515756294
326.25   -0.005683960415852912   0.000011072513959954176
326.5   -0.005698185912391375   0.00001108656307892351
326.75   -0.005713017347604239   0.000011102725578360337
327.   -0.0057284485770484886   0.000011123762564903075
327.25   -0.005744476035635222   0.000011164796257717009
327.5   -0.005761091515860925   0.000011211666784074938
327.75   -0.005778289417696209   0.000011262293882773047
328.   -0.005796064677964814   0.000011314543604807116
328.25   -0.005814059011821222   0.0000113586287724693
328.5   -0.005832759880667799   0.00001140284626225888
328.75   -0.005852310606243898   0.000011448024955904801
329.   -0.005872859658201698   0.000011495019450850013
329.25   -0.00589499012067681   0.00001154804592213042
329.5   -0.0059182663902508535   0.00001160338886040951
329.75   -0.005942676590057687   0.000011660607273716499
330.   -0.00596820988359206   0.00001171924902256869
330.25   -0.005994784717139946   0.000011778786319576337
330.5   -0.006022492327110982   0.000011838830959012932
330.75   -0.0060513556077475186   0.000011898919337554834
331.   -0.006081400055674683   0.000011958574357539608
331.25   -0.0061124906834975476   0.000012012316108029393
331.5   -0.006144885271190066   0.00001206654924062994
331.75   -0.0061786869424071056   0.00001212283357332983
332.   -0.006214005220483463   0.000012182791116708679
332.25   -0.00625105835400192   0.000012252772178133007
332.5   -0.006289829747677001   0.000012328088044955759
332.75   -0.006330409390731334   0.000012408626868360218
333.   -0.006372894757372039   0.000012494281173793608
333.25   -0.006417381832132241   0.000012585348265149889
333.5   -0.006463999070441971   0.000012681178889654969
333.75   -0.006512875747366257   0.000012781514750074376
334.   -0.006564152714583223   0.000012886097382950287
334.25   -0.006618042301854975   0.00001299411051946621
334.5   -0.006674631954503118   0.00001310606708281258
334.75   -0.006734081411401171   0.000013221947357838503
335.   -0.006796567437191257   0.00001334174617640959
335.25   -0.006862142252224784   0.00001346216871936043
335.5   -0.006931221943838815   0.000013587802591145184
335.75   -0.007004110686509477   0.000013720111974964373
336.   -0.007081144826095228   0.000013860671937748035
336.25   -0.007162884837512603   0.000014012762456413023
336.5   -0.007249488769994762   0.000014176057067074056
336.75   -0.007341340515286449   0.000014351885363807784
337.   -0.007438875136647132   0.000014541719152531886
337.25   -0.007542416696642113   0.00001475145458635255
337.5   -0.007652764291419631   0.000014977083197268513
337.75   -0.007770640032138314   0.000015218808346039043
338.   -0.007896870389342362   0.000015476949144877726
338.25   -0.00803247642511411   0.000015746275061038587
338.5   -0.008178462569644324   0.00001603518469031307
338.75   -0.008336078399927668   0.000016347031216095533
339.   -0.008506789778484831   0.000016685676652828573
339.25   -0.008692316168195149   0.00001705964881546004
339.5   -0.008894731377490502   0.000017468708846141045
339.75   -0.009116506046941406   0.000017917233316646698
340.   -0.009360621980193865   0.00001841055857453925
340.25   -0.00963069371119987   0.000018959432320598048
340.5   -0.009931185596055096   0.000019566302501023676
340.75   -0.010267597614139428   0.00002023927937952465
341.   -0.010646768701095165   0.00002098865776761145
341.25   -0.011077408481602073   0.000021804435537557273
341.5   -0.011569975903480169   0.000022733553867187554
341.75   -0.012137658885694683   0.000023807655111071433
342.   -0.012796542563129086   0.000025065290491567993
342.25   -0.01356503339200787   0.00002661129415597059
342.5   -0.01446402118197775   0.0000284207802968018
342.75   -0.015512364429856708   0.000030514353733652165
343.   -0.016721783738650433   0.000032892978491877424
343.25   -0.01809115203764403   0.000035399017821290536
343.5   -0.01960156909664714   0.00003811413159117559
343.75   -0.021221003466843115   0.0000409963531625253
344.   -0.02291161396361292   0.0000440042742798222
344.25   -0.024637200441609698   0.000047264497823595925
344.5   -0.02636885969481245   0.00005058567067237554
344.75   -0.028085086119882537   0.000053914461053639364
345.   -0.02977123106767832   0.00005720451248746899
345.25   -0.0314185757829916   0.00006033476951964737
345.5   -0.033020922372992756   0.00006336767126442503
345.75   -0.03457521199154604   0.00006630197507316338
346.   -0.036080127578175296   0.00006914089560785763
346.25   -0.03753396191016831   0.00007191743286428783
346.5   -0.038939239426686534   0.0000746048596449782
346.75   -0.04029761279942338   0.00007720076906668282
347.   -0.04161105181212617   0.0000797024419105704
347.25   -0.04288326274825638   0.00008208169481283901
347.5   -0.04411441511503713   0.00008436832240827128
347.75   -0.04530609093176067   0.00008656940907027003
348.   -0.04645980734482267   0.00008869251570187428
348.25   -0.04757629879086249   0.00009074774506954105
348.5   -0.048657854026532256   0.00009274052593900797
348.75   -0.04970603134866652   0.00009467853965241473
349.   -0.05072231740803214   0.00009656968016557228
349.25   -0.051708420642930936   0.00009844749767744692
349.5   -0.05266528699318214   0.00010028552665706451
349.75   -0.05359406546858553   0.00010208089893239658
350.   -0.05449583223195977   0.00010383007630296682
350.25   -0.0553708971901288   0.00010550744320556015
350.5   -0.056221158427921546   0.00010713758059667501
350.75   -0.05704780380314867   0.00010872452164389457
351.   -0.057851984357502745   0.0001102723575416164
351.25   -0.058636687335883175   0.00011181689629561808
351.5   -0.05940043004350708   0.00011331886144087042
351.75   -0.06014345946914389   0.00011476880031554957
352.   -0.06086594971831952   0.00011615652840475602
352.25   -0.0615661728512029   0.00011734428591416691
352.5   -0.06224669227056237   0.00011849516596679209
352.75   -0.06290827335848057   0.00011965144957322157
353.   -0.06355166351118792   0.00012085761008538744
353.25   -0.06417694879802174   0.00012245640456040108
353.5   -0.06478573454491111   0.00012408804103854705
353.75   -0.06537899799963307   0.0001256768691919475
354.   -0.06595771679469166   0.00012714325641272254
354.25   -0.06652585336563385   0.00012802787346387944
354.5   -0.06708026732642698   0.0001287625837162028
354.75   -0.06762067687940206   0.00012941584163550268
355.   -0.06814674912296534   0.0001300593858882609
355.25   -0.06865473072531394   0.00013102469148351122
355.5   -0.06914885460733348   0.0001320350157988214
355.75   -0.06963006805239398   0.0001330631985059049
356.   -0.07009933037600102   0.00013408076619633749
356.25   -0.07056108312239215   0.0001349818390492322
356.5   -0.07101150627613742   0.0001358408153966825
356.75   -0.07145013848243359   0.00013665747009918735
357.   -0.07187647789380605   0.0001374315615823555
357.25   -0.07228576225278767   0.00013814096270215576
357.5   -0.07268326123355769   0.0001388157015290231
357.75   -0.07307012522417265   0.00013946464011089209
358.   -0.07344752830188328   0.00014009693333710108
358.25   -0.07381940459823001   0.00014072754647376874
358.5   -0.07418317982888517   0.0001413585391442814
358.75   -0.0745389557697423   0.00014199760003790127
359.   -0.07488682081432677   0.0001426526123063145
359.25   -0.07522866806721074   0.00014334855749840054
359.5   -0.0755620387891916   0.00014407023557766582
359.75   -0.0758862284196272   0.0001448190582196541
360.   -0.07620049883083467   0.000145596410530528
360.25   -0.07649833046612059   0.00014650790668018716
360.5   -0.07678690167955808   0.00014741014651810345
360.75   -0.07706776314120638   0.0001482612034185365
361.   -0.07734250055556992   0.00014901794547459544
361.25   -0.07761911912883646   0.00014940818887544205
361.5   -0.07789040355739368   0.00014970299060392987
361.75   -0.07815539840370851   0.00014995005751710145
362.   -0.07841311267518258   0.00015019841981142598
362.25   -0.07865837663588676   0.00015064954220850375
362.5   -0.07889588950839647   0.0001511449842045749
362.75   -0.07912627002075585   0.00015167516096904163
363.   -0.07935014609701727   0.0001522301877715538
363.25   -0.07956960433435696   0.00015280553983556598
363.5   -0.07978327535344774   0.00015338289201494794
363.75   -0.07999121630877794   0.0001539491669332886
364.   -0.08019347932482067   0.00015449095817289448
364.25   -0.08038958293167037   0.00015493728914660045
364.5   -0.0805803049738714   0.00015535373422118274
364.75   -0.08076590098612604   0.00015574950122631415
365.   -0.08094662678468265   0.00015613400756798237
365.25   -0.08112425214206175   0.00015656030214223447
365.5   -0.08129692768035733   0.00015697779290488385
365.75   -0.08146428819731434   0.00015737865538885135
366.   -0.08162595602918503   0.00015775489006068175
366.25   -0.08177978172048425   0.00015806366878573302
366.5   -0.08192781230365735   0.00015834488367432776
366.75   -0.08207035648275254   0.00015860425370235783
367.   -0.08220772574449194   0.00015884761577099452
367.25   -0.08234068479411338   0.00015908797868841105
367.5   -0.08246892352936358   0.00015932158619665746
367.75   -0.0825925769896653   0.00015955172414210513
368.   -0.08271177943255599   0.00015978173388376727
368.25   -0.08282720603857166   0.00016003050426124604
368.5   -0.0829382353552752   0.00016027991155710984
368.75   -0.08304477771627701   0.00016052711445464784
369.   -0.0831467388291958   0.00016076920970697512
369.25   -0.08324399161960877   0.00016098351460821692
369.5   -0.08333647218754357   0.00016119446955801509
369.75   -0.08342408449665403   0.00016140705763870793
370.   -0.0835067284575686   0.0001616263427491678
370.25   -0.08358241006849197   0.00016191897860401376
370.5   -0.08365365429475885   0.00016220449566391038
370.75   -0.08372112168423362   0.00016246305688727495
371.   -0.08378548175435126   0.00016267448747580624
371.25   -0.0838497590937708   0.00016271147792985038
371.5   -0.08391137150041078   0.0001627020138376765
371.75   -0.0839700567048421   0.0001626685445612781
372.   -0.08402554577713167   0.00016263389107928273
372.25   -0.08407575981943047   0.00016270052612761267
372.5   -0.08412293032611833   0.0001627814970941279
372.75   -0.08416750476384166   0.00016286836124718767
373.   -0.08420993554153135   0.00016295253448789725
373.25   -0.08425339642857345   0.00016299576413161755
373.5   -0.08429456293046367   0.00016303035194056227
373.75   -0.084332794591293   0.00016305933968319014
374.   -0.08436743950192262   0.00016308581176257287
374.25   -0.08439499561111194   0.00016312017345213755
374.5   -0.08441874649991335   0.00016315544460171938
374.75   -0.08443916332433166   0.00016319186890398634
375.   -0.08445672271133213   0.0001632296886505089
375.25   -0.08447343003555229   0.00016327435687944896
375.5   -0.08448764850680655   0.0001633188455121858
375.75   -0.08449925064205165   0.0001633612712700922
376.   -0.0845081057591435   0.00016339972094681743
376.25   -0.08451397140575115   0.00016342290463759005
376.5   -0.08451686214469725   0.00016344188615611142
376.75   -0.0845166821959766   0.00016345846754274763
377.   -0.0845133333603096   0.00016347447220678673
377.25   -0.0845054285694581   0.00016350401699529045
377.5   -0.0844946592767101   0.00016353184989502983
377.75   -0.0844814432793079   0.00016355486736500122
378.   -0.0844662026875884   0.0001635699233241678
378.25   -0.08445010084812178   0.0001635620243747968
378.5   -0.08443254026961744   0.00016354440925677423
378.75   -0.08441365621907503   0.00016351860462204652
379.   -0.08439358441865678   0.0001634861552289387
379.25   -0.08437246104353216   0.00016344862369782753
379.5   -0.08435042271965934   0.00016340759027145318
379.75   -0.08432760652150223   0.0001633646525797302
380.   -0.08430414996969213   0.00016332142540894607
