310.   0.041266944264938106   0.0001243985488013402
310.25   0.041335968685726386   0.0001245781001441081
310.5   0.04140742647997305   0.00012486964885774547
310.75   0.04148140426881636   0.00012524300192097182
311.   0.04155799131724815   0.0001256673520498766
311.25   0.04163727964997349   0.00012611124894474905
311.5   0.04171936417342545   0.00012654257017100055
311.75   0.041804342804320986   0.00012692849164741665
312.   0.04189231660517175   0.00012723545769989612
312.25   0.04198363004828732   0.0001272147665324232
312.5   0.0420780569441554   0.00012712950132890278
312.75   0.04217560993181568   0.00012703188313137025
313.   0.04227630308885152   0.00012697533279851884
313.25   0.042379646851842416   0.00012722758341866485
313.5   0.04248636075894997   0.0001275483781081942
313.75   0.04259667167165639   0.00012790735085008655
314.   0.04271081335578747   0.00012827340868986435
314.25   0.042829882501864265   0.00012848080337773764
314.5   0.04295293838563365   0.00012868298263397297
314.75   0.04307988466761407   0.00012890167497442678
315.   0.04321062415867894   0.0001291591710574273
315.25   0.04334458708344181   0.0001295658066987888
315.5   0.04348232980485854   0.00013002357649874956
315.75   0.043623947220870936   0.00013052050747407743
316.   0.043769538597555564   0.00013104431639460347
316.25   0.0439181149771796   0.00013151602752408322
316.5   0.044071302757237155   0.00013201485423289215
316.75   0.044229668034534465   0.00013255494516976318
317.   0.04439379550778317   0.00013315086869686437
317.25   0.044565942995854424   0.00013392292119623027
317.5   0.04474444031756161   0.00013474043651135294
317.75   0.0449292487803792   0.00013557573063599507
318.   0.045120331606288915   0.00013640028886712175
318.25   0.045317326746884296   0.00013705799558260664
318.5   0.04552065572409495   0.00013769434542334547
318.75   0.0457304242758762   0.00013833069575583487
319.   0.045946745069983946   0.00013898909458827846
319.25   0.046169055493288376   0.00013976425697572966
319.5   0.046398429922002646   0.000140579996667144
319.75   0.04663528884771595   0.00014143073522477834
320.   0.046880071575081256   0.00014231072137303776
320.25   0.0471342010113346   0.00014320578334465497
320.5   0.047396822583438955   0.00014412120403483068
320.75   0.047668037260301034   0.0001450540846533621
321.   0.04794795517846837   0.00014600143364734987
321.25   0.048235515819442264   0.00014694391985459407
321.5   0.04853248414274373   0.00014790083542391686
321.75   0.048839496180225976   0.00014887567350421277
322.   0.04915721983527781   0.00014987207983287575
322.25   0.049486972491361934   0.00015088190474113846
322.5   0.049828641467886764   0.0001519256787835864
322.75   0.05018274617948513   0.00015301259920448828
323.   0.05054983710545142   0.0001541522817354446
323.25   0.05093123723813688   0.000155386529982817
323.5   0.05132654486503374   0.000156682023500561
323.75   0.051736107017579074   0.00015803644980637584
324.   0.05216029808645264   0.00015944743528212724
324.25   0.052598412323805334   0.00016090784152842126
324.5   0.0530524179989641   0.0001624216465617957
324.75   0.053523255702059035   0.00016398825342693352
325.   0.054011927436022636   0.00016560708284643112
325.25   0.054519978062084355   0.0001672748238992206
325.5   0.05504789210150812   0.00016899473181614
325.75   0.05559668713206873   0.00017076746153857851
326.   0.05616745565558352   0.00017259375792919452
326.25   0.05676093792957399   0.00017446172372294393
326.5   0.05737899554772032   0.00017638985524269285
326.75   0.05802317604920063   0.00017838467041349275
327.   0.05869514577329534   0.0001804531455414631
327.25   0.059397702689813876   0.00018261832631777492
327.5   0.06013141112737258   0.00018486684682694673
327.75   0.06089793930687115   0.00018720065293803003
328.   0.06169910181802048   0.0001896219190285882
328.25   0.06253541618692247   0.00019209350108754307
328.5   0.06341104076017674   0.00019467240308707097
328.75   0.06432896436125152   0.0001973788057078595
329.   0.06529244529174653   0.0002002345117488911
329.25   0.06630574637895865   0.00020339430079506293
329.5   0.06737180032668244   0.00020670427513960944
329.75   0.06849457287554776   0.0002101349698056166
330.   0.0696784288650067   0.00021365469409642164
330.25   0.07092873708990786   0.0002169705209050976
330.5   0.0722500648288077   0.00022039849663631412
330.75   0.07364806711230515   0.00022401268793729241
331.   0.07512903133958787   0.00022789426211764898
331.25   0.07669987606439503   0.00023236310997126923
331.5   0.0783685569268949   0.00023720428000799016
331.75   0.0801438943175452   0.00024242388160675992
332.   0.08203580345725878   0.00024802923633850154
332.25   0.08405474551108456   0.00025394813786058643
332.5   0.08621434416812138   0.0002603003817311479
332.75   0.08852928787785934   0.0002671348896794066
333.   0.09101630894847244   0.00027450734413920585
333.25   0.09369593210966327   0.00028249367446255745
333.5   0.09658825946288471   0.00029115038657166097
333.75   0.09971798389185316   0.00030055598677078356
334.   0.10311371638949494   0.0003108014620949532
334.25   0.10680549862850025   0.00032198739134176176
334.5   0.11083665727209158   0.00033424497252211013
334.75   0.11525458512359277   0.0003477227117853092
335.   0.12011533814860151   0.0003625963551479025
335.25   0.12548810523633397   0.0003791488634437964
335.5   0.1314494828555469   0.00039753374960270786
335.75   0.13809453091920232   0.00041801702001485237
336.   0.14553862545671817   0.00044092121366465627
336.25   0.15392424197043206   0.00046651660176283763
336.5   0.16342327243768026   0.0004954469145454081
336.75   0.17425063908035918   0.0005283748348893019
337.   0.18667517953859794   0.0005661297584698097
337.25   0.20103308142946286   0.0006097860473887471
337.5   0.2177579794477161   0.0006606381543767782
337.75   0.23740107426966883   0.0007203720159936599
338.   0.26066992961303725   0.0007911531908992849
338.25   0.2884733370997168   0.0008758003975593457
338.5   0.32197509582325046   0.0009778398385764332
338.75   0.36264041186742624   0.0011017496472239818
339.   0.41224957548290914   0.0012529755545632884
339.25   0.4728062928465029   0.0014379086722238993
339.5   0.5461529463461091   0.001661920518479046
339.75   0.633053451281704   0.0019272343823077353
340.   0.7313471963501954   0.002227070087353658
340.25   0.8332974101644435   0.002535789777357261
340.5   0.9240059086509812   0.0028097033619569763
340.75   0.9849814239475211   0.0029932539618427885
341.   1.0046959559888478   0.003052293636976541
341.25   0.9878023479056316   0.003004869491058855
341.5   0.9517506304398619   0.002899951661652516
341.75   0.914588016929048   0.002791654974706291
342.   0.8862990819475668   0.002709878100258695
342.25   0.8682132535114618   0.002656657819565625
342.5   0.8571371777304284   0.0026241162935723454
342.75   0.8495114177593867   0.0026014897544953896
343.   0.8432954694240098   0.002582630894584695
343.25   0.8377936038408158   0.0025653490971974946
343.5   0.8329524816797017   0.00254977679904763
343.75   0.828873119536477   0.002536364974330508
344.   0.8255985087901868   0.0025253845810094067
344.25   0.8230919902132194   0.002517079874334238
344.5   0.8212333953832828   0.002510917673202134
344.75   0.8199001600447239   0.0025065766774326785
345.   0.8189785546720284   0.002503763884835118
345.25   0.8183726659780483   0.0025024944181219863
345.5   0.818004627812702   0.002502235181076851
345.75   0.8178130897120067   0.0025027545922921713
346.   0.8177499619645223   0.0025038611754330297
346.25   0.8177540685174373   0.002504873067943307
346.5   0.8178284193891009   0.0025063810945587287
346.75   0.817958931232881   0.002508478733315434
347.   0.8181363028041706   0.0025112759739186266
347.25   0.8183915709761659   0.002516484221063661
347.5   0.818670875235318   0.0025220227223027953
347.75   0.8189587799652877   0.0025273876400536696
348.   0.8192414028551406   0.002532073316023411
348.25   0.8194705724770077   0.00253316044673628
348.5   0.8196839983957273   0.0025334983488595475
348.75   0.8198850632911442   0.0025335516334200362
349.   0.8200778947698874   0.002533793601975008
349.25   0.8202922639416609   0.0025366971983774517
349.5   0.8204985305145198   0.002539974792348907
349.75   0.8206922090669061   0.0025433132923702285
350.   0.8208690513641539   0.0025463962274673104
350.25   0.8210196629381167   0.0025483862491434864
350.5   0.821147568967672   0.0025496814876733408
350.75   0.8212511395134379   0.0025501652462002204
351.   0.821328861063832   0.0025497199079345142
351.25   0.8213648739413496   0.0025461561960101855
351.5   0.8213779801990799   0.002542243116687554
351.75   0.8213727684931553   0.0025387015026977757
352.   0.8213539490697886   0.002536261347386332
352.25   0.8213658054248462   0.0025390343432567506
352.5   0.8213582027734317   0.0025430630540595675
352.75   0.8213201273099959   0.0025477343697869774
353.   0.8212404624715779   0.0025524276171696204
353.25   0.821051769636811   0.002555044087595432
353.5   0.8208211586010793   0.0025570002225384298
353.75   0.8205600078132967   0.0025582502753040324
354.   0.8202798424792153   0.0025587481562285627
354.25   0.8200279806678907   0.0025580366081597392
354.5   0.8197664748940019   0.002556642178717828
354.75   0.8194927995509832   0.0025546844072461238
355.   0.8192044012611285   0.0025522842863838365
355.25   0.818891369124804   0.002549509944941918
355.5   0.8185613204100376   0.0025465609533431533
355.75   0.818214585119313   0.00254358447409775
356.   0.8178514938444084   0.0025407292250844205
356.25   0.8174787551651111   0.002538659990251661
356.5   0.8170877955105424   0.0025368102906927004
356.75   0.8166763581753155   0.002535124877900029
357.   0.8162421585462957   0.002533547876519236
357.25   0.8157685287142621   0.002532127174883706
357.5   0.8152731685203097   0.0025306599795857595
357.75   0.8147595241925767   0.0025290463177281668
358.   0.8142310703901878   0.002527185213633332
358.25   0.8137051240975317   0.0025243585238728153
358.5   0.8131659271257757   0.002521323607618116
358.75   0.8126114422141297   0.0025182260110561522
359.   0.8120396057733716   0.002515212642609215
359.25   0.8114430834192748   0.0025124451587934657
359.5   0.8108270829450753   0.0025100544115724925
359.75   0.810191585814996   0.002508185870061047
360.   0.8095365673260363   0.0025069862491606675
360.25   0.8088561913388561   0.0025080315878164335
360.5   0.8081585274311296   0.0025094768582712293
360.75   0.8074458805851891   0.002510894711688441
361.   0.8067205699243688   0.0025118539237259483
361.25   0.8059902695317744   0.002510487372277606
361.5   0.805249866760109   0.0025083563381243096
361.75   0.8044995617982048   0.0025055975491607885
362.   0.8037395498452943   0.0025023489872705584
362.25   0.802964461007494   0.0024981834060686338
362.5   0.8021822463263936   0.0024940324175778223
362.75   0.8013953336122489   0.0024902664949773014
363.   0.8006061639675376   0.002487259050957953
363.25   0.7998379297872411   0.0024870387237525796
363.5   0.7990641312358273   0.0024876768338191074
363.75   0.7982788688144935   0.002488887959294929
364.   0.7974761901947122   0.0024903843006112234
364.25   0.7966318798363563   0.002492270254898067
364.5   0.7957653212988202   0.002493702212299122
364.75   0.7948777643303824   0.0024942260220773096
365.   0.7939704644882245   0.002493384072454033
365.25   0.793036861176791   0.0024876175462109464
365.5   0.792089148350587   0.002480789875628236
365.75   0.7911317567180671   0.0024736843503571256
366.   0.7901691454467201   0.0024670900853963995
366.25   0.7892250813240707   0.0024645096787407144
366.5   0.7882771438348359   0.002462960796588811
366.75   0.7873220925417398   0.0024621567092553845
367.   0.7863566587931923   0.002461808481960176
367.25   0.7853616270562352   0.0024612490420165816
367.5   0.7843559153649172   0.0024607104011721524
367.75   0.7833425970369619   0.0024600489603865323
368.   0.7823247628344521   0.0024591201110357973
368.25   0.7813196932309237   0.0024571176659340206
368.5   0.7803107103266897   0.0024548180483194865
368.75   0.77929523800507   0.0024523402068486883
369.   0.7782706786332254   0.002449803907131399
369.25   0.7772295605788399   0.002448017585026821
369.5   0.7761760252060852   0.0024461414164656846
369.75   0.775109369540169   0.0024440201109762255
370.   0.774028882960219   0.0024414973627465133
370.25   0.772932715407206   0.0024373243891215976
370.5   0.7718217230757239   0.0024328681744525986
370.75   0.7706956295187739   0.0024284095585906233
371.   0.7695541539515524   0.002424231159489508
371.25   0.7683789650773667   0.00242236021856652
371.5   0.7671949932901565   0.0024206471604363254
371.75   0.7660092202704969   0.0024186772082724858
372.   0.7648286677976203   0.002416033015450912
372.25   0.7636883904747697   0.0024101549094717
372.5   0.7625563658868387   0.0024036110666232416
372.75   0.7614284501692684   0.002396839083785875
373.   0.7603004707672202   0.002390279206865176
373.25   0.7591561190422093   0.00238595203355999
373.5   0.7580080886631492   0.002382097868657519
373.75   0.7568570023834527   0.002378528916481743
374.   0.7557034838495571   0.0023750562397827895
374.25   0.7545529999653235   0.0023706217262647834
374.5   0.753399407913793   0.0023662474881074565
374.75   0.7522413830941453   0.0023620909765706922
375.   0.7510775908830086   0.002358310517846506
375.25   0.7499043601527047   0.0023560858034463233
375.5   0.7487235887465631   0.0023541504662071538
375.75   0.7475348499734245   0.002352254353955307
376.   0.7463377127596698   0.0023501459069067295
376.25   0.7451249416496314   0.0023461979635385553
376.5   0.7439056023352504   0.00234207714161608
376.75   0.7426819894976178   0.002338081218695064
377.   0.7414564081467674   0.002334509566108968
377.25   0.7402419011703086   0.002333265678009332
377.5   0.7390257977105458   0.0023324118514258174
377.75   0.7378061134709091   0.0023316068456925216
378.   0.7365808517347225   0.002330507612893403
378.25   0.7353438179289985   0.002327426566001787
378.5   0.734098842245994   0.00232389421267513
378.75   0.7328455767436617   0.002320102793735475
379.   0.7315836701595037   0.002316245546754083
379.25   0.7303127679569135   0.00231251669299151
379.5   0.7290325123707377   0.0023091114246755564
379.75   0.7277425424520589   0.0023062258926124994
380.   0.7264424941122356   0.002304057194125567
