310.   0.07195017429857725   0.0002157551425667627
310.25   0.07188139180130662   0.0002155476378223802
310.5   0.0718136167250563   0.00021553072434812165
310.75   0.07174704006674797   0.00021565063700967058
311.   0.07168185513957914   0.0002158530551538632
311.25   0.07161825764525886   0.00021608308554699906
311.5   0.07155644574891203   0.0002162852447028102
311.75   0.07149662015677334   0.00021640344057269806
312.   0.07143898419680046   0.00021638095356939986
312.25   0.0713845212797914   0.00021577049076076157
312.5   0.0713323554367219   0.0002150581417926496
312.75   0.07128238304668487   0.00021434334989253894
313.   0.07123449977412354   0.00021372669883858956
313.25   0.0711880026528237   0.00021376641569944392
313.5   0.0711436200794578   0.00021392858263038039
313.75   0.07110148810459095   0.00021413217081403231
314.   0.07106174493124638   0.00021429519058742993
314.25   0.07102485215629802   0.00021399767099865015
314.5   0.0709905044562711   0.00021362572993055366
314.75   0.0709587165186804   0.00021323114991313115
315.   0.07092950384070941   0.00021286635464600723
315.25   0.07090360317213708   0.00021274553319150372
315.5   0.07088002683988359   0.00021269774037552011
315.75   0.07085850021914285   0.0002127119931863569
316.   0.0708387457530287   0.00021277717607659556
316.25   0.07081843334082291   0.00021282133428741193
316.5   0.07080013761923337   0.000212917731421693
316.75   0.07078440500608452   0.00021307950870728837
317.   0.07077179007578496   0.0002133199960195926
317.25   0.07076459022929707   0.00021379528008665168
317.5   0.07076095882183935   0.00021432029887008474
317.75   0.07076077099843481   0.00021485098034034982
318.   0.07076390115169184   0.00021534263338218504
318.25   0.07077034530169238   0.00021555582908813265
318.5   0.07077980562525041   0.00021571517002127975
318.75   0.0707921042843514   0.0002158530065421013
319.   0.07080706184839082   0.0002160021646966449
319.25   0.0708226876935965   0.0002163781431966897
319.5   0.07084132135946469   0.0002167608370910756
319.75   0.07086351580191766   0.0002171103641865282
320.   0.07088983381482386   0.0002173862226682712
320.25   0.07092348036161426   0.00021731245526838405
320.5   0.07096137126421392   0.00021717447981799574
320.75   0.07100302770416374   0.00021702556684943466
321.   0.07104796462723724   0.00021691984960259912
321.25   0.07109349830130128   0.00021711650326221153
321.5   0.07114218482871662   0.00021738706320141652
321.75   0.071194414033094   0.00021770511750506097
322.   0.0712505840500092   0.00021804381807653388
322.25   0.07131164845857067   0.00021825764464310853
322.5   0.07137726153820631   0.00021848349094347468
322.75   0.07144762518739985   0.0002187414038554244
323.   0.07152294712944075   0.00021905179943896877
323.25   0.07160469635930038   0.00021952371974781742
323.5   0.07169134520084922   0.0002200554880972746
323.75   0.0717826070198343   0.00022063262401952278
324.   0.07187819231860429   0.00022124039021593017
324.25   0.07197625039883661   0.00022183730239766562
324.5   0.0720786550503168   0.0002224449365119639
324.75   0.07218574593332708   0.0002230585598609155
325.   0.07229787243480379   0.00022367335343112066
325.25   0.07241596880877742   0.00022426792719155888
325.5   0.07253960571685593   0.00022486021370263142
325.75   0.07266892916858606   0.00022545187069801628
326.   0.07280409204288046   0.0002260445980210478
326.25   0.07294510180615965   0.00022665031141369792
326.5   0.0730923387143171   0.00022725665100434866
326.75   0.07324604148854146   0.0002278612784979636
327.   0.07340645893330233   0.00022846181199734833
327.25   0.07357423067378653   0.00022903895275215946
327.5   0.07374909889863167   0.00022961368756058677
327.75   0.07393119005722973   0.0002301904327778642
328.   0.07412063957570361   0.00023077372115174328
328.25   0.07431688998205284   0.0002313637205444001
328.5   0.0745210729898285   0.00023197145565490875
328.75   0.07473364432626976   0.00023260370063837255
329.   0.07495507893933685   0.00023326742411158738
329.25   0.07518686635648252   0.0002340617817365076
329.5   0.07542814269614204   0.00023486637070499353
329.75   0.07567903799142418   0.00023565082517059744
330.   0.0759396957919496   0.00023638396804677198
330.25   0.0762093655550398   0.0002367988814387534
330.5   0.0764894828527935   0.00023718876956840303
330.75   0.07678061460155945   0.00023761694216858947
331.   0.07708335730389484   0.0002381485872361739
331.25   0.07739900420549654   0.00023912250459779517
331.5   0.07772729521405569   0.00024023110226066073
331.75   0.07806865398129822   0.00024143326630477802
332.   0.07842353517582061   0.0002426866791512998
332.25   0.0787912812817999   0.00024380312512372414
332.5   0.07917400610331415   0.0002449381587157363
332.75   0.07957275120814399   0.0002461055171779651
333.   0.07998861824674827   0.0002473194695294988
333.25   0.0804259813965761   0.00024860236538421274
333.5   0.08088163497305628   0.00024995926750209335
333.75   0.08135555507602373   0.00025140317631014187
334.   0.08184775107820218   0.0002529477010043873
334.25   0.08235324395275315   0.00025467101173616834
334.5   0.08287907748546676   0.0002564996554964952
334.75   0.08342749276145164   0.00025842262093633703
335.   0.08400087160757501   0.0002604286266661591
335.25   0.08460519497336616   0.0002624398760642987
335.5   0.08523840928469535   0.00026453605042406803
335.75   0.08590196099903907   0.0002667328397698269
336.   0.0865974385540856   0.00026904688907886234
336.25   0.08732590017272435   0.00027156390321174086
336.5   0.08809022251950505   0.0002742088836647236
336.75   0.08889282332061349   0.00027697321208921204
337.   0.0897363617618011   0.0002798482172892631
337.25   0.0906237665355697   0.0002827371568747591
337.5   0.09155828397036371   0.0002857525939269883
337.75   0.09254350934974526   0.00028892332063381487
338.   0.0935834403063949   0.0002922803868750158
338.25   0.09468238373485831   0.0002959134070775823
338.5   0.09584553860807982   0.0002997819328582832
338.75   0.0970785741834829   0.0003039017725652859
339.   0.09838787718107365   0.00030829093344455317
339.25   0.0997801065509494   0.00031303818328721214
339.5   0.10126424193417233   0.0003180736461175694
339.75   0.10284989162203578   0.0003233948185353882
340.   0.10454805597035073   0.00032900100248960357
340.25   0.10637371576937497   0.0003346661265195332
340.5   0.10833835502086878   0.00034070512513070485
340.75   0.11045800685625463   0.0003472261050609069
341.   0.11275152884583726   0.00035435136559276096
341.25   0.11523845032759118   0.00036250314453008405
341.5   0.11794915662668319   0.0003714586140174618
341.75   0.12091682672101453   0.0003812773591270481
342.   0.12418147271060502   0.0003920356798812208
342.25   0.12779275427376566   0.000403674112736709
342.5   0.1318089013657258   0.00041652807339672603
342.75   0.13630303517516845   0.0004308292030949116
343.   0.14136608612239132   0.00044686502630385245
343.25   0.14711192211256055   0.0004649151519619489
343.5   0.15368220827611698   0.00048553178084810475
343.75   0.16125329827676943   0.0005093088979989934
344.   0.17004035250079158   0.0005369711193315574
344.25   0.18029473889302897   0.0005695828249852647
344.5   0.19229020565354568   0.0006078063906002997
344.75   0.20627810680159536   0.0006524200670172879
345.   0.22241506673125985   0.0007038958207060357
345.25   0.24068034196445365   0.000761800481898378
345.5   0.2608307448897349   0.0008257297325547155
345.75   0.2824427894111431   0.0008944545026005648
346.   0.30501534344517206   0.0009665331206568894
346.25   0.32807540974515403   0.0010413653309516164
346.5   0.3512318479490975   0.001117006315273353
346.75   0.37419689402197215   0.0011923963517623522
347.   0.39677349007713764   0.0012667075156494103
347.25   0.4188328526664099   0.001338608680840433
347.5   0.4403030896889906   0.0014084418430525096
347.75   0.46114561949218924   0.0014760747157770693
348.   0.481345640047057   0.0015414623196740747
348.25   0.5008997425813992   0.0016044485467210632
348.5   0.5198239835372701   0.0016653204709157203
348.75   0.5381369377206199   0.001724248458655155
349.   0.5558608993909675   0.0017814339415474383
349.25   0.5730300177149208   0.001837685547209591
349.5   0.5896562410813426   0.0018924635769286642
349.75   0.6057603747697244   0.0019457591837569556
350.   0.6213624697481858   0.001997550025618227
350.25   0.6364718463204386   0.0020480669288806866
350.5   0.651119582775068   0.0020968978344116057
350.75   0.6653267487320456   0.002143858698454648
351.   0.6791135586070242   0.002188742088430265
351.25   0.6925005147070878   0.002228640771286368
351.5   0.7055045761798887   0.002266957029924016
351.75   0.7181429516980403   0.0023046098448214498
352.   0.7304320496797954   0.0023425871397891544
352.25   0.7423940721473844   0.0023871802113904603
352.5   0.7540349996500231   0.002432332574268275
352.75   0.7653662516434325   0.002476926233147365
353.   0.7763984475721688   0.0025197520914233434
353.25   0.7871436213063742   0.002554658322627802
353.5   0.7976079712261258   0.0025869337516498106
353.75   0.8077990739131906   0.002617221831371355
354.   0.8177238382494623   0.0026462098905797337
354.25   0.8273809897667931   0.0026767043569626307
354.5   0.8367866247954121   0.0027066165787679422
354.75   0.8459491296426015   0.002735864177747582
355.   0.8548765380528893   0.002764356639235878
355.25   0.8635742339927959   0.0027912987144256512
355.5   0.872052819881656   0.0028175456751692936
355.75   0.8803204018797972   0.002843281632350515
356.   0.8883848674614097   0.002868697649589768
356.25   0.8962607386195853   0.0028949395328519106
356.5   0.9039460709260188   0.0029209024404946472
356.75   0.911445291272912   0.0029463954098982057
357.   0.9187625423713279   0.002971216582320094
357.25   0.9258941429981153   0.0029944450786473734
357.5   0.932854160144094   0.0030168379580544865
357.75   0.9396491584765291   0.003038461462189169
358.   0.9462855988792721   0.0030593839286294517
358.25   0.952783370575181   0.0030795523132265317
358.5   0.9591300302701984   0.0030992098694442257
358.75   0.9653260953648802   0.003118482783182868
359.   0.9713718032326328   0.0031375010375493313
359.25   0.9772577142479072   0.0031560369425007997
359.5   0.9829965739181682   0.0031747284926558032
359.75   0.9885917805674015   0.0031938677171466953
360.   0.9940466258378949   0.0032137551747082444
360.25   0.9993563619353273   0.003237092687993613
360.5   1.0045350902041292   0.0032608794170131245
360.75   1.0095891243183877   0.0032844425614140423
361.   1.0145247948353537   0.0033070859542147467
361.25   1.0193603342872963   0.0033258186071082473
361.5   1.0240856248050254   0.003343051655997048
361.75   1.028702117008913   0.0033589668601850947
362.   1.0332111406187492   0.0033737523311394087
362.25   1.0376087242476753   0.0033864136768488548
362.5   1.0419031671133248   0.0033988015365807745
362.75   1.0460976129561124   0.0034116152355176408
363.   1.0501951602830715   0.0034255733932100968
363.25   1.0542064544937   0.003444949076862888
363.5   1.0581239683827017   0.0034655873073415567
363.75   1.0619475376003709   0.0034867990051379387
364.   1.065676880345912   0.003507875099179936
364.25   1.0693099149283718   0.0035274283194287187
364.5   1.0728484782131613   0.0035456261804238135
364.75   1.0762926532081787   0.0035619741931118784
365.   1.0796424357631378   0.003575966130434372
365.25   1.0828863979140186   0.003583088513553338
365.5   1.086040133334785   0.0035883674250571417
365.75   1.089108066478449   0.003592910136029118
366.   1.0920946519736243   0.0035978509748771353
366.25   1.0950145113843508   0.0036083954351536357
366.5   1.0978580620612355   0.0036201051833747474
366.75   1.1006256772924345   0.003632527808018803
367.   1.1033176697225273   0.0036451996083757972
367.25   1.1059268223482608   0.0036566085949220604
367.5   1.108463725292328   0.003667712180271078
367.75   1.110931589712103   0.003678440380906457
368.   1.1133336362073816   0.00368872159877449
368.25   1.1156811264350917   0.0036978642381928785
368.5   1.117966123556586   0.0037066542065720973
368.75   1.120188581710458   0.0037152690673311404
369.   1.1223484004420619   0.003723889895328011
369.25   1.1244487192151054   0.003733742149234515
369.5   1.1264847480650706   0.0037435646651381785
369.75   1.1284548807634165   0.0037531219701635575
370.   1.1303574362521307   0.0037621738366555297
370.25   1.1321858883262224   0.0037692621869118716
370.5   1.1339450557943773   0.0037758268382841113
370.75   1.1356349965745562   0.003782110558628068
371.   1.1372557350245136   0.003788360611761527
371.25   1.1387806838581744   0.003796730391592633
371.5   1.140246821788623   0.003804827228454191
371.75   1.14166494925086   0.0038121335401632055
372.   1.143046023128188   0.0038181225745932755
372.25   1.1444434093570517   0.0038189165575441162
372.5   1.1458095046972803   0.003818626637574873
372.75   1.1471384537426665   0.0038180651674444505
373.   1.1484242639170514   0.0038180584117259732
373.25   1.1496491714428967   0.0038226535070712536
373.5   1.1508231308571812   0.003828234971924463
373.75   1.1519445033375153   0.003834360027367574
374.   1.153011597254883   0.0038405782485573564
374.25   1.1540057603516791   0.0038447293480817013
374.5   1.1549487636412046   0.003848720474756959
374.75   1.155845660765094   0.0038527734510032732
375.   1.1567015610088147   0.0038571134631250883
375.25   1.1575363069223485   0.0038635086114141297
375.5   1.1583346563921564   0.0038700445703648612
375.75   1.1590958979387458   0.0038763287249934534
376.   1.1598192855678313   0.0038819624681091206
376.25   1.1604998349805415   0.003884252121499891
376.5   1.161142594678649   0.0038859788283760214
376.75   1.1617484314855895   0.0038876590029408298
377.   1.1623182042066351   0.003889816514989182
377.25   1.162855382920197   0.003895433337217373
377.5   1.1633571590521232   0.003901630641478029
377.75   1.1638233024941846   0.003907956408235118
378.   1.1642535615105503   0.003913952147071746
378.25   1.164639482926345   0.0039176049934942815
378.5   1.1649921809046448   0.003920602608435276
378.75   1.165314668870664   0.003923097374494554
379.   1.1656099835696547   0.003925243787835663
379.25   1.1658811848038433   0.003927198427989166
379.5   1.1661313551729824   0.003929119928279046
379.75   1.1663635998183626   0.003931168946853308
380.   1.1665810461703117   0.003933508138301244
