310.   0.037958312008173616   0.00004470746148073513
310.25   0.03800325261633902   0.00004469090077024894
310.5   0.038050030201757866   0.00004468136558277789
310.75   0.038098733214386185   0.00004467998180396196
311.   0.0381494523661067   0.000044687898618710084
311.25   0.03820228072298564   0.00004470628944911781
311.5   0.03825731380208215   0.000044736352938042005
311.75   0.038314649673075504   0.00004477931398099262
312.   0.03837438906499503   0.00004483642480918301
312.25   0.038436880655063586   0.0000449484393368644
312.5   0.03850188962322716   0.000045061733471902946
312.75   0.03856942478526625   0.00004516145403848337
313.   0.038639495942663325   0.00004523243266999721
313.25   0.038711975116030806   0.00004516772711330669
313.5   0.038787067340794665   0.00004507872414408272
313.75   0.038864842669310645   0.000044986786993442215
314.   0.03894537361566792   0.00004491375021958598
314.25   0.039028789741416665   0.000044960730894999664
314.5   0.03911509306230669   0.00004504098406570141
314.75   0.03920434177306539   0.00004514548411304185
315.   0.03929659648894816   0.0000452650020671266
315.25   0.03939167051006512   0.00004537979325907676
315.5   0.039489977036889744   0.00004549451852909417
315.75   0.039591687565262566   0.00004560352363949626
316.   0.0396969790721362   0.00004570101562363756
316.25   0.039806405042580865   0.00004574141076897183
316.5   0.03991963891929067   0.00004577372098697816
316.75   0.040036722867318526   0.00004580804789078723
317.   0.040157701697399815   0.000045854753579318445
317.25   0.04028222188102476   0.00004596398584499456
317.5   0.04041089123811931   0.0000460917717914301
317.75   0.040543929097308966   0.00004623301242603048
318.   0.040681562620908794   0.00004638247499822688
318.25   0.040824793017097856   0.000046526257297714454
318.5   0.040972800899226156   0.00004667068191476179
318.75   0.041125522592591245   0.0000468136010575138
319.   0.04128289481814105   0.000046952805773473254
319.25   0.04144395600266638   0.000047079088443974496
319.5   0.041609891243647015   0.000047199732758043295
319.75   0.04178101131916661   0.00004731520085531197
320.   0.04195763909475025   0.00004742596815747333
320.25   0.04214078152096303   0.00004751770661214237
320.5   0.042329856469842886   0.00004761147754463073
320.75   0.0425249485115798   0.00004771395857706704
321.   0.04272614823023822   0.000047832046857280926
321.25   0.04293295755788946   0.00004799737749730883
321.5   0.043146305303167605   0.00004818334967245052
321.75   0.04336655031116231   0.00004838739460323912
322.   0.043594067817002966   0.000048606863547574135
322.25   0.04382986908544174   0.00004884138417213942
322.5   0.04407350822652278   0.0000490848603809988
322.75   0.044325157946096566   0.00004933338572765622
323.   0.04458500237644435   0.00004958291430221197
323.25   0.044852622508870246   0.000049803266457448334
323.5   0.04512907977235827   0.000050026068485750774
323.75   0.04541485527179526   0.00005025768108470252
324.   0.04571045544381785   0.000050504721231638116
324.25   0.04601683094143878   0.00005079505752153363
324.5   0.04633396743405769   0.00005110685326832106
324.75   0.046662283606505005   0.00005143879433376535
325.   0.04700222414771651   0.00005178952389346343
325.25   0.04735451116982137   0.000052134774014190766
325.5   0.04771930270282746   0.00005250469748295335
325.75   0.04809702885831273   0.00005290743282728233
326.   0.04848814991893054   0.00005335151210028229
326.25   0.048891913322864536   0.00005390210554980598
326.5   0.04931056692010965   0.00005449101350946417
326.75   0.04974520459775602   0.00005510434341362156
327.   0.05019698847135273   0.00005572753492873656
327.25   0.05066864999707366   0.00005628750754558771
327.5   0.051159443902838005   0.000056847891845774125
327.75   0.05167013842211413   0.00005741635078545985
328.   0.05220156226424126   0.000058000972613515985
328.25   0.05275356649219784   0.000058655343399211505
328.5   0.053328555396994284   0.000059326507970637966
328.75   0.053928021693712455   0.00006000481529848933
329.   0.05455357203942097   0.00006068005577298042
329.25   0.05520735094005846   0.00006129539295268953
329.5   0.055890660926111516   0.00006190258452966998
329.75   0.05660534622499733   0.00006250919518580539
330.   0.05735340724587835   0.00006312329090772635
330.25   0.05813827874965889   0.00006373679875438464
330.5   0.058960595117067596   0.00006438186207833781
330.75   0.05982238753400804   0.00006507564650746172
331.   0.06072588393425147   0.00006583662275499931
331.25   0.061671103958960805   0.00006673960757514171
331.5   0.06266406398035759   0.00006773103945925522
331.75   0.0637087951229339   0.00006881030202827328
332.   0.06480972705234694   0.00006997683959987874
332.25   0.06597315079176493   0.00007118630114720612
332.5   0.06720252682638335   0.00007249813445367046
332.75   0.06850319441354856   0.00007393141023240606
333.   0.06988108907373498   0.00007550713522682023
333.25   0.07134279973830927   0.00007736543645074626
333.5   0.07289575620834261   0.00007937311800289562
333.75   0.07454825720934484   0.00008150648821071596
334.   0.07630963173391246   0.00008373951932300259
334.25   0.07819073240325845   0.0000859741706711425
334.5   0.08020301227576314   0.00008827223207653258
334.75   0.08235983419374455   0.00009062948880480924
335.   0.08467642738804222   0.00009304124863839062
335.25   0.08716774119525104   0.00009531864144612108
335.5   0.08985711577505605   0.00009770257933106254
335.75   0.0927687874066969   0.00010027144855715414
336.   0.09593083235954462   0.00010311542488348495
336.25   0.0993800119627139   0.00010662275269378577
336.5   0.10314913178363262   0.00011053690909923159
336.75   0.10728124012276198   0.00011486595189348754
337.   0.11182727098409796   0.00011961955281594848
337.25   0.11684349283815586   0.00012454822544890928
337.5   0.12240823580749383   0.0001300091840492009
337.75   0.12861115537170476   0.00013614652735513384
338.   0.13556110350724218   0.0001431360007685565
338.25   0.14339500004560496   0.00015150199871685963
338.5   0.15227198185324312   0.00016111459742262763
338.75   0.16239382237794717   0.00017215219631599654
339.   0.17401299244889404   0.0001848361197244986
339.25   0.18744637739317285   0.00019916961327316488
339.5   0.20310011503666175   0.00021584117139550186
339.75   0.22149170879338748   0.00023543344374618794
340.   0.24328551417533043   0.0002586985974696035
340.25   0.26933373632056756   0.0002868658286719741
340.5   0.3007297843005611   0.00032088322059225404
340.75   0.33884804502609595   0.0003621985835159547
341.   0.3853553696931042   0.00041255227462303986
341.25   0.44212069595930226   0.00047356303988082773
341.5   0.5108418345416197   0.0005472507374590198
341.75   0.592168768649724   0.0006342740303704786
342.   0.6839508193257974   0.0007322875736320023
342.25   0.7787534797523449   0.0008332531333736657
342.5   0.8624816167410363   0.0009221505618967976
342.75   0.9179235491847766   0.0009806740077204167
343.   0.9347362055890795   0.0009979329549881755
343.25   0.9177676883682723   0.0009794634919390935
343.5   0.8835350163120361   0.0009427420219240621
343.75   0.8487373698064002   0.0009055883946968384
344.   0.8224340761557408   0.0008776599197610283
344.25   0.8057031635656136   0.0008602785020727815
344.5   0.7954710337767176   0.0008499249938542069
344.75   0.788416478118045   0.0008429978283125426
345.   0.7826546798785323   0.0008374258538916841
345.25   0.7775547657123862   0.0008322191058281075
345.5   0.7730633609513059   0.0008276226303039107
345.75   0.7692728668925984   0.0008237780442155125
346.   0.76622037854816   0.000820767497724197
346.25   0.763843265327758   0.0008192789615941977
346.5   0.7620611620620891   0.0008182725568840099
346.75   0.7607661421002032   0.0008173901913234451
347.   0.7598583746546169   0.0008162794215197146
347.25   0.7592704200112693   0.000812925490150967
347.5   0.7589135526862746   0.0008093434003397176
347.75   0.7587301544832863   0.0008059002053533578
348.   0.7586748869821655   0.000802981683129825
348.25   0.7587016752330292   0.0008026981746769821
348.5   0.7587966214380171   0.0008030841375839742
348.75   0.7589412402863082   0.0008038744163120483
349.   0.7591214025380426   0.0008048052223668459
349.25   0.7593315571510528   0.0008048187744048071
349.5   0.7595561831750849   0.0008047578153000134
349.75   0.7597869271780232   0.0008046794803203175
350.   0.7600169630895971   0.0008046434616078824
350.25   0.7602386771757756   0.0008049641530506905
350.5   0.7604501428530566   0.0008053533170674007
350.75   0.7606482209550459   0.0008057737700584259
351.   0.7608303768557404   0.0008061884861139382
351.25   0.7609876205524545   0.0008063070545801408
351.5   0.761127978257268   0.000806445834580829
351.75   0.7612529396681401   0.0008066707361144043
352.   0.7613642935349194   0.0008070488371378828
352.25   0.7614823838239435   0.0008077746409980767
352.5   0.7615839359098114   0.0008087412015901876
352.75   0.7616639441449051   0.0008099674018463784
353.   0.7617174655321932   0.0008114724398955808
353.25   0.7617160629989338   0.0008138169075836797
353.5   0.7616876969836157   0.0008162657513072796
353.75   0.7616370737148105   0.000818619094015978
354.   0.7615690195643661   0.0008206746157268668
354.25   0.7614976588113159   0.0008216582939537649
354.5   0.7614152085278526   0.0008221572613596173
354.75   0.7613230658733834   0.0008221932668872928
355.   0.761222670103019   0.0008217884588704258
355.25   0.7611391336915916   0.0008205687434209508
355.5   0.7610409851931375   0.000819110466451002
355.75   0.7609201689916447   0.00081759789481807
356.   0.7607685473388763   0.0008162174636318959
356.25   0.7605461063106946   0.000815982985251808
356.5   0.7602889093637393   0.0008159334641644804
356.75   0.7600014651332277   0.0008159268419689558
357.   0.759688337721083   0.0008158194565182057
357.25   0.7593637985209981   0.0008147325563253301
357.5   0.7590190418207142   0.0008135431060124942
357.75   0.758654871234348   0.0008124001755859875
358.   0.7582720972238323   0.0008114544243011341
358.25   0.7578704199305749   0.0008115506405984315
358.5   0.7574522191640495   0.0008118758519091307
358.75   0.7570187734189092   0.0008123046757668735
359.   0.7565713696408545   0.000812710404292873
359.25   0.7561188878114524   0.0008123384339020745
359.5   0.7556520410593294   0.0008119342037167706
359.75   0.7551690662264611   0.0008116209445214016
360.   0.7546681770299666   0.0008115230904864075
360.25   0.7541385774837057   0.0008123927606334228
360.5   0.7535909823316543   0.0008134820361450089
360.75   0.7530271748699339   0.0008146652100600522
361.   0.7524489496397488   0.0008158153472031496
361.25   0.7518619912270004   0.0008163296298945761
361.5   0.7512626991405997   0.0008167415169664947
361.75   0.7506513298825758   0.0008171125905522228
362.   0.7500281358794528   0.0008175050015515557
362.25   0.7493959333228172   0.0008183478153674743
362.5   0.7487513805407877   0.0008191927015532563
362.75   0.7480936789117737   0.0008199552746670476
363.   0.7474220167178048   0.0008205504031425452
363.25   0.7467303838969828   0.0008210369868401547
363.5   0.7460251847114897   0.0008211262664679234
363.75   0.7453076656982013   0.0008206724132666591
364.   0.7445790783891091   0.0008195284134203458
364.25   0.7438453259518599   0.0008161532053339591
364.5   0.7431011795459417   0.0008123428647540833
364.75   0.7423460268790807   0.0008085099088802153
365.   0.7415792451088804   0.0008050702725719639
365.25   0.7407973244461438   0.0008039792974013086
365.5   0.7400036393140728   0.000803514063073672
365.75   0.7391986983425697   0.0008034798116890192
366.   0.7383830092441073   0.0008036801617558867
366.25   0.7375581785303046   0.0008035130083328167
366.5   0.7367231759077029   0.0008033433203003607
366.75   0.7358780621836195   0.0008031332265112946
367.   0.7350228939273048   0.000802844561176677
367.25   0.7341565664186291   0.0008022053007842724
367.5   0.733280744413195   0.0008015029964744872
367.75   0.7323959393482526   0.0008007929348593776
368.   0.7315026620718108   0.0008001308129177367
368.25   0.7306026109946265   0.0007998251294391601
368.5   0.7296946358685249   0.0007995797610744643
368.75   0.7287787662238937   0.000799349716555955
369.   0.727855027652511   0.0007990896712421864
369.25   0.7269238354286232   0.0007987013124668702
369.5   0.7259846575777541   0.0007982122391613499
369.75   0.7250373494255249   0.0007975974071082349
370.   0.7240817615145937   0.0007968316039010898
370.25   0.7231159803252795   0.000795607598598201
370.5   0.7221423053441555   0.0007942936734285028
370.75   0.7211612829893869   0.000792977834795056
371.   0.720173459898287   0.0007917486851763672
371.25   0.7191835653475624   0.0007914684476915979
371.5   0.7181863021160232   0.0007911466934365954
371.75   0.7171805306147647   0.000790561974644178
372.   0.7161651006162558   0.0007894913978722308
372.25   0.7151294338094208   0.0007864721168026846
372.5   0.7140855195837343   0.0007830091630660292
372.75   0.7130359741967527   0.0007793748424787521
373.   0.7119834276262477   0.0007758432191909081
373.25   0.7109389672658439   0.0007734795134343304
373.5   0.7098934495994303   0.0007714580095080358
373.75   0.7088461405881694   0.0007697396518314238
374.   0.707796298490503   0.0007682851119895526
374.25   0.7067454905522962   0.0007670752501277751
374.5   0.7056897223810525   0.0007660416129781398
374.75   0.7046272961206848   0.0007651358315289426
375.   0.7035565011485875   0.0007643092305184279
375.25   0.7024651492317263   0.0007633720224552236
375.5   0.7013661311303111   0.000762471734945031
375.75   0.7002619159848354   0.0007616155403455783
376.   0.6991549850735471   0.0007608106470782677
376.25   0.6980528370691382   0.0007601237867146251
376.5   0.6969509809127686   0.0007594790920421113
376.75   0.6958499167492566   0.0007588599105951754
377.   0.6947501449658029   0.0007582494903303556
377.25   0.6936592488077888   0.0007577739294145952
377.5   0.692567829273398   0.0007572164716225818
377.75   0.6914735346201194   0.0007565024951300729
378.   0.6903739978622719   0.0007555569713561842
378.25   0.6892612835606503   0.0007532810640626457
378.5   0.6881407576159904   0.0007510294970289766
378.75   0.687012245044219   0.0007491382019747792
379.   0.6858755682561833   0.0007479449030864398
379.25   0.6847305470954689   0.0007477890928830118
379.5   0.683576998875562   0.0007490120084713537
379.75   0.6824147384163415   0.0007519566081820497
380.   0.6812435780799402   0.0007569675485779422
