310.   0.01928680047997669   0.00009798934807898153
310.25   0.019275504938282912   0.00009822752030875964
310.5   0.01926483636121618   0.0000984120274841341
310.75   0.019254786599973955   0.0000985507936225847
311.   0.019245347533602353   0.0000986518223334032
311.25   0.019236511070135617   0.00009872319927059358
311.5   0.0192282691478022   0.00009877309467332799
311.75   0.01922061373630067   0.0000988097659978832
312.   0.019213536838149633   0.00009884156064519364
312.25   0.019206983428629934   0.00009890842998256
312.5   0.01920101125241428   0.00009897493745914797
312.75   0.019195631509015883   0.00009903693575722724
313.   0.019190855660431497   0.00009909022985181856
313.25   0.019186725621144686   0.00009909319852944165
313.5   0.019183211294639114   0.0000990936977000013
313.75   0.019180312736485017   0.00009910254949660246
314.   0.019178030153716944   0.00009913070665374014
314.25   0.01917635639584111   0.00009924200754736689
314.5   0.019175302473659585   0.00009937408784808144
314.75   0.019174872135409905   0.00009951689677595944
315.   0.019175069343873682   0.00009966026063101624
315.25   0.01917591441858989   0.00009975965827120296
315.5   0.01917738927128231   0.00009985239052752748
315.75   0.019179492002679675   0.00009994179478327669
316.   0.01918222087627276   0.00010003125178924968
316.25   0.01918541584706916   0.00010009852124851244
316.5   0.019189296546283634   0.0001001828702568113
316.75   0.019193926208287377   0.00010029825530940825
317.   0.019199369149155522   0.00010045882679878407
317.25   0.01920596453395539   0.00010079824582629588
317.5   0.01921339727518135   0.000101164704247347
317.75   0.019221623800012327   0.00010152442868243766
318.   0.019230600182870976   0.00010184316912289854
318.25   0.019240036632801504   0.00010189017248633927
318.5   0.01925023075389232   0.00010190345031066948
318.75   0.01926123746688173   0.00010192703282901125
319.   0.019273112800861168   0.00010200560259881424
319.25   0.019286074456189767   0.00010242178381481747
319.5   0.019299957069333122   0.00010289091840274606
319.75   0.01931475485106287   0.00010336310189064657
320.   0.0193304622789326   0.0001037876609500301
320.25   0.019346987439583237   0.00010389320939596082
320.5   0.01936444617066163   0.00010393391574847276
320.75   0.019382869188945648   0.00010394631799852805
321.   0.019402288123251822   0.00010396754163724516
321.25   0.019422762805380668   0.00010415466468577607
321.5   0.019444288847060565   0.00010437978466866996
321.75   0.019466889743108527   0.00010463321143158634
322.   0.01949058988552374   0.00010490509757078054
322.25   0.019515406347422   0.00010516366779264266
322.5   0.0195413769513562   0.00010542905607494202
322.75   0.019568532425234986   0.00010569979758622423
323.   0.019596904644231215   0.00010597440456597288
323.25   0.019626526951317284   0.00010623811543101674
323.5   0.01965743332425138   0.0001065078450332948
323.75   0.019689659329270828   0.00010678745231441127
324.   0.019723241928443498   0.0001070808737424043
324.25   0.01975826902666815   0.00010743432638669572
324.5   0.019794711724450586   0.00010779316432124898
324.75   0.019832591358789262   0.00010814429119894628
325.   0.01987193056986914   0.00010847435147375138
325.25   0.019912694100341344   0.00010868530278750235
325.5   0.019954989917437205   0.00010888071539347902
325.75   0.01999886935137254   0.00010908100755377605
326.   0.02004438588892937   0.00010930703162736775
326.25   0.020091612066191138   0.00010964026295363527
326.5   0.020140582732907027   0.00011001878305615857
326.75   0.02019135173374867   0.00011044016538469316
327.   0.020243975462146773   0.00011090194737520655
327.25   0.02029850289677984   0.00011143207703741754
327.5   0.02035501007749462   0.00011198567093497138
327.75   0.020413566186291296   0.00011254761904039186
328.   0.02047424375039935   0.00011310246254463739
328.25   0.020537159183013246   0.00011356502614502134
328.5   0.02060233630514125   0.00011401549405891213
328.75   0.020669842411611104   0.00011446582787383337
329.   0.020739748675797868   0.00011492829909373377
329.25   0.020812051582020978   0.00011545191954512111
329.5   0.02088694041788935   0.0001159990463384159
329.75   0.020964532252758326   0.00011656795617375465
330.   0.02104495015755933   0.00011715689857940036
330.25   0.02112841244514853   0.00011778385951220656
330.5   0.021214932193551122   0.0001184195843600847
330.75   0.021304616448421642   0.00011905405068868765
331.   0.02139757912100923   0.00011967695790810158
331.25   0.021493872723126608   0.0001202857667810397
331.5   0.021593722038906905   0.00012085838353949029
331.75   0.02169729356735218   0.00012138021514774155
332.   0.021804764081666046   0.00012183620057611243
332.25   0.021916379756483216   0.00012204017645614168
332.5   0.022032259733729895   0.00012221262149517427
332.75   0.022152592807533057   0.00012240787515477124
333.   0.022277581159974212   0.00012268215531764868
333.25   0.022407395896301602   0.00012329800366086367
333.5   0.022542333003583652   0.00012403276843161643
333.75   0.02268266169136852   0.00012486389268518745
334.   0.022828670994528323   0.0001257680863582953
334.25   0.02298063025639004   0.00012669250613993308
334.5   0.023138931531375893   0.00012765202867089448
334.75   0.023303953220252315   0.0001286328535462368
335.   0.023476103520675144   0.00012962068636589378
335.25   0.023656018644312705   0.0001304936708582363
335.5   0.023843906562533906   0.00013138436025499263
335.75   0.024040203314694475   0.00013232179458981712
336.   0.024245386248664277   0.0001333364384226244
336.25   0.024459741089300165   0.00013457134692244167
336.5   0.024684171456136675   0.00013590702019641325
336.75   0.024919411630237805   0.0001373321133039328
337.   0.025166266849711467   0.0001388349374654788
337.25   0.025425683334620128   0.0001403760049647147
337.5   0.025698553494361082   0.00014198064414466184
337.75   0.025985930929148294   0.0001436476463747848
338.   0.02628898561297652   0.00014537602160234967
338.25   0.0266091798983566   0.0001471075543784395
338.5   0.026947752036759923   0.00014892085747878836
338.75   0.027306267882003816   0.00015084060780895685
339.   0.02768649451777298   0.00015289363387374047
339.25   0.028090294397630253   0.00015515293599263833
339.5   0.028520136147843   0.00015759082694768352
339.75   0.02897868274232749   0.0001602238675968808
340.   0.029468987389755046   0.00016307102166301764
340.25   0.029994502329647812   0.00016611103498054408
340.5   0.030559395463791973   0.00016942797964971312
340.75   0.031168448308202815   0.00017307028412806574
341.   0.03182726646975149   0.00017709331251157426
341.25   0.03254257578107734   0.0001818097789907308
341.5   0.033322088857963304   0.00018695618061650277
341.75   0.034175169608260156   0.00019250749394183865
342.   0.035113120394869135   0.00019844072237527264
342.25   0.03614971373972525   0.00020434308415535202
342.5   0.03730178034261188   0.00021072526618981288
342.75   0.038590141811253746   0.00021775682367638046
343.   0.040040695193138534   0.00022564285526729765
343.25   0.04168576508230154   0.000234804337709828
343.5   0.04356586010765747   0.0002453247020708838
343.75   0.04573129256833528   0.00025750232037735453
344.   0.048243469152680685   0.00027170198644377227
344.25   0.051174318751095765   0.00028842210700680775
344.5   0.05460192056620333   0.00030804591664800897
344.75   0.05859823267130363   0.00033098486749719044
345.   0.06320838927114908   0.0003574994433795655
345.25   0.06842705611190117   0.00038753073451163784
345.5   0.07418578577354214   0.0004207297535000206
345.75   0.08036462042883283   0.00045642369846585933
346.   0.08682128648013278   0.0004938063759951506
346.25   0.09342044073135525   0.0005321648819784551
346.5   0.10005174366292885   0.0005707800504867471
346.75   0.10663351939857871   0.000609134376480106
347.   0.11310991705926783   0.0006468445378284966
347.25   0.11944589877744857   0.0006833122027384579
347.5   0.12561959020246505   0.0007187488957750177
347.75   0.13161974353221695   0.000753159448736523
348.   0.13744184823127006   0.0007866049767829777
348.25   0.143085103231169   0.0008194701133621166
348.5   0.14855308178023133   0.000851514052012482
348.75   0.1538504740502133   0.0008827600355777642
349.   0.158982983590153   0.0009132338820966403
349.25   0.16395708203928838   0.0009427800722027432
349.5   0.16877890224374242   0.0009716673602150439
349.75   0.17345479751559617   0.0010000018651192878
350.   0.17799099257628512   0.0010278951912074557
350.25   0.18239362770507284   0.0010560577950643553
350.5   0.18666830195068893   0.001083803454755963
350.75   0.1908204503623492   0.001110987003352743
351.   0.19485522010862133   0.0011374434672838565
351.25   0.1987778270062493   0.0011625373270851887
351.5   0.20259236859421975   0.0011866829340335986
351.75   0.2063030012486528   0.0012098619490467594
352.   0.2099136150716463   0.0012320544701026792
352.25   0.21342586208929226   0.0012524381071213734
352.5   0.2168458649269579   0.0012720871040580966
352.75   0.22017767414487616   0.0012913283449150605
353.   0.22342518920781532   0.001310510263491718
353.25   0.2265950053424925   0.0013317656719457399
353.5   0.2296868583517082   0.0013530611553296138
353.75   0.23270303083423954   0.0013740406069540048
354.   0.2356456248033903   0.0013943223299694367
354.25   0.23851505005022544   0.0014120353737263525
354.5   0.24131517703216607   0.0014287659750669406
354.75   0.2440482848009325   0.0014446903969405438
355.   0.24671654620659883   0.0014599954147002056
355.25   0.24932206453512282   0.0014754294684916171
355.5   0.2518667806282849   0.001490438759437595
355.75   0.2543525771308886   0.0015050044092142214
356.   0.25678125550151687   0.0015191057575349954
356.25   0.25915453844009234   0.0015323268592792008
356.5   0.2614740842428868   0.0015451872638363598
356.75   0.26374148188632546   0.0015578281845947894
357.   0.26595825791155564   0.001570396430490334
357.25   0.2681263443768966   0.0015835305042226527
357.5   0.27024651238022807   0.0015967155602554229
357.75   0.27231992732162846   0.0016099092454172751
358.   0.27434769822280397   0.0016230661965874478
358.25   0.27633072164734385   0.0016363530254529608
358.5   0.2782702230573743   0.0016494211801809894
358.75   0.28016722660662013   0.0016621266019479772
359.   0.28202271347245056   0.0016743193183524595
359.25   0.2838371399091469   0.0016847466635902292
359.5   0.28561207851094295   0.0016947670880097566
359.75   0.2873485968939177   0.001704672694297175
360.   0.2890477345789347   0.0017147656550272545
360.25   0.2907111859346996   0.001726913915224561
360.5   0.29233899401516233   0.001739281680849807
360.75   0.2939318387586092   0.0017515510948575015
361.   0.2954903687155743   0.0017633931835893228
361.25   0.29701489429771555   0.001773356707379455
361.5   0.2985064329025456   0.001782633318543404
361.75   0.2999656750586887   0.0017913244039546809
362.   0.3013932887367186   0.0017995347446631857
362.25   0.3027893743577145   0.0018073472576444942
362.5   0.3041553157447001   0.0018149082395241968
362.75   0.30549194547151504   0.0018223426428194453
363.   0.3068000834552451   0.00182977880661606
363.25   0.30808142015261336   0.0018380805219520493
363.5   0.30933552627236044   0.0018463657404365781
363.75   0.31056282237107746   0.0018544695566952351
364.   0.3117637093699969   0.0018622223714964356
364.25   0.3129383744180986   0.0018683832346648181
364.5   0.3140874520809826   0.001874255892524182
364.75   0.31521136903677394   0.0018800978364404556
365.   0.3163105369607376   0.0018861729601759491
365.25   0.31738532910897616   0.001893949411871133
365.5   0.3184361620870571   0.001902038016404781
365.75   0.31946341562698266   0.0019102272268433234
366.   0.3204674567240482   0.001918300045937672
366.25   0.32144776255754604   0.0019239970496230153
366.5   0.32240589640286504   0.0019299237918917887
366.75   0.3233425508212049   0.0019366860272067548
367.   0.3242584151736691   0.0019449027615389902
367.25   0.32515550784804564   0.0019594943536294916
367.5   0.3260326592864311   0.001975139376274944
367.75   0.3268900030687423   0.001990732633058473
368.   0.3277276590361326   0.0020051446977128818
368.25   0.32854455921759196   0.002012935792698011
368.5   0.3293424315964172   0.002018894961740024
368.75   0.3301218390850145   0.0020235821262133266
369.   0.3308833418120945   0.0020275694113627376
369.25   0.3316291810271068   0.0020325479887902662
369.5   0.3323575678184284   0.002037572597427368
369.75   0.33306836464075595   0.002042796844567216
370.   0.33376141875885795   0.0020483771542672597
370.25   0.3344349315311485   0.002055570312287404
370.5   0.33509099209086085   0.002063009876997802
370.75   0.3357300720836127   0.0020704110027862745
371.   0.3363526413097217   0.0020774833976715122
371.25   0.33695943918871635   0.0020832888807534172
371.5   0.33755055418420016   0.0020884214689725436
371.75   0.338126340162588   0.0020928379091606697
372.   0.33868714762181096   0.0020964943799736506
372.25   0.3392338752644889   0.002098225070804303
372.5   0.3397660989572355   0.0020995473288636605
372.75   0.3402839344217425   0.002100873955984746
373.   0.3407874907392962   0.002102624769046848
373.25   0.34127673944664116   0.0021070994947825733
373.5   0.34175195943972314   0.002112121788769789
373.75   0.3422132943227421   0.002117367120212766
374.   0.3426608825095741   0.002122505453404644
374.25   0.3430946740597568   0.0021266306896551776
374.5   0.34351505282358485   0.0021301973380455806
374.75   0.34392221715164867   0.002133092159927827
375.   0.3443163618156343   0.002135200283275896
375.25   0.34469672586401845   0.0021349711529359133
375.5   0.34506482452699117   0.0021342856946162192
375.75   0.3454212305385824   0.002133608856713973
376.   0.3457665190664501   0.0021334125803666656
376.25   0.3461033277657517   0.0021362982299955
376.5   0.34642936460754087   0.0021397922670558633
376.75   0.34674437289075327   0.002143522401647738
377.   0.3470480865375337   0.0021471107851078414
377.25   0.34733868728159306   0.0021486877713260922
377.5   0.3476180422791819   0.00214993713374619
377.75   0.34788648638594316   0.0021510698583766088
378.   0.34814435421931555   0.002152299880190778
378.25   0.3483909919115939   0.002154762743581012
378.5   0.34862811191012655   0.0021573969460378377
378.75   0.34885645030022816   0.002160051287365309
379.   0.3490767482735218   0.002162572473280719
379.25   0.3492897520750229   0.002164805145557026
379.5   0.3494962129507993   0.0021665919115379925
379.75   0.34969688709617425   0.0021677733730446794
380.   0.3498925356044938   0.0021681881546915882
