310.   0.09661321542757138   0.0006856147987029691
310.25   0.09653453877790742   0.0006849657601803809
310.5   0.0964574540812043   0.0006849153027433668
310.75   0.09638217210456775   0.0006852945081449982
311.   0.09630890627019675   0.000685932726070374
311.25   0.09623787273842639   0.0006866575083977626
311.5   0.09616929049385797   0.0006872945472181992
311.75   0.09610338143471743   0.0006876676167371342
312.   0.09604037046559145   0.0006875985191190221
312.25   0.09598122605930143   0.0006856809660222544
312.5   0.09592514613983802   0.0006834436615694716
312.75   0.09587206486712033   0.0006811994722088593
313.   0.09582191629984567   0.0006792648034199474
313.25   0.09577427087599533   0.0006793978632597551
313.5   0.09572956965707385   0.0006799158859505459
313.75   0.09568789393078761   0.0006805630467358062
314.   0.09564932667872722   0.0006810804916745887
314.25   0.0956139787153866   0.0006801395823466183
314.5   0.09558190020641397   0.0006789631602337383
314.75   0.09555316898891746   0.0006777158207214141
315.   0.09552786471160957   0.0006765641978530326
315.25   0.09550699685702338   0.0006761876789719188
315.5   0.09548935451668926   0.0006760448972546016
315.75   0.09547464610390005   0.0006761015304708289
316.   0.09546257713566189   0.0006763228485081478
316.25   0.09545069337566076   0.0006764899269668516
316.5   0.0954417021879664   0.0006768235352552615
316.75   0.09543617679810802   0.0006773623109139854
317.   0.0954346992381795   0.0006781454071475182
317.25   0.09543960892791119   0.000679649603129572
317.5   0.09544906869402642   0.0006813057859771909
317.75   0.09546297759459628   0.000682977098289944
318.   0.0954812346118348   0.0006845247387108101
318.25   0.09550395660894369   0.0006852013452164072
318.5   0.09553073857727357   0.0006857096226245789
318.75   0.09556139055818398   0.0006861515368482028
319.   0.09559572120803833   0.000686630553797206
319.25   0.09563151476284022   0.0006878267816179176
319.5   0.09567139681821872   0.0006890452437018136
319.75   0.09571599609901642   0.0006901598776409577
320.   0.09576595279832356   0.0006910426649220835
320.25   0.09582473089782556   0.0006908229127475844
320.5   0.09588907634994838   0.0006904006411312463
320.75   0.09595851965792401   0.0006899435975000286
321.   0.09603258579801391   0.0006896222317346525
321.25   0.0961085618489086   0.0006902527295191248
321.5   0.09618907114444013   0.0006911155147151007
321.75   0.09627453219433482   0.0006921273661693605
322.   0.09636537296197342   0.0006932036906477924
322.25   0.09646258544285238   0.0006938838973199948
322.5   0.09656584589929681   0.00069460221682025
322.75   0.09667538680464764   0.0006954226657053116
323.   0.09679144778387631   0.0006964104394331321
323.25   0.09691551991069161   0.0006979129777173151
323.5   0.09704612588990696   0.0006996066636777789
323.75   0.09718301997849742   0.0007014455717189806
324.   0.09732595528006492   0.0007033829626227779
324.25   0.09747310582615835   0.0007052893290923186
324.5   0.09762641908858365   0.000707230239382057
324.75   0.09778629108020341   0.0007091898395102017
325.   0.09795312981083462   0.0007111519813214601
325.25   0.09812796182102625   0.0007130432910634677
325.5   0.09831037779746712   0.000714926207837634
325.75   0.09850057713330967   0.0007168069772054817
326.   0.09869876863277625   0.0007186919990612436
326.25   0.0989050169013513   0.0007206238600312183
326.5   0.0991197657103852   0.0007225591842882191
326.75   0.09934331886730718   0.0007244900907734041
327.   0.09957599347654812   0.0007264085486473538
327.25   0.09981844543287322   0.0007282516928528314
327.5   0.10007056935704932   0.000730087205809122
327.75   0.10033259369274744   0.0007319290613740388
328.   0.10060476051111565   0.0007337916016103681
328.25   0.10088670615083864   0.0007356751240653581
328.5   0.10117956489113102   0.0007376148362815295
328.75   0.10148388103232844   0.0007396322688434682
329.   0.10180022319544231   0.0007417495703919203
329.25   0.10213016734579831   0.0007442795294003796
329.5   0.10247297218553841   0.0007468427437641201
329.75   0.10282888419200588   0.0007493436790782564
330.   0.1031981702024742   0.0007516842537211004
330.25   0.10358008511170812   0.0007530253048922502
330.5   0.10397637685516488   0.0007542885429020426
330.75   0.10438781117750444   0.0007556729147664365
331.   0.10481519409538781   0.0007573832455909861
331.25   0.10526024181827444   0.0007604876262338131
331.5   0.105722647408896   0.0007640145886553773
331.75   0.10620299747994005   0.0007678334708352307
332.   0.10670192139322779   0.0007718097934915528
332.25   0.10721874437057861   0.0007753381546274711
332.5   0.1077560652823076   0.0007789230288460649
332.75   0.10831522715535198   0.0007826110878415014
333.   0.10889765246325223   0.0007864507628292939
333.25   0.10950823141895591   0.0007905294188123883
333.5   0.1101438819616084   0.0007948481732899073
333.75   0.11080489746495238   0.0007994462823816301
334.   0.11149162925886216   0.0008043648604202888
334.25   0.112199361716672   0.0008098391612632721
334.5   0.11293568373357243   0.0008156485965529845
334.75   0.11370331241417209   0.0008217603557817003
335.   0.1145051437628709   0.0008281408597203265
335.25   0.11534774733857568   0.0008345601981106305
335.5   0.11622962817562654   0.0008412535011230966
335.75   0.11715287430393559   0.0008482669478851333
336.   0.11811977300254857   0.0008556495443266148
336.25   0.11913214637419942   0.0008636524352447852
336.5   0.12019370406779237   0.0008720565907396628
336.75   0.12130777829432923   0.0008808373784310899
337.   0.12247803336545063   0.0008899701260856765
337.25   0.12370847577988837   0.00089916079292114
337.5   0.12500361657730505   0.0009087559828028707
337.75   0.12636841958979175   0.0009188461482696201
338.   0.12780840266461363   0.0009295288579176547
338.25   0.12932967387186992   0.0009410830421365242
338.5   0.13093917904315577   0.0009533853555419329
338.75   0.13264466673426784   0.00096648672831699
339.   0.1344548682694789   0.0009804451261634722
339.25   0.13637898914447155   0.0009955433901301172
339.5   0.13842917383475903   0.001011560387347437
339.75   0.1406185228482978   0.0010284891168508025
340.   0.14296204022320402   0.0010463284054288784
340.25   0.14547920730547084   0.001064373982524035
340.5   0.14818700836102422   0.0010836102519519676
340.75   0.15110775686318229   0.0011043764158689745
341.   0.1542676719030591   0.0011270563419538528
341.25   0.15769538399263827   0.0011529580562549642
341.5   0.1614310378574967   0.00118140639124221
341.75   0.1655199829230368   0.0012125970419491101
342.   0.1700169295192141   0.0012467794844168145
342.25   0.1749889752823034   0.001283801018009784
342.5   0.18051690553021624   0.0013246983536695455
342.75   0.18670117785047363   0.00137020495715871
343.   0.1936667158087087   0.0014212315744493078
343.25   0.20157003694897824   0.0014786477951521857
343.5   0.21060567157142274   0.0015442250532800394
343.75   0.22101589627578352   0.0016198537562849417
344.   0.2330963444722327   0.0017078400518631943
344.25   0.24719288749655488   0.001811575077223607
344.5   0.2636814024677636   0.0019331628035301476
344.75   0.28290761372803663   0.0020750795177264343
345.   0.3050874756455375   0.002238827605127443
345.25   0.33019306801232823   0.002423031324629623
345.5   0.3578925297868707   0.0026264056648593703
345.75   0.3876058445267963   0.002845042750409441
346.   0.4186460782937656   0.0030743582886585607
346.25   0.4503645724803862   0.003312456255355766
346.5   0.4822245681710203   0.0035531357964408835
346.75   0.5138310040308147   0.003793019960929933
347.   0.5449131793616642   0.004029467405124254
347.25   0.5752933146731208   0.004258193523712393
347.5   0.6048733756472032   0.004480329274854359
347.75   0.6336004804462912   0.004695462853528331
348.   0.6614544733919181   0.004903462325403758
348.25   0.6884341323483256   0.005103893137903847
348.5   0.7145575647892172   0.005297618521132827
348.75   0.7398491476244402   0.005485173722211086
349.   0.7643382535352519   0.005667191502039623
349.25   0.7880663287412091   0.005846208079410692
349.5   0.8110538679416168   0.006020532339642997
349.75   0.8333298166676715   0.006190137168618582
350.   0.8549221934546596   0.006354952802875081
350.25   0.8758474356666734   0.006515698652138665
350.5   0.8961447606141553   0.006671088053336852
350.75   0.9158424928035467   0.006820545079424872
351.   0.9349677494265622   0.006963420299664482
351.25   0.9535480164534635   0.007090560234190476
351.5   0.971605871589109   0.00721268658342136
351.75   0.9891642103815513   0.007332698402139395
352.   1.0062448007051996   0.0074537117775264625
352.25   1.0228753961021473   0.007595573546217596
352.5   1.0390660502623625   0.0077391753657669645
352.75   1.0548324504696938   0.007880988934022608
353.   1.0701892153776225   0.008017198264027988
353.25   1.0851510705535523   0.008128390638646486
353.5   1.0997291792673405   0.008231253939634925
353.75   1.1139348709070884   0.008327817533608846
354.   1.1277786292926961   0.00842024899576016
354.25   1.141262911382388   0.00851739303106912
354.5   1.1544066264822628   0.008612669950020845
354.75   1.1672211357570057   0.008705822025403138
355.   1.179717307730449   0.008796565974165463
355.25   1.1919044479587138   0.008882410075401416
355.5   1.20379406213164   0.008966034728229816
355.75   1.2153962056297885   0.009048017007688211
356.   1.226720584399205   0.009128955693674709
356.25   1.2377813616755047   0.009212420126886977
356.5   1.2485810092454017   0.009294977398683827
356.75   1.259126294374611   0.00937603801276967
357.   1.2694236338486071   0.00945497862285243
357.25   1.2794736936599105   0.00952897255251551
357.5   1.2892897433887551   0.00960033359998166
357.75   1.298879548452651   0.009669258647503523
358.   1.3082506851111062   0.00973595057910672
358.25   1.317421435129846   0.009800181252467883
358.5   1.3263839692516708   0.009862769914341438
358.75   1.3351407979996146   0.00992412023481035
359.   1.3436941221247105   0.009984648085836448
359.25   1.3520384572963589   0.010043661327467361
359.5   1.360185661518628   0.010103150994911148
359.75   1.3681401751296847   0.01016403636708914
360.   1.375906281666554   0.010227263567274868
360.25   1.3834803799883586   0.010301322704787758
360.5   1.3908771891991818   0.010376788511342144
360.75   1.3981037936021992   0.010451549234999311
361.   1.4051672502019121   0.01052341954153249
361.25   1.4120853698664266   0.010582985790754578
361.5   1.4188502126494813   0.010637850463282687
361.75   1.4254642937698427   0.010688594244931696
362.   1.4319299837104729   0.010735818143065031
362.25   1.4382449283469132   0.010776504352483802
362.5   1.444417591692663   0.010816345302589538
362.75   1.4504518450883703   0.01085750868207583
363.   1.456351488343165   0.010902221298212625
363.25   1.462127800415728   0.010963720567927467
363.5   1.4677739650588946   0.011029136191053196
363.75   1.473290464183015   0.011096334672597057
364.   1.4786776403887547   0.011163120128398547
364.25   1.4839331523631925   0.011225288369814504
364.5   1.4890606194938907   0.011283228744398332
364.75   1.4940610450199272   0.011335371272431671
365.   1.4989353350046382   0.0113801088117245
365.25   1.5036743031843685   0.011403207081229516
365.5   1.5082925706443868   0.011420491791175259
365.75   1.512794892162852   0.011435438945280622
366.   1.517186031875631   0.011451608855356094
366.25   1.521480046256117   0.01148532908579073
366.5   1.5256688108347154   0.01152268225127154
366.75   1.5297533015165712   0.011562252395504348
367.   1.5337344229035044   0.011602588317507096
367.25   1.5376056995310983   0.011638987518074476
367.5   1.5413780709989402   0.011674405465353439
367.75   1.5450552451285153   0.011708611043788014
368.   1.5486409286856035   0.011741367819674272
368.25   1.5521472816088235   0.011770399259116483
368.5   1.555566245656983   0.011798290630809114
368.75   1.558898058442701   0.011825625399896986
369.   1.5621428904248569   0.011852998548092249
369.25   1.5653036944394176   0.01188441555667864
369.5   1.5683765473528948   0.011915761972475706
369.75   1.571360260857504   0.011946272814375576
370.   1.5742535640606905   0.011975167624997504
370.25   1.5770504480195149   0.011997712390119191
370.5   1.5797559673562684   0.01201858052976969
370.75   1.5823705214178154   0.012038559490326234
371.   1.5848944683299253   0.01205845129662757
371.25   1.5873012507327742   0.012085139723101601
371.5   1.5896285792869085   0.012111004605663216
371.75   1.5918876877731951   0.012134408528171693
372.   1.594089961694267   0.012153685130926014
372.25   1.5962897549368318   0.012156663183673476
372.5   1.5984390983194847   0.012156215552254108
372.75   1.6005323213601836   0.012154872576805668
373.   1.60256360847975   0.01215520734333408
373.25   1.6045145886535561   0.012169790138176702
373.5   1.6063964601346647   0.012187407180888033
373.75   1.6082080555010358   0.012206693351007093
374.   1.6099481523482515   0.012226259820560963
374.25   1.611597611824441   0.01223937295341701
374.5   1.6131799992768279   0.012252013576954697
374.75   1.6147012206469384   0.012264894830996095
375.   1.6161672415897415   0.012278740688470286
375.25   1.617604456130482   0.012299238277146294
375.5   1.618990553736868   0.012320229533871187
375.75   1.62032337157657   0.012340451229729349
376.   1.6216006824633658   0.012358620798875024
376.25   1.6228089958178704   0.01236613887425726
376.5   1.6239615739072568   0.012371859211035762
376.75   1.6250605653697572   0.012377415537989708
377.   1.626108122907979   0.012384465126841649
377.25   1.6271120929978093   0.012402419853750901
377.5   1.6280667031706817   0.012422202546209299
377.75   1.628971802698863   0.012442392085944684
378.   1.6298272138281238   0.012461547030744792
378.25   1.6306241596697284   0.0124733673052748
378.5   1.6313743651359682   0.012483119751168024
378.75   1.6320810617084842   0.012491272030613815
379.   1.6327475012904586   0.012498298214047958
379.25   1.6333769560109328   0.012504678694795428
379.5   1.6339727180306878   0.012510900124560253
379.75   1.6345380993495702   0.012517455370585505
380.   1.635076431615399   0.01252484349524947
