310.   0.0797768155062839   0.0013776391067471829
310.25   0.0797019815004275   0.001370817978455526
310.5   0.07962701705975823   0.0013659456310563737
310.75   0.07955232354072139   0.0013627196769497895
311.   0.07947830676678694   0.0013608347952542607
311.25   0.07940537716698803   0.0013599826087058156
311.5   0.07933394991950221   0.0013598515617385264
311.75   0.07926444510050269   0.0013601268007703488
312.   0.07919728783852131   0.00136049005733856
312.25   0.079134302592964   0.001359437223171345
312.5   0.07907397965514204   0.0013582927395968752
312.75   0.07901619479716504   0.0013572069930959914
313.   0.07896082290235511   0.0013563320998217626
313.25   0.07890689619220836   0.0013561081646051233
313.5   0.07885546215673285   0.0013562916105867601
313.75   0.07880673447848108   0.0013569239509021774
314.   0.07876093000101259   0.0013580472568665207
314.25   0.07871952556439532   0.0013606315241950302
314.5   0.07868099142498095   0.0013634262707433982
314.75   0.07864504421547286   0.001366098756039066
315.   0.07861139770837708   0.0013683120952559036
315.25   0.07857874878735778   0.0013682909923785531
315.5   0.07854821952973415   0.0013676902932783508
315.75   0.07851992656523196   0.0013667425901892796
316.   0.07849398871788209   0.0013656834411275838
316.25   0.07847006259342511   0.0013651918691517427
316.5   0.07844891945575042   0.001364895465315993
316.75   0.07843087408283118   0.0013648602547145887
317.   0.07841624639947628   0.001365153204489932
317.25   0.07840675366435396   0.0013664178335826827
317.5   0.07840078565160724   0.0013679205306923927
317.75   0.07839811248202455   0.001369497074871619
318.   0.07839850206620515   0.0013709809346032133
318.25   0.07840035323104032   0.0013716103132812578
318.5   0.0784053347815259   0.0013720403728187422
318.75   0.07841376412783309   0.001372338606162924
319.   0.07842596455105864   0.001372573492335238
319.25   0.07844339380812781   0.0013730019188553572
319.5   0.07846481480267842   0.0013734334175831947
319.75   0.07849010999964304   0.0013738633135750439
320.   0.07851916147081256   0.0013742868093942256
320.25   0.07855151890653816   0.0013744572127822065
320.5   0.07858752623616308   0.0013747064359839
320.75   0.07862719975322055   0.0013751280941345075
321.   0.07867055759107949   0.00137581737084572
321.25   0.0787167533073857   0.0013772052329054296
321.5   0.07876701627932106   0.0013789246182293374
321.75   0.0788217245150988   0.0013809393653057664
322.   0.07888126441521749   0.0013832127765953674
322.25   0.07894845242597151   0.0013855033091886466
322.5   0.07902032017855953   0.0013880576855395048
322.75   0.0790962919656977   0.001390920960115368
323.   0.0791757839795108   0.001394139086792422
323.25   0.07925418755089414   0.0013982061296667102
323.5   0.07933649481741321   0.0014025472545755862
323.75   0.0794237390334958   0.0014070283973303293
324.   0.07951697564908075   0.001411513034141535
324.25   0.07962080896404197   0.0014153623170657362
324.5   0.07973143382026115   0.0014191302069454209
324.75   0.07984853447099825   0.0014228768455556838
325.   0.07997179251104379   0.0014266636009790678
325.25   0.08009935314626655   0.0014312437101960992
325.5   0.08023302681452313   0.0014357201081767951
325.75   0.08037311577164322   0.001439874931112169
326.   0.08051993285754469   0.0014434856808700522
326.25   0.08067437788951892   0.0014447141089765144
326.5   0.08083598561966711   0.0014455689580476364
326.75   0.08100486780334878   0.0014464742373634432
327.   0.08118114398633987   0.0014478634439135968
327.25   0.08136435591400018   0.0014521757346303284
327.5   0.08155545528013339   0.0014570897381730205
327.75   0.08175482927371844   0.0014622494180118065
328.   0.08196288096367461   0.0014672904633804393
328.25   0.08218108917309783   0.001470295539947161
328.5   0.08240841986957306   0.0014730290761934262
328.75   0.08264489354323054   0.0014757356534110231
329.   0.08289053967431945   0.0014786661029700199
329.25   0.08314451697418027   0.0014827164335601618
329.5   0.08340809829410661   0.001487263897121914
329.75   0.08368170811060113   0.0014923166411759928
330.   0.08396579315916314   0.0014978833639087577
330.25   0.08426060480689973   0.0015041016784912526
330.5   0.0845669436812002   0.0015108033157732214
330.75   0.08488542425180949   0.0015179457543831603
331.   0.08521669329930663   0.0015254856139880963
331.25   0.08556194205542024   0.0015333570389941854
331.5   0.08592118221865104   0.0015415447161190817
331.75   0.08629496166100287   0.001550011341059697
332.   0.08668386505263048   0.0015587188313452998
332.25   0.08708888012025712   0.0015676301774922618
332.5   0.08751017106441487   0.0015767030780318538
332.75   0.08794830157543887   0.0015858959777513087
333.   0.0884038812276158   0.001595166216537004
333.25   0.08887613733327347   0.0016041043888977758
333.5   0.08936776895645851   0.0016131720260702152
333.75   0.08988014881498757   0.0016224756602457766
334.   0.09041473847495782   0.0016321263639301662
334.25   0.09097405065132255   0.001642379048156466
334.5   0.091558430647139   0.001653162758797608
334.75   0.09216926145458243   0.001664546427553996
335.   0.09280803843752469   0.0016766029089513087
335.25   0.09347705332152707   0.00168977897980943
335.5   0.09417713447853301   0.0017036455954707384
335.75   0.0949099094657229   0.0017181342242035824
336.   0.095677163199442   0.0017331748129700865
336.25   0.09647966087552565   0.0017482359397898515
336.5   0.09732121152843264   0.0017638789717098827
336.75   0.09820470202104244   0.0017802235462186645
337.   0.09913329631835957   0.0017973976477818497
337.25   0.10011136811160415   0.0018158048445619072
337.5   0.10114151328215201   0.0018352261351417365
337.75   0.10222758428457646   0.001855707738088735
338.   0.10337387100197665   0.0018773025623575147
338.25   0.10458417131625994   0.0018999196355916801
338.5   0.10586522060790274   0.0019238368999815114
338.75   0.10722348359462287   0.0019491994439069106
339.   0.10866623057381196   0.0019761689312913716
339.25   0.1102037857496679   0.002004957771129605
339.5   0.11184256209620792   0.0020357263698467013
339.75   0.1135922490669059   0.002068691111770585
340.   0.11546399931005216   0.002104098665183956
340.25   0.11746716114835695   0.0021426218749746174
340.5   0.11962157828257744   0.002184054197429742
340.75   0.12194635069697113   0.002228601605834842
341.   0.12446382122433144   0.0022765164051392083
341.25   0.12720313372534997   0.002327377568284599
341.5   0.13019166842277025   0.0023825566600501453
341.75   0.13346546760784977   0.002442851392371126
342.   0.13706805660134172   0.0025092118872525947
342.25   0.14105204954567385   0.002583099466156585
342.5   0.14548291179103787   0.002665472163534653
342.75   0.1504411182152407   0.0027578810041963666
343.   0.15602676197731746   0.00286225201982813
343.25   0.16236286459532273   0.0029817004989254915
343.5   0.1696084904064207   0.003118290938337009
343.75   0.1779589417505907   0.0032754154662959388
344.   0.18765249993688424   0.0034572162296389194
344.25   0.19897451156103024   0.003666803342161927
344.5   0.2122195785225998   0.0039115691954566155
344.75   0.22766329417955916   0.004197016055812216
345.   0.245476078365616   0.004526841906174089
345.25   0.2656175929959874   0.004905757972019346
345.5   0.2878327943274036   0.0053240846346076474
345.75   0.3116565832722743   0.005771796436279284
346.   0.33653942552783594   0.006236724444001518
346.25   0.3619802287310186   0.006696026921972483
346.5   0.38753318167842515   0.007152271942261819
346.75   0.4128796073576656   0.007601800514316739
347.   0.43780026462446375   0.008043587137154404
347.25   0.46214367290711333   0.008490685643601925
347.5   0.4858365094077965   0.008930422543174148
347.75   0.5088360657683809   0.009361028060480022
348.   0.5311258784947466   0.009780864177144334
348.25   0.5527084143303491   0.010183766847436318
348.5   0.5735927992780219   0.0105739809240874
348.75   0.5937963458936657   0.010951745702383237
349.   0.613340092960644   0.011317366769953941
349.25   0.632234490073996   0.011671935758836825
349.5   0.6505199002870949   0.012014784736695967
349.75   0.6682255677072448   0.012345906880192204
350.   0.6853807158775405   0.012665246420304468
350.25   0.7020303510022914   0.012969251600792778
350.5   0.718180896700494   0.013262436487106666
350.75   0.7338527099624279   0.01354614668286177
351.   0.7490648101158189   0.013821809592612158
351.25   0.7638357507143423   0.014089248004655126
351.5   0.7781807874029105   0.014352333577707226
351.75   0.7921147352597906   0.014613461095981054
352.   0.8056512156605263   0.014875147860314132
352.25   0.8187899099762069   0.01515742833114846
352.5   0.8315597931920868   0.01543922003720596
352.75   0.843976908381892   0.01571575339950251
353.   0.856056724682727   0.015981866920527086
353.25   0.8678177763803885   0.016209544842240256
353.5   0.8792695746362591   0.016423766927354203
353.75   0.8904245606217855   0.016628033420748402
354.   0.9012946714858672   0.016826073314818106
354.25   0.9119034349000603   0.017030358525349933
354.5   0.9222452893484299   0.0172333186820736
354.75   0.9323256915257012   0.017435661591229442
355.   0.9421494579888119   0.017638104741887945
355.25   0.9517107298719292   0.01784975576725966
355.5   0.9610270377481889   0.018059794088868836
355.75   0.970105777655645   0.018265392444315784
356.   0.9789540353402715   0.018463565728546665
356.25   0.9875732263776835   0.01863675886249094
356.5   0.9959773054369396   0.018801598223779106
356.75   1.0041748228593628   0.01896076619504779
357.   1.012174188087297   0.019117067391782715
357.25   1.019991673837829   0.01928540301530286
357.5   1.027624390828508   0.0194522486396223
357.75   1.035077023222268   0.01961570389061861
358.   1.042354024555472   0.019773779631814082
358.25   1.0494644082092006   0.019915664563456836
358.5   1.0564055882907473   0.020051292578473007
358.75   1.0631793904929552   0.020182091446037456
359.   1.0697873816400238   0.020309542285880586
359.25   1.076222387886091   0.020439016551900998
359.5   1.0824972578158667   0.020566780245712516
359.75   1.0886163987191715   0.020692861207584547
360.   1.0945841188047956   0.02081728177879736
360.25   1.100399994906624   0.02094241510401855
360.5   1.1060745845106297   0.021065006703914063
360.75   1.1116138652273508   0.021184081383051973
361.   1.1170237966124268   0.0212986284696252
361.25   1.1223247131641179   0.021401908431011373
361.5   1.1275025812666908   0.021500742784117385
361.75   1.1325573397650033   0.021596387422972933
362.   1.137488745307692   0.021690135322551683
362.25   1.1422821313511933   0.021787147200910555
362.5   1.146956687240717   0.021883468581567887
362.75   1.1515175676172906   0.021978909733296862
363.   1.1559699294327073   0.022073271353478044
363.25   1.1603308702891124   0.022165385351930193
363.5   1.1645889755588166   0.022256366750375088
363.75   1.1687444775710276   0.0223463860345951
364.   1.1727974888774153   0.022435615257881614
364.25   1.1767519066077954   0.02252703351311292
364.5   1.1806021943095706   0.022616917495383602
364.75   1.1843465160271731   0.022704285287276867
365.   1.1879828908408334   0.022788128271491726
365.25   1.1914857132965637   0.02286536806206997
365.5   1.1948853718483932   0.022937785911842437
365.75   1.1981891548274959   0.023005139379407027
366.   1.2014044428953383   0.023067180873264283
366.25   1.2045468822145635   0.023118618005276335
366.5   1.2076126662973132   0.02316620193428185
366.75   1.2106060817941542   0.023211744733073626
367.   1.2135314300201223   0.023257099346882776
367.25   1.216415591481871   0.02330866717372131
367.5   1.2192315053591192   0.023362112274864576
367.75   1.2219742452789426   0.02341755177982371
368.   1.224638708613507   0.02347509994281702
368.25   1.2271948765048064   0.023535288234536357
368.5   1.229671740739005   0.02359764224405873
368.75   1.2320738479667335   0.023662101586505776
369.   1.2344057833182136   0.023728602042449327
369.25   1.2366926027994656   0.023804432661760692
369.5   1.2389105234552953   0.02387927899349739
369.75   1.2410558680350232   0.023950048731743983
370.   1.24312483901728   0.02401358902208381
370.25   1.2450876968074756   0.024047555259850122
370.5   1.2469763698283043   0.024075319022332824
370.75   1.248797288416553   0.02410138662663293
371.   1.250556961992381   0.02413034818138138
371.25   1.2522761193266094   0.024189832345825286
371.5   1.2539417287653287   0.024252619547096187
371.75   1.2555547461684968   0.02431415424066066
372.   1.2571161028575586   0.024369798284872107
372.25   1.2586431277398737   0.024393425417082656
372.5   1.2601138280509845   0.024410058370388878
372.75   1.2615223546698606   0.024423567149379693
373.   1.2628627258838336   0.024437888546050862
373.25   1.264090566580455   0.024473457453172465
373.5   1.2652529527968817   0.02451144418138553
373.75   1.2663591411757888   0.02454927041145919
374.   1.267418511606608   0.024584314403298366
374.25   1.2684659831915122   0.02460300583799318
374.5   1.2694757529742198   0.02461783738985217
374.75   1.2704471909139137   0.024630510037371912
375.   1.2713796259372918   0.024642751487800534
375.25   1.2722742120198691   0.024658952716251223
375.5   1.2731275982841457   0.024677218457028843
375.75   1.2739382348400916   0.024698279646939107
376.   1.2747045226868434   0.02472287657928821
376.25   1.275418483945979   0.02475863684592501
376.5   1.2760872498820275   0.02479672992281421
376.75   1.2767116579746194   0.024835122005156394
377.   1.2772925361486531   0.024871748897728762
377.25   1.2778286878093403   0.024895530129426618
377.5   1.2783237324624892   0.024916872415062345
377.75   1.2787792911175233   0.024937281042252693
378.   1.279196987262377   0.02495828215761341
378.25   1.2795705561135333   0.024988688652108848
378.5   1.2799126306471538   0.025019934189557676
378.75   1.2802280520672742   0.02505064983677198
379.   1.2805217061351502   0.025079447782606956
379.25   1.2807985226116139   0.025104921609130887
379.5   1.2810634747088925   0.025125646557591638
379.75   1.2813215785515377   0.025140179789365658
380.   1.2815778926463532   0.025147060642074354
