310.   0.10218754903894836   0.0003514087878865169
310.25   0.10210761264535394   0.0003523341320723484
310.5   0.10203142332448463   0.0003526414648216071
310.75   0.10195884141743017   0.0003524547821170548
311.   0.10188972641089145   0.0003518993533428108
311.25   0.10182393691235832   0.0003511017449938616
311.5   0.10176133062453341   0.0003501898506707772
311.75   0.1017017643189699   0.0003492929275974775
312.   0.10164509380889279   0.0003485416401768409
312.25   0.10159086959786053   0.00034860829621895283
312.5   0.10153937016670724   0.0003488727377921345
312.75   0.10149057172511476   0.0003492510815804209
313.   0.10144445085172513   0.0003496584895242613
313.25   0.10140043364641652   0.00034983821766171135
313.5   0.10135926607279652   0.000349941987223986
313.75   0.10132114947822142   0.0003499513320145295
314.   0.1012862883653706   0.0003498475388897903
314.25   0.101255044970977   0.000349493665182214
314.5   0.10122741493592766   0.00034903502549039325
314.75   0.10120355016170349   0.0003485000452182322
315.   0.10118360536675487   0.0003479174994161291
315.25   0.10116855435645122   0.00034724500427987077
315.5   0.10115741933489049   0.00034661186499096295
315.75   0.10115003243713368   0.00034607700754529964
316.   0.10114622465417533   0.00034570011343964266
316.25   0.10114512659691736   0.000345862005484609
316.5   0.10114754200789566   0.00034617719851107073
316.75   0.10115358254782875   0.0003465776279443469
317.   0.10116336251575517   0.0003469943272308044
317.25   0.10117676758912095   0.000347125884471474
317.5   0.10119424026824765   0.00034722424334472375
317.75   0.10121599754119441   0.00034731172477256656
318.   0.101242260829701   0.00034741096434739245
318.25   0.10127448224467327   0.0003476586585627131
318.5   0.10131118324425659   0.00034791954393115286
318.75   0.10135210033823222   0.00034817096014938174
319.   0.10139696768209802   0.000348389914408143
319.25   0.10144382181293085   0.0003483973029674501
319.5   0.10149475484926831   0.0003483865735707669
319.75   0.10155018428542767   0.00034839714678133564
320.   0.10161053584927857   0.0003484690514693177
320.25   0.10167744242445231   0.00034883099366396297
320.5   0.10174967689797088   0.00034926222610735314
320.75   0.10182720289156198   0.00034972806090013687
321.   0.10190998562601802   0.0003501932609586906
321.25   0.10199742558625735   0.00035050238135934486
321.5   0.10209028063798511   0.00035078570397963397
321.75   0.10218875260327288   0.00035105505320106656
322.   0.10229304930518662   0.0003513224600428562
322.25   0.10240364710918945   0.0003514550623867943
322.5   0.10252040138235982   0.000351667503755699
322.75   0.10264343250683715   0.0003520317686502557
323.   0.10277286612526357   0.0003526211400683392
323.25   0.10290896738342235   0.00035403990239979015
323.5   0.10305168668728691   0.00035562665689945427
323.75   0.10320111230397389   0.0003572423526847368
324.   0.10335733787067859   0.0003587453116972719
324.25   0.10351985912300801   0.00035949144038567094
324.5   0.10368962158855399   0.0003600290746473973
324.75   0.10386698410331567   0.00036041267621310087
325.   0.10405231720197063   0.0003606977606994458
325.25   0.10424722457115226   0.00036097653942504044
325.5   0.10445040299136532   0.000361257246672601
325.75   0.1046617611736689   0.0003615842529417006
326.   0.10488121145741545   0.00036200287629140293
326.25   0.10510714195027325   0.00036271810820300704
326.5   0.10534159901441623   0.00036355655649285143
326.75   0.10558513531374321   0.0003645015192110408
327.   0.10583832270419682   0.00036553597114029096
327.25   0.10610248662985464   0.0003666107388684416
327.5   0.10637722100939026   0.0003677523310571039
327.75   0.10666286057986996   0.00036895573281515173
328.   0.10695975690363879   0.0003702158502562583
328.25   0.10726859605657552   0.0003715477837613731
328.5   0.10758932648120333   0.00037291808337635397
328.75   0.1079222265512625   0.0003743130358375985
329.   0.10826759295032497   0.0003757186149344467
329.25   0.1086255383404647   0.0003770629122791505
329.5   0.10899668287353168   0.00037841118587356653
329.75   0.10938147040049984   0.0003797721323639691
330.   0.10978037125479692   0.0003811547184283626
330.25   0.11019336216454606   0.0003825358315685424
330.5   0.11062169731083216   0.00038396997757331376
330.75   0.11106615493319004   0.00038548044673470446
331.   0.11152755511359722   0.0003870912822682236
331.25   0.11200724607102375   0.00038896371626301313
331.5   0.11250547103265332   0.0003909341924777509
331.75   0.11302299550116085   0.00039297273315167593
332.   0.11356063506416855   0.0003950485134282577
332.25   0.11411989338658445   0.000397151997977793
332.5   0.11470082026038406   0.0003992197169575877
332.75   0.11530414453929932   0.00040120870203316084
333.   0.11593065540331442   0.0004030745520380788
333.25   0.1165789823635936   0.00040429775831406304
333.5   0.11725313613172525   0.0004054869705153036
333.75   0.11795505228462247   0.000406790616099646
334.   0.1186867887581473   0.0004083627556357494
334.25   0.11945289774080378   0.00041086665666016707
334.5   0.12025245090549075   0.0004137727337675451
334.75   0.12108695871563055   0.00041704411692898655
335.   0.12195806753842689   0.0004206429135863196
335.25   0.12286713536061938   0.00042456792440058244
335.5   0.12381673312865779   0.00042872670555267514
335.75   0.12480919590885786   0.000433061837714634
336.   0.125847075021872   0.0004375137387046913
336.25   0.12693157196317667   0.0004417898843879994
336.5   0.1280679478377586   0.00044614409255627074
336.75   0.12926024532075592   0.00045060672856083757
337.   0.1305128858633266   0.0004552102017842889
337.25   0.1318327937740586   0.00046000160207024677
337.5   0.13322244268312672   0.0004650011243610051
337.75   0.1346868313136519   0.0004702436666132219
338.   0.13623153340533292   0.000475767107749781
338.25   0.13786141530877538   0.0004817276647583497
338.5   0.13958534954752339   0.00048801246579485447
338.75   0.14141179601848236   0.0004946216865378163
339.   0.14335027629812397   0.0005015572352748851
339.25   0.14541224888324322   0.0005086109542141587
339.5   0.14760896827759973   0.0005160800835784206
339.75   0.14995405398958173   0.0005240663321876757
340.   0.15246312935637749   0.0005326825490615205
340.25   0.15515376779883772   0.000542327754346252
340.5   0.15804745258637254   0.0005527710080480117
340.75   0.16116872717157713   0.0005640523546211709
341.   0.16454637235896633   0.00057622262054006
341.25   0.16821482938858276   0.0005889779779026261
341.5   0.1722138489772863   0.0006028984818512446
341.75   0.176591582723743   0.0006182513764221096
342.   0.18140615593406015   0.0006353508510144986
342.25   0.18672827283049698   0.0006552606096233679
342.5   0.19264467702294388   0.0006775012175867181
342.75   0.19926252911203846   0.0007022969761910977
343.   0.20671510857938902   0.0007299419868024116
343.25   0.21516863149197968   0.0007598817717791435
343.5   0.2248317336845721   0.0007938437588115062
343.75   0.23596335682047226   0.000832895199498332
344.   0.248879485409661   0.0008783369729072763
344.25   0.2639497558128464   0.0009325274890990241
344.5   0.28157613561331185   0.0009961251442878293
344.75   0.3021284439968727   0.0010703960638748908
345.   0.32583802742293466   0.0011560963633938334
345.25   0.3526780969414707   0.0012526904379619513
345.5   0.382292160880716   0.0013591854703392922
345.75   0.4140601605522145   0.0014733424782794686
346.   0.44724731113021166   0.0015924931167261326
346.25   0.4811520456343744   0.0017136577190956953
346.5   0.5152081251039703   0.0018352589519345789
346.75   0.5489950426739792   0.0019559266570234723
347.   0.5822256494478256   0.0020748064142865016
347.25   0.6147193300605188   0.002192497550931138
347.5   0.6463655455193196   0.0023074964698827135
347.75   0.6771078834360704   0.002419357575818413
348.   0.7069247973150449   0.002527709910337763
348.25   0.7358189616962015   0.00263098944386057
348.5   0.7638040925737444   0.0027305057494219596
348.75   0.7909039998769662   0.002826515257723308
349.   0.8171475143033328   0.002919328577956698
349.25   0.8425644760769343   0.003009857470426446
349.5   0.8671892817376953   0.00309773935093156
349.75   0.8910548622140895   0.0031831338714877135
350.   0.9141934609008993   0.003266200001668959
350.25   0.9366329947216046   0.0033491619894280723
350.5   0.9584076920787785   0.0034293661174642455
350.75   0.9795474187684199   0.003506024986172602
351.   1.0000806911893614   0.0035782665247441362
351.25   1.0200370894961837   0.0036389513713948425
351.5   1.0394391784898258   0.003695493669115516
351.75   1.0583104792255718   0.0037495410568173623
352.   1.0766732347409016   0.0038028741107952214
352.25   1.0945585964657507   0.003864616756065115
352.5   1.1119726162318044   0.003926914486287998
352.75   1.1289297062253738   0.003988752662020963
353.   1.1454430010287908   0.004049023867065874
353.25   1.16150768307377   0.004100993356711562
353.5   1.1771575742325306   0.004150986824728567
353.75   1.1924096904011385   0.004200040957783396
354.   1.207280475656328   0.0042492521162527394
354.25   1.2218006235725376   0.004305115382081492
354.5   1.235965224544112   0.004361488076093998
354.75   1.2497829164499166   0.004417339612917267
355.   1.2632615972092094   0.004471572570759731
355.25   1.2764018295795787   0.0045175644898014225
355.5   1.28921931522127   0.004561621883478854
355.75   1.3017228128510472   0.0046047892618187175
356.   1.3139206302156474   0.004648162062022979
356.25   1.3258065883461883   0.004698308459577657
356.5   1.33740759821938   0.004748932145781982
356.75   1.3487367349144828   0.0047989739223398
357.   1.3598069768299672   0.00484732112819815
357.25   1.370651356617119   0.004889353079066117
357.5   1.3812548507077085   0.004928634564520741
357.75   1.3916217293196855   0.00496536078837734
358.   1.4017558793200302   0.00499973728247871
358.25   1.4116555432247926   0.005031028434220858
358.5   1.4213312031877958   0.005060777080336868
358.75   1.430787918467115   0.0050896167977349345
359.   1.440030511793813   0.005118203887589739
359.25   1.4490615739411714   0.005149446361022228
359.5   1.457888270802076   0.005180955613075145
359.75   1.4665156238746602   0.005212522043094753
360.   1.4749484895969445   0.005243926105004791
360.25   1.4831951669718766   0.005273981058535836
360.5   1.4912552167731468   0.005303775469899779
360.75   1.4991315480854153   0.00533346034264883
361.   1.5068268888011966   0.005363190059106275
361.25   1.5143329702714228   0.005394442153827998
361.5   1.5216671968681605   0.005425546480121875
361.75   1.5288362970130023   0.005456118563468903
362.   1.535846977230161   0.005485761048204806
362.25   1.5427116294294023   0.005511617805396634
362.5   1.5494290061316782   0.005536662822992951
362.75   1.556003399682847   0.005561476651203657
363.   1.5624390266683448   0.0055866559065149484
363.25   1.5687569513605006   0.00561631859829794
363.5   1.5749377480184448   0.005646222960931027
363.75   1.5809784254081507   0.00567556094220183
364.   1.5868757497108836   0.005703501834091317
364.25   1.592602870685071   0.005725494358687716
364.5   1.598188580273761   0.005745803461435727
364.75   1.6036386124063853   0.005765060912983257
365.   1.6089587183952365   0.0057839148663341965
365.25   1.6141677931167684   0.005805973767581667
365.5   1.619253377775466   0.0058278244175814274
365.75   1.6242158696471345   0.005848948287966981
366.   1.6290555620015557   0.0058688139807865965
366.25   1.6337583449444046   0.0058843675039750715
366.5   1.6383442039177631   0.005898543426887268
366.75   1.6428190247388514   0.005911806577192469
367.   1.6471887290480145   0.005924632508325665
367.25   1.6514771003435307   0.005938342301496029
367.5   1.6556653318775598   0.005952270755346093
367.75   1.6597521270779616   0.005966581068130362
368.   1.6637360737086277   0.00598143910568031
368.25   1.6676023984417836   0.005998123451635948
368.5   1.6713679035352276   0.006015260257458516
368.75   1.675036283860465   0.00603256783155161
369.   1.678611236547569   0.0060497581295261395
369.25   1.6821102796971867   0.006067257671534381
369.5   1.685517880213121   0.006083762625992175
369.75   1.6888320803223076   0.00609867115532819
370.   1.6920508197744255   0.0061113700926546605
370.25   1.6951511318789958   0.006116845288443691
370.5   1.6981597298999103   0.006120576047610449
370.75   1.7010827788865737   0.006123713301111128
371.   1.703926503052585   0.006127428509563602
371.25   1.7067126751387063   0.0061374683680165305
371.5   1.7094260613280332   0.006148701566824449
371.75   1.7120667234119167   0.006160499328349627
372.   1.7146346708992768   0.006172220850115269
372.25   1.7171299804344446   0.006181043330125161
372.5   1.7195523957892784   0.006189325973020256
372.75   1.7219017282967717   0.006197280309672703
373.   1.7241777407409937   0.006205121259423277
373.25   1.7263741870416052   0.0062140560790754475
373.5   1.7284990425932432   0.00622292805973835
373.75   1.7305543646602075   0.006231558337671665
374.   1.7325422044284013   0.006239764974265064
374.25   1.7344688547666651   0.0062462563720088755
374.5   1.7363304361086727   0.006252386904801759
374.75   1.7381272505376621   0.006258417097801871
375.   1.7398595689618346   0.006264611406474995
375.25   1.7415248044093818   0.006272505170215509
375.5   1.743127108584189   0.0062806044354980755
375.75   1.7446678153503248   0.0062886686940459525
376.   1.7461482467830227   0.0062964536167057815
376.25   1.7475704824333986   0.0063029253869432
376.5   1.7489347498055299   0.0063089276480913295
376.75   1.7502420243913779   0.006314525018492772
377.   1.7514932667855891   0.006319783015501211
377.25   1.7526903906787963   0.006325247577616068
377.5   1.7538329786941018   0.00633031732120335
377.75   1.754921554964787   0.006334865181282398
378.   1.7559566247694647   0.006338762300197236
378.25   1.756937969518508   0.006340782455611993
378.5   1.7578670416993143   0.00634232118470925
378.75   1.7587445793023635   0.006343690098959255
379.   1.7595713067153005   0.006345204936746593
379.25   1.7603479350195654   0.006347185504835536
379.5   1.7610751622782952   0.00634995562109057
379.75   1.7617536738156558   0.006353843058417683
380.   1.762384142488071   0.006359179489893507
