310.   0.020908185717964125   0.00004860914481794848
310.25   0.020899583089155453   0.000048603222993297495
310.5   0.020891867605217135   0.000048592040496277364
310.75   0.020884965716766193   0.00004857622046179883
311.   0.020878803235392505   0.000048556392558668894
311.25   0.02087330531435106   0.00004853319274571876
311.5   0.020868396428591594   0.000048507263131381425
311.75   0.0208640003540962   0.000048479251940464016
312.   0.020860040146494712   0.00004844981359252342
312.25   0.020856502185275336   0.000048419181511010796
312.5   0.020853218616501096   0.00004838861954702585
312.75   0.020850084211376022   0.000048358975954249355
313.   0.020846992623146873   0.000048331108221296435
313.25   0.020842824362790457   0.00004830620775974285
313.5   0.020838882739902455   0.00004828469867615841
313.75   0.02083546855947894   0.000048267339788349926
314.   0.020832886362408962   0.0000482549004755918
314.25   0.02083263226284192   0.00004825680711531168
314.5   0.020833361697651518   0.00004826179642283857
314.75   0.020834908853109436   0.00004826715968609513
315.   0.020837106057555062   0.000048270152165527496
315.25   0.02083893295010425   0.000048250884071282504
315.5   0.020841404668630357   0.00004823039911253482
315.75   0.020844693296465915   0.000048212799501988666
316.   0.020848973369374735   0.000048202243733868446
316.25   0.020854903491490263   0.00004822211088226039
316.5   0.02086199180131055   0.00004824998077216533
316.75   0.020870224926095603   0.0000482823924929163
317.   0.02087958961157457   0.00004831582441744479
317.25   0.020890401978097568   0.000048333130386465086
317.5   0.020902189914718712   0.00004834957260652567
317.75   0.020914806583966238   0.00004836699241516856
318.   0.02092810336019274   0.00004838726120345641
318.25   0.02094139820676186   0.00004841801185364844
318.5   0.020955279806957657   0.000048453187178629535
318.75   0.020969810237479455   0.00004849241410877028
319.   0.020985052779584065   0.000048535315522433195
319.25   0.021000786179753147   0.00004858407497429197
319.5   0.021017474633070146   0.00004863473550181024
319.75   0.021035301808163643   0.00004868585942142969
320.   0.0210544546271136   0.000048735984610299766
320.25   0.02107596578569432   0.00004877459833795802
320.5   0.021098855161125238   0.00004881277891616354
320.75   0.021122976631509142   0.00004885268256232869
321.   0.021148182201297962   0.00004889649958710142
321.25   0.021173635154138868   0.000048952916872497015
321.5   0.02120014040095496   0.000049015192894280285
321.75   0.021227824289053884   0.00004908298696575738
322.   0.021256815863942014   0.000049155951858724754
322.25   0.021287790597703155   0.000049236466740571316
322.5   0.02132012608312372   0.00004932037241129786
322.75   0.021353738023459645   0.00004940619666662099
323.   0.021388541271873975   0.00004949244115232001
323.25   0.021424053539589847   0.00004957106486073613
323.5   0.02146073971045976   0.000049649583036081794
323.75   0.02149867404238704   0.00004972907669721582
324.   0.021537932945438026   0.000049810649039116254
324.25   0.021578694795016087   0.00004989932366632732
324.5   0.021620901830828508   0.00004999084454834415
324.75   0.021664596749102656   0.000050084794704661565
325.   0.021709824040398455   0.00005018074281165543
325.25   0.021756805457933175   0.000050273746740992735
325.5   0.021805345318667953   0.000050369606545330636
325.75   0.021855422175350286   0.00005046971185665611
326.   0.02190701525898102   0.00005057548465569893
326.25   0.021959394013934395   0.000050695354280579545
326.5   0.022013527669352738   0.00005082110990066409
326.75   0.02206968970451663   0.00005095141503002101
327.   0.022128161192306383   0.00005108490700990071
327.25   0.02219014351738459   0.00005121314076266679
327.5   0.022254665527894967   0.000051344512070785814
327.75   0.02232165834004148   0.000051480471690941455
328.   0.02239105339262999   0.000051622505964314135
328.25   0.02246219598716049   0.000051777746700773684
328.5   0.022535833655278864   0.000051939973646984684
328.75   0.0226121409030008   0.00005210849383059719
329.   0.02269129908813078   0.000052282599682788594
329.25   0.02277391970167758   0.00005245669067028322
329.5   0.022859611696302552   0.00005263680866015411
329.75   0.022948405156513273   0.00005282422150194083
330.   0.13550563416738495   0.0000530202382372249
330.25   0.1360232232508197   0.000053229191400021776
330.5   0.13656023472922563   0.000053448341477535844
330.75   0.13711702243014418   0.00005367790518486966
331.   0.13769454579330673   0.00005391811689501552
331.25   0.13829307299241228   0.00005417346138786408
331.5   0.13891410507296384   0.00005443834662474777
331.75   0.13955886919260796   0.00005471130976986847
332.   0.14022850829448202   0.00005499085053184355
332.25   0.14092505969940888   0.000055265222817022266
332.5   0.14164886250999115   0.00005554700078410497
332.75   0.14240123309497768   0.000055838818102373135
333.   0.143183299509487   0.0000561434148738432
333.25   0.14399603791974588   0.000056470948932625464
333.5   0.14484150843954008   0.000056814281015133
333.75   0.145721333589936   0.00005717347498876878
334.   0.14663745863884267   0.00005754862367873335
334.25   0.1475915151948134   0.00005793951503783834
334.5   0.14858599271044992   0.00005834678032792532
334.75   0.14962317706882056   0.00005877075855995506
335.   0.1507055898793942   0.00005921183585725233
335.25   0.1518366169909614   0.000059670208107093166
335.5   0.15301843762741968   0.00006014671337450714
335.75   0.15425398392505416   0.000060642029074028144
336.   0.1555465315517714   0.0000611569150000312
336.25   0.1568995475983819   0.00006168583617136405
336.5   0.15831736631357213   0.00006223857833787668
336.75   0.15980413725774514   0.00006281892534693878
337.   0.1613649851539734   0.00006343093313262486
337.25   0.1630049796977176   0.00006408865050040751
337.5   0.1647303576552435   0.00006478343807473841
337.75   0.166547537107061   0.00006551627238191516
338.   0.1684649675245206   0.00006628833001240578
338.25   0.17048971454892173   0.00006709311704763661
338.5   0.1726309485820376   0.00006794317229842784
338.75   0.17489978545239113   0.0000688438855425579
339.   0.17730776220744057   0.00006980124949102284
339.25   0.17986551160871905   0.00007082708718343181
339.5   0.1825904657512682   0.00007192188444953776
339.75   0.18549858117195966   0.00007309188713267027
340.   0.18861075451229675   0.00007434429665553403
340.25   0.19194828468460629   0.00007569074864813649
340.5   0.1955373070149278   0.00007713646051138315
340.75   0.1994086658393736   0.00007869135067918965
341.   0.2035978135730106   0.00008036721275157441
341.25   0.20814689798144945   0.00008217086433517049
341.5   0.21310489696560875   0.0000841291274219346
341.75   0.21853120747030036   0.0000862657781573038
342.   0.2244981258091613   0.00008860946003153639
342.25   0.2310899891254045   0.00009118668738828888
342.5   0.2384168520709302   0.00009405118250652107
342.75   0.24661221318301857   0.00009725933578017225
343.   0.2558420328355781   0.00010088090926362403
343.25   0.2663136864907978   0.00010501998822701552
343.5   0.2782844468860384   0.0001097620172055029
343.75   0.2920760149993573   0.0001152331227259327
344.   0.3080791461413097   0.00012158737964052121
344.25   0.32675166064426886   0.00012900986864881767
344.5   0.3485917045925079   0.00013769068317399095
344.75   0.3740568214303764   0.00014780765281598282
345.   0.403429660039203   0.0001594695774891032
345.25   0.43668032294680803   0.00017262822555295883
345.5   0.47336375921552776   0.00018713601771763562
345.75   0.5127180965702294   0.00020269306781978618
346.   0.5538351718548662   0.00021894495569075074
346.25   0.5958532343554304   0.00023558900860082006
346.5   0.6380665531115334   0.0002523145212116544
346.75   0.6799555799312261   0.00026890886203097036
347.   0.7211581030999509   0.00028522281856166383
347.25   0.7614467111600494   0.0003010990941777062
347.5   0.8006873909446262   0.00031654833292246883
347.75   0.8388113207891588   0.00033155930251567125
348.   0.8757922595607486   0.0003461411903894972
348.25   0.9116349583540755   0.00036041449724527624
348.5   0.9463540173691994   0.0003742833220740145
348.75   0.9799794404031492   0.0003877413357788598
349.   1.012544178307166   0.0004007814296246586
349.25   1.0440793849384822   0.0004133303661906438
349.5   1.0746369573414127   0.0004254635274497328
349.75   1.1042585234283793   0.00043719681566279896
350.   1.132988885987125   0.0004485462868691677
350.25   1.1608847144428154   0.00045948626029829816
350.5   1.187963441989394   0.0004700891108016116
350.75   1.2142607525148803   0.0004803891992590409
351.   1.2398036555916756   0.0004904221661680153
351.25   1.264608811958574   0.0005003163457658637
351.5   1.2887162669536616   0.0005099848182032695
351.75   1.3121567857107477   0.0005194259288931643
352.   1.334957977272033   0.0005286360291496855
352.25   1.3571468211019664   0.0005375520340150458
352.5   1.378747566872078   0.0005462453937064304
352.75   1.3997817519476952   0.0005547322668122061
353.   1.4202717562369973   0.0005630288284179636
353.25   1.4402457466221616   0.0005712180358185433
353.5   1.459712301631312   0.0005792245050569797
353.75   1.4786873939653054   0.0005870355763449556
354.   1.4971867096478768   0.0005946369417136278
354.25   1.5152109942291618   0.00060196955819644
354.5   1.5327894703919938   0.0006090754495885557
354.75   1.5499390659364873   0.0006159543961950437
355.   1.5666767375486879   0.0006226057820154124
355.25   1.5830246747688408   0.0006289207484292184
355.5   1.5989872113599077   0.000635046838543272
355.75   1.6145754833070391   0.0006410283902203236
356.   1.6297994815837697   0.0006469115209283485
356.25   1.6446647866791086   0.000652916391745972
356.5   1.6591860233272062   0.0006588546133211087
356.75   1.6733736019952528   0.0006647044699897033
357.   1.6872378927203722   0.000670442759125136
357.25   1.7007916327871746   0.0006759487823694122
357.5   1.7140376482462338   0.0006813293028032482
357.75   1.7269959281754006   0.0006865974556042035
358.   1.739648344008999   0.0006917666708408656
358.25   1.752012914259585   0.0006968822916380046
358.5   1.764095851072537   0.000701914559517468
358.75   1.775909691583251   0.0007068644862304153
359.   1.7874599451404314   0.0007117328803484604
359.25   1.7987479952108691   0.000716558164488177
359.5   1.8097770543120149   0.0007212884145190213
359.75   1.8205681829518587   0.0007259080329494832
360.   1.8311244081443132   0.0007304006886610805
360.25   1.8414349812781727   0.0007346432133908558
360.5   1.8515156719731212   0.000738765000167701
360.75   1.8613795609237345   0.0007427919394800452
361.   1.8710207373932355   0.0007467506782797331
361.25   1.880467785970318   0.0007508076843807554
361.5   1.889705815088446   0.0007547981291578017
361.75   1.8987342455946665   0.0007586930027361215
362.   1.9075644299218562   0.0007624622825591748
362.25   1.916201128590326   0.0007659234599492383
362.5   1.924641846308522   0.0007692549949886885
362.75   1.932886619616708   0.0007724868275240541
363.   1.940949475931335   0.0007756496539836958
363.25   1.9488410936027003   0.0007788551712968498
363.5   1.9565435676512277   0.0007820242401531361
363.75   1.9640876287887727   0.0007851567030834048
364.   1.9714549938276593   0.0007882522354634993
364.25   1.9786602400195896   0.0007913152162561409
364.5   1.9856994544123763   0.0007943384252539809
364.75   1.9925755419093785   0.0007973192486067507
365.   1.999298377021376   0.0008002548723675738
365.25   2.0058670726099552   0.0008031824644420486
365.5   2.0122744628847196   0.0008060429655769121
365.75   2.018539638187449   0.0008088165258202681
366.   2.024654668732891   0.0008114827723419997
366.25   2.0306192620322605   0.0008139480454106598
366.5   2.036443927129491   0.0008162921693992628
366.75   2.0421298186456633   0.0008185232379179242
367.   2.0476680764270516   0.0008206495280140282
367.25   2.053074591967305   0.0008226799162207271
367.5   2.0583357587514723   0.0008246225026576352
367.75   2.0634748260591973   0.0008264858837977157
368.   2.0684840746513653   0.0008282787800620972
368.25   2.073379268721417   0.0008299500784946388
368.5   2.0781607293729984   0.0008315922925508741
368.75   2.0828192330461825   0.0008332392531517757
369.   2.087379574170048   0.0008349254014254034
369.25   2.0918313809818367   0.0008368571074430914
369.5   2.096183818486454   0.0008388315599004478
369.75   2.100425709953302   0.0008408148264056331
370.   2.1045658201503605   0.0008427722403697235
370.25   2.10858639353615   0.0008445628106095739
370.5   2.11249229568475   0.0008462974604032268
370.75   2.1163039499398075   0.0008479826060751545
371.   2.119999758296194   0.0008496247445689654
371.25   2.123581608227505   0.0008512133898642725
371.5   2.1270716902319613   0.0008527789655571039
371.75   2.1304528191194274   0.0008543352389085782
372.   2.133747849762066   0.000855896194361633
372.25   2.1369606920243833   0.0008575586946949503
372.5   2.1400899332511463   0.0008592220477761085
372.75   2.1431240434452343   0.000860867096711451
373.   2.146072456208433   0.0008624743101523771
373.25   2.1489265846869   0.0008640256945957977
373.5   2.1516835241090724   0.0008654983351726775
373.75   2.1543564544518716   0.0008668708428470914
374.   2.1569465668392818   0.0008681214671118403
374.25   2.1594701385381314   0.0008690883353497815
374.5   2.161901309522386   0.0008699438026779405
374.75   2.164259233209725   0.0008707221748365676
375.   2.166534042241708   0.0008714583270591208
375.25   2.1687239352389924   0.0008722416285697197
375.5   2.1708286717908365   0.0008730330979987228
375.75   2.1728701043931684   0.0008738471715672384
376.   2.1748180775418633   0.000874698341918773
376.25   2.1766987206654536   0.0008757513728304232
376.5   2.17849703116788   0.0008768115270893467
376.75   2.180225340533295   0.0008778326356298967
377.   2.1818849940437963   0.0008787678518939572
377.25   2.1834690685996927   0.0008793821478933844
377.5   2.1849971466411033   0.0008798887664611954
377.75   2.186459507413158   0.0008803151985866923
378.   2.1878454283009265   0.0008806893304607195
378.25   2.189172375540626   0.0008810346416061183
378.5   2.1904365408127227   0.0008813864887305997
378.75   2.191649339071551   0.0008817758752613557
379.   2.19280019852523   0.0008822342176205124
379.25   2.1938935604689593   0.0008827933476703023
379.5   2.194928879121157   0.0008834855170617472
379.75   2.195918621462362   0.0008843434034824523
380.   2.1968652670768334   0.0008854001187700953
