310.   0.035629378141702445   0.00044916415748209236
310.25   0.03567182295615627   0.0004501184465988747
310.5   0.035715852676242034   0.0004512321216688958
310.75   0.03576158871535001   0.00045243731713456566
311.   0.035809155330456345   0.0004536648815989951
311.25   0.03585867973770807   0.0004548443261145511
311.5   0.03591029223368484   0.0004559037700227829
311.75   0.035964126322668086   0.0004567698842026686
312.   0.036020318850272265   0.00045736783157548715
312.25   0.03607968489031873   0.00045693734966181977
312.5   0.036141429361520094   0.0004563521116045584
312.75   0.036205423179950874   0.00045581292873436973
313.   0.03627153527016286   0.00045552485113301873
313.25   0.03633871888617953   0.0004566358358231891
313.5   0.03640810979198635   0.00045805426177056524
313.75   0.0364799456800937   0.0004596135484600587
314.   0.0365544703337102   0.0004611434709225333
314.25   0.03663276090469807   0.00046178727678232044
314.5   0.0367139239453312   0.0004623165291996507
314.75   0.036797883085084665   0.0004628298508009417
315.   0.036884561195161036   0.0004634281507839737
315.25   0.036973503833362   0.00046454695277568624
315.5   0.03706515577394358   0.00046583014129323566
315.75   0.03715959248606207   0.00046724932047642126
316.   0.03725689239785039   0.00046877544091076184
316.25   0.03735654159497016   0.00047018748762306134
316.5   0.037459452477111355   0.0004717208696113371
316.75   0.03756595886215862   0.00047342327748007044
317.   0.03767640459888582   0.0004753436768654573
317.25   0.03779182135003158   0.00047791528829300924
317.5   0.03791163361000501   0.00048065782580722973
317.75   0.03803593867875132   0.0004834662869106385
318.   0.03816483837309974   0.00048623285077697954
318.25   0.03829940306198569   0.0004884419414825227
318.5   0.03843840588484464   0.0004905417983957703
318.75   0.03858156484264869   0.0004925827586813052
319.   0.03872859185637882   0.0004946165952040108
319.25   0.03887693392016024   0.0004967815551547799
319.5   0.03902942480513062   0.000499014591229187
319.75   0.03918669272178683   0.0005013370431942742
320.   0.03934938741124899   0.0005037709402894667
320.25   0.03952017714636821   0.0005064603075117456
320.5   0.039696989721368904   0.0005092604354272707
320.75   0.039879717896422265   0.0005121452762893606
321.   0.04006825414586271   0.0005150879871627922
321.25   0.04026129296499065   0.0005179950050346724
321.5   0.040460386887585346   0.0005209290926295925
321.75   0.040665926396454284   0.0005238881632427765
322.   0.04087831918761085   0.0005268700861831745
322.25   0.04109841704816931   0.0005297585352163509
322.5   0.04132607551942151   0.0005327094526980488
322.75   0.04156158308163558   0.0005357682315256386
323.   0.04180524371279139   0.0005389819971552601
323.25   0.04205786908219732   0.0005425552825530146
323.5   0.04231911735673945   0.0005463236421261802
323.75   0.04258913996405642   0.000550274975939145
324.   0.04286810032060957   0.0005543968193452253
324.25   0.04315536903551969   0.0005586674602743968
324.5   0.04345225082488015   0.0005630858815928719
324.75   0.043759289147820964   0.0005676420866558205
325.   0.044077058062596125   0.0005723257601533358
325.25   0.04440655329002175   0.0005770902724798
325.5   0.04474787992728987   0.0005819743202628218
325.75   0.045101554665104834   0.0005869816545986955
326.   0.04546812778271115   0.0005921163092568803
326.25   0.04584791365511324   0.0005973972996401499
326.5   0.046241913987578744   0.0006028090320756909
326.75   0.04665091247166694   0.000608350319973826
327.   0.04707574480057303   0.0006140200504934563
327.25   0.04751802752379631   0.0006197533832862389
327.5   0.04797771525871176   0.0006256373683056263
327.75   0.04845552022758008   0.000631698307342053
328.   0.04895221053933152   0.0006379641076483974
328.25   0.049467066172225925   0.0006444502482837602
328.5   0.05000311640227643   0.0006512078358620897
328.75   0.05056199310329357   0.0006582766164105272
329.   0.05114544861708728   0.0006656990091932946
329.25   0.05175693393122434   0.0006739570927721313
329.5   0.052396326347504865   0.0006824990570741704
329.75   0.05306514286888334   0.0006911890226746957
330.   0.05376503306014104   0.000699882456225646
330.25   0.05449742958573863   0.0007073357392123
330.5   0.05526479050107706   0.0007148789527229318
330.75   0.056069413588462375   0.000722808069913891
331.   0.05691380992313672   0.0007314410625145535
331.25   0.057800690995571724   0.0007422660527386045
331.5   0.05873312407956495   0.000754085195560174
331.75   0.059714440215492104   0.0007667983089935485
332.   0.06074830790362121   0.0007802981789134999
332.25   0.06183835144367523   0.000793918846664614
332.5   0.0629896294086267   0.0008082877375383986
332.75   0.06420729621475324   0.0008235138908835848
333.   0.06549707846175919   0.0008397176663859523
333.25   0.06686638457625282   0.0008571846581223536
333.5   0.06832094121066364   0.0008758559025656184
333.75   0.06986827071064369   0.0008958283394131779
334.   0.07151683298360233   0.0009172111539095247
334.25   0.07327383934214635   0.0009400850232419268
334.5   0.07515324780541018   0.0009646474548117051
334.75   0.07716838725811925   0.0009910767818525929
335.   0.0793344364663282   0.0010195762052356368
335.25   0.08167095161920804   0.0010505425750452141
335.5   0.08419489635281964   0.0010840218017363025
335.75   0.08692822504682923   0.001120245571850457
336.   0.08989638026549736   0.001159483001351004
336.25   0.09312893735722014   0.001201780759890778
336.5   0.09666063420165384   0.0012478627465907185
336.75   0.1005322857796334   0.0012982888650575571
337.   0.10479218232992356   0.0013537213754580715
337.25   0.10949673318003904   0.0014150023627438376
337.5   0.11471617618658742   0.0014830050477768124
337.75   0.12053402079419116   0.001558841762332205
338.   0.12705164927353502   0.0016438634382436531
338.25   0.13439371470114744   0.0017398631730828448
338.5   0.14271209029299842   0.0018486971300349492
338.75   0.15219608937030496   0.001972824971379073
339.   0.16308260331493432   0.0021153241810913533
339.25   0.17566905990297518   0.0022802035099545883
339.5   0.1903364988760165   0.002472227105378587
339.75   0.20757058081317098   0.0026976181118376678
340.   0.2279948698414425   0.002964352517466131
340.25   0.252413302232253   0.0032809619462490186
340.5   0.28184785659325595   0.0036625346077217603
340.75   0.3175871324366987   0.00412643813887217
341.   0.36119389106935984   0.004693968420501314
341.25   0.41441950862409727   0.005394605352523709
341.5   0.4788562311384341   0.006245571410386996
341.75   0.555113004016894   0.007254909059699479
342.   0.641172299810442   0.008395615833608167
342.25   0.7300528537619965   0.009568285477140332
342.5   0.8085466970525013   0.010603610644331286
342.75   0.8605184944009594   0.011289155396909915
343.   0.8762734173077108   0.011497255601377841
343.25   0.8603645604947208   0.0112869525193235
343.5   0.8282700304400591   0.010863090237275753
343.75   0.7956444087741245   0.010431954586326826
344.   0.7709801462007919   0.010105641024114183
344.25   0.7552849375434036   0.00989975276249514
344.5   0.7456806836367376   0.009774617689534587
344.75   0.7390545687355193   0.009689407705160052
345.   0.7336403811646443   0.009620955700872437
345.25   0.7288507632607021   0.009559618144629129
345.5   0.7246316461079912   0.009507385862892154
345.75   0.7210689890407063   0.009466141189213306
346.   0.7181969087358393   0.009437093889499266
346.25   0.7159523487223631   0.00942682676442349
346.5   0.7142644827221049   0.009425921015914622
346.75   0.7130329612024795   0.009431204211841394
347.   0.7121650356079167   0.009439584268838149
347.25   0.7116047326757147   0.009441874970090174
347.5   0.7112608138935637   0.009444087407717463
347.75   0.7110775525984815   0.00944617941302292
348.   0.7110107115507964   0.009448264756107133
348.25   0.7110035100750798   0.00945046933278918
348.5   0.7110576315535896   0.009453290514958015
348.75   0.7111587452545377   0.00945719258033932
349.   0.7112966463304985   0.009462703427558573
349.25   0.7114771903449797   0.009474321362863986
349.5   0.7116778344181129   0.009487202759269167
349.75   0.7118906739838232   0.009500408676110893
350.   0.712109234507893   0.00951300715472665
350.25   0.7123330519983532   0.009523355070528271
350.5   0.7125508262816435   0.009531518531314944
350.75   0.7127567843521232   0.009536855985404729
351.   0.7129456797808139   0.009538725462226868
351.25   0.7130926744991101   0.009527801232551092
351.5   0.7132211701047996   0.009515544482610343
351.75   0.7133350667466446   0.009504837099341232
352.   0.7134385788931166   0.009498603275500216
352.25   0.7135643805009189   0.009514391787775411
352.5   0.7136778712070952   0.009534868147806413
352.75   0.7137725101659915   0.009557147667360912
353.   0.7138417905996306   0.0095783088407219
353.25   0.7138587156907507   0.009586277243836969
353.5   0.7138454014273719   0.009590775641509003
353.75   0.7138036816314673   0.009592478792774198
354.   0.7137354719782055   0.009592071366686895
354.25   0.7136406881472578   0.009591534280576722
354.5   0.7135242738643952   0.00958977626241622
354.75   0.7133891807905038   0.009586987704052695
355.   0.7132384221864104   0.00958336184206599
355.25   0.7130858051261971   0.009578905786694566
355.5   0.7129194691044867   0.009574081701120691
355.75   0.7127382258252358   0.009569167428284604
356.   0.7125408827016755   0.009564444152076964
356.25   0.7123241792995064   0.009561548748745236
356.5   0.7120897852238394   0.009558881476997932
356.75   0.7118373198679517   0.009556184428489121
357.   0.7115664007645248   0.009553196790605735
357.25   0.711273048722551   0.009549203224451994
357.5   0.7109618898122922   0.00954456758811058
357.75   0.7106339865064916   0.009539203685610674
358.   0.7102904107678992   0.009533024466830466
358.25   0.7099368603774803   0.009524611521564216
358.5   0.7095679788182326   0.009515733310919157
358.75   0.7091829907146312   0.009506839399468977
359.   0.7087811085607301   0.009498383906832955
359.25   0.7083624180959716   0.009490512440453734
359.5   0.7079248707030581   0.009484124900361187
359.75   0.7074672827727467   0.009479815319365738
360.   0.7069884545792469   0.00947818317077155
360.25   0.7064744124319163   0.009485750783023226
360.5   0.7059417364730163   0.00949486646115173
360.75   0.7053943436220643   0.0095037498698057
361.   0.7048361827743908   0.009510603543436899
361.25   0.7042840956862854   0.009507440087791053
361.5   0.7037241345012909   0.009501048126777413
361.75   0.7031551354650237   0.009492078500869253
362.   0.702575917665361   0.00948118837402279
362.25   0.701976096770378   0.009467149865832039
362.5   0.701367286385954   0.009453273478415862
362.75   0.7007519710932603   0.009440999672557954
363.   0.7001326511525074   0.009431781395635766
363.25   0.6995303605747473   0.009433614044041987
363.5   0.6989217680706641   0.00943885522170987
363.75   0.6983019315908929   0.009446353818252736
364.   0.6976658612451901   0.009454948418332769
364.25   0.6969924158371892   0.009464936471589967
364.5   0.6962990043785371   0.009473084735636773
364.75   0.6955870068847736   0.009477608166307385
365.   0.6948578108170317   0.009476707313506985
365.25   0.6941097952435386   0.009456388957634185
365.5   0.693348574377225   0.009431837850074221
365.75   0.692576775634944   0.009406133697049797
366.   0.6917970428177015   0.009382380948997331
366.25   0.6910220093318316   0.009374480547817626
366.5   0.6902404190407112   0.009370537749811902
366.75   0.6894509349717286   0.009369378054139739
367.   0.6886522051773166   0.00936981744847916
367.25   0.6878359340377747   0.009368680577952452
367.5   0.6870104200077182   0.009367533654788995
367.75   0.6861770653175046   0.009365965289333656
368.   0.6853372785064062   0.009363560992725903
368.25   0.6844982304537468   0.00935837345965179
368.5   0.683653300199438   0.009352119368651948
368.75   0.6828015911359148   0.009344992711486692
369.   0.6819421961867332   0.009337188921501456
369.25   0.6810733088110197   0.009329572214310057
369.5   0.6801952437879673   0.009321408424048966
369.75   0.6793074224031016   0.00931262788440568
370.   0.6784092585572613   0.009303160445855965
370.25   0.6775025503512261   0.00929141731807367
370.5   0.6765833557350688   0.00927944868385519
370.75   0.6756501023360106   0.009267795457355862
371.   0.6747012044395415   0.009257002159057616
371.25   0.6737124021600154   0.009252557084429845
371.5   0.6727137490589807   0.009248108600519698
371.75   0.6717127604186957   0.009242219206621912
372.   0.6707169978072374   0.009233441972998793
372.25   0.669765966540937   0.00921244370227774
372.5   0.6688227434244995   0.0091887665741773
372.75   0.6678821626284415   0.00916411243685969
373.   0.6669390215893246   0.009140194084189444
373.25   0.6659717907365647   0.009124123264644294
373.5   0.6649979620778049   0.009110104204679679
373.75   0.6640187934145922   0.009097709470203537
374.   0.6630355477720786   0.009086508787669246
374.25   0.6620554140304686   0.009074808987360265
374.5   0.6610713908320228   0.0090639353138609
374.75   0.6600823701456103   0.009053957087647882
375.   0.6590872348091058   0.00904494394221715
375.25   0.6580798335168137   0.009038653885969111
375.5   0.6570660545956358   0.009032797854746678
375.75   0.6560467792006663   0.009026766174590136
376.   0.6550228914864562   0.009019945564972775
376.25   0.653999274425698   0.009008111595985578
376.5   0.6529712330156447   0.008995686286553752
376.75   0.6519380503460916   0.008983499246273657
377.   0.6508990033755286   0.008972384782409576
377.25   0.6498489331499566   0.008967644286450494
377.5   0.6487932965679739   0.008963883796018876
377.75   0.6477331370518091   0.008960153871413683
378.   0.6466695019191427   0.008955499757829931
378.25   0.6456067360975432   0.008944863162526625
378.5   0.6445412904192281   0.008933007645070828
378.75   0.6434728971206527   0.008920613419001498
379.   0.6424012851290759   0.00890836439108541
379.25   0.6413261801097038   0.008896948111296718
379.5   0.6402473045120256   0.008887055723618746
379.75   0.6391643776153261   0.008879381917649264
380.   0.6380771155734223   0.008874624880992993
