310.   0.005023604564921585   0.000027402933261852546
310.25   0.005017691578524293   0.00002737418592596152
310.5   0.005011937978268317   0.00002734482206552731
310.75   0.0050063411780747365   0.00002731511791202772
311.   0.005000898591749001   0.000027285352651105526
311.25   0.004995607633042775   0.000027255808513768718
311.5   0.004990465715724018   0.000027226770870880868
311.75   0.004985470253655885   0.000027198528331090296
312.   0.004980618660885024   0.00002717137284235432
312.25   0.004975892121731798   0.00002714671912869631
312.5   0.004971310699153973   0.00002712330416027562
312.75   0.004966878391781036   0.00002710097651470021
313.   0.004962599275936213   0.000027079583240436862
313.25   0.004958485394830881   0.000027058953017398014
313.5   0.0049545299842263255   0.00002703895311637682
313.75   0.0049507341688661945   0.00002701943251485708
314.   0.004947099123351058   0.000027000238539055877
314.25   0.004943577808738466   0.000026980838433668707
314.5   0.004940238838546717   0.000026961603924880785
314.75   0.004937103148359449   0.000026942530712803166
315.   0.0049341919800005435   0.000026923614568984383
315.25   0.004931642452395479   0.00002690405417609256
315.5   0.004929315260231151   0.000026884957400498706
315.75   0.00492718567138524   0.000026866644177195642
316.   0.004925228683871185   0.000026849438812674185
316.25   0.004923355798761583   0.000026833846870799018
316.5   0.004921629613649496   0.00002681995538751143
316.75   0.004920049966493498   0.000026808030867543945
317.   0.004918616741495107   0.00002679834384929446
317.25   0.004917267778534905   0.00002679350878442805
317.5   0.00491608964323104   0.000026790542162860226
317.75   0.004915107636955833   0.000026788775468283847
318.   0.004914347480333831   0.000026787531113415288
318.25   0.004913912035558069   0.000026783180389273063
318.5   0.004913720968903784   0.00002677912779256171
318.75   0.004913770120819781   0.000026775864395188785
319.   0.004914055348045049   0.000026773888847410712
319.25   0.004914578246547884   0.00002677607277973389
319.5   0.004915326733825956   0.00002677963417734835
319.75   0.004916294391107438   0.000026784132324513048
320.   0.00491747478439837   0.000026789120107659015
320.25   0.004918798030836637   0.000026791449894348936
320.5   0.00492034606774803   0.00002679441520255047
320.75   0.004922138291707452   0.000026798647047895556
321.   0.004924194513588428   0.00002680478718914151
321.25   0.0049266144388261275   0.000026816791129838288
321.5   0.004929308047505351   0.00002683072206093201
321.75   0.004932264059931891   0.000026845908294419933
322.   0.004935471123338712   0.00002686166733148851
322.25   0.004938839007532498   0.000026873285703848297
322.5   0.004942465975304433   0.00002688565713825697
322.75   0.004946372651193199   0.000026899706824605777
323.   0.00495058016874864   0.00002691637727569244
323.25   0.004955166247829187   0.00002694032158641702
323.5   0.004960075055073721   0.00002696737721757108
323.75   0.004965306465073541   0.000026997032581166324
324.   0.004970860523449749   0.000027028767600991785
324.25   0.004976711609932859   0.000027060751355174623
324.5   0.004982896125754135   0.000027094258212543586
324.75   0.004989425280738778   0.000027129273672331874
325.   0.004996310715710381   0.00002716578398178471
325.25   0.005003553269952042   0.000027202956979344206
325.5   0.005011181183034179   0.000027241920666942652
325.75   0.005019212152803062   0.000027282999903958366
326.   0.005027664511213629   0.00002732652777507611
326.25   0.005036601881135124   0.000027373954423381494
326.5   0.005045981893430843   0.000027424088672944462
326.75   0.005055806674341376   0.000027476835643845962
327.   0.005066078722129817   0.000027532100163036502
327.25   0.005076758991671573   0.000027588812444517814
327.5   0.005087909126264009   0.00002764823175276594
327.75   0.0050995501534889815   0.000027710663038712093
328.   0.0051117040044655355   0.000027776420796147418
328.25   0.005124424453695673   0.0000278466445262647
328.5   0.005137692485147872   0.000027920536783441806
328.75   0.005151520369865223   0.000027998108346000176
329.   0.0051659212075230955   0.000028079373334777992
329.25   0.005180859783214646   0.000028164725381773687
329.5   0.0051964193929481175   0.000028253663771641417
329.75   0.0052126363137798455   0.000028346058977945485
330.   0.005229548482073376   0.000028441781636981198
330.25   0.005247251317400074   0.00002853896002067623
330.5   0.005265709078500892   0.000028639885181267987
330.75   0.00528494235964118   0.00002874515020595668
331.   0.005304973255812662   0.000028855370377251052
331.25   0.005325821070134051   0.0000289732424676536
331.5   0.005347517390065999   0.00002909657542886515
331.75   0.005370091405837704   0.000029225207123804814
332.   0.00539357441897468   0.00002935897718174057
332.25   0.005417947775352554   0.000029496726332430097
332.5   0.005443320002999926   0.00002963968670667884
332.75   0.0054697516313427725   0.000029788121785721898
333.   0.005497306900044896   0.000029942312877937638
333.25   0.0055261400991090635   0.000030102598299133433
333.5   0.005556204725896637   0.000030269247897022958
333.75   0.005587542332131867   0.000030442591065683405
334.   0.005620198340070928   0.00003062298196521553
334.25   0.005654082968924016   0.00003081294730249253
334.5   0.005689443631836108   0.00003100992872569454
334.75   0.0057263983623077165   0.00003121347081765187
335.   0.005765073401399594   0.000031423116475656194
335.25   0.0058057447214664   0.00003163099775768552
335.5   0.005848363142334009   0.00003184689958891231
335.75   0.005893025811194784   0.00003207348417369461
336.   0.005939839427437979   0.00003231356091399849
336.25   0.00598885754177058   0.000032578114944544706
336.5   0.006040297639995914   0.000032859236425905754
336.75   0.006094329598022495   0.00003315688380923701
337.   0.006151139909185796   0.000033471060409887174
337.25   0.00621094916843832   0.00003379933255243543
337.5   0.006273962777186106   0.000034145244379918875
337.75   0.0063404249095515815   0.0000345100410057394
338.   0.006410606945084542   0.00003489511114711734
338.25   0.006484801157399867   0.000035302993997242394
338.5   0.006563360087343966   0.00003573407703226707
338.75   0.006646667990642971   0.00003618989815318651
339.   0.006735157495219153   0.00003667222031038635
339.25   0.006829322222620881   0.00003718018611682224
339.5   0.006929710917436898   0.00003772008368788263
339.75   0.007036954414612487   0.000038295867812112716
340.   0.007151775477029004   0.0000389120292350136
340.25   0.007275033658115663   0.00003957437530769991
340.5   0.007407655114551564   0.000040287868795463735
340.75   0.007550749433508886   0.00004105901807185886
341.   0.007705617064313419   0.000041895414757193655
341.25   0.007873757740441351   0.00004280938878658222
341.5   0.008057038702141752   0.00004380684871853059
341.75   0.008257652476653714   0.00004489881715147196
342.   0.008478238127983118   0.00004609864231087014
342.25   0.00872197911538777   0.00004741739161902215
342.5   0.00899280617413896   0.00004888202268978805
342.75   0.009295532892176047   0.00005051958305799633
343.   0.009636110471645658   0.00005236343159274002
343.25   0.01002191003871736   0.000054457693301450596
343.5   0.010462093405977098   0.00005684976314774153
343.75   0.01096790902514187   0.000059601104024173675
344.   0.011552894659388522   0.00006278572434828452
344.25   0.012232793894926621   0.00006649462480151427
344.5   0.013023949751826502   0.00007081110555404386
344.75   0.01394109658754671   0.00007581368631124799
345.   0.014992924935477036   0.00008154744634862887
345.25   0.01617717229917363   0.0000879845486687819
345.5   0.017479013394032863   0.0000950560571452801
345.75   0.018872768459250823   0.00010262389686960007
346.   0.020327956054380664   0.00011052470215517153
346.25   0.021815597976298295   0.0001186251747133754
346.5   0.023311011112330797   0.00012676857109842287
346.75   0.024795763302731914   0.00013484861235072158
347.   0.02625695009221272   0.0001427875858926484
347.25   0.02768554691291965   0.00015048555021569295
347.5   0.02907703624324457   0.000157962687469347
347.75   0.030428761943757127   0.00016521434729553698
348.   0.0317396712932807   0.0001722467952958653
348.25   0.03301046314649117   0.00017912678335677262
348.5   0.03424095578824848   0.00018580406289452544
348.75   0.035431993928175726   0.00019227743107964513
349.   0.0365846577372234   0.00019854574093090677
349.25   0.037699572368609456   0.00020457829909404293
349.5   0.038778763699251775   0.00021041180724314248
349.75   0.039823745386978415   0.0002160562628090966
350.   0.04083602411014732   0.00022152188351242036
350.25   0.041817346690156895   0.00022682462827786963
350.5   0.04276878713190905   0.00023196714762178914
350.75   0.04369161406211597   0.00023695716242430625
351.   0.0445870341999828   0.00024180210319367195
351.25   0.04545635183194862   0.0002465129380694561
351.5   0.0463004313268499   0.0002510912794277415
351.75   0.04712022482296869   0.0002555419838628699
352.   0.04791662226886455   0.00025986951138968556
352.25   0.048689777969907255   0.0002640953524265807
352.5   0.049441393722885585   0.00026819938985377757
352.75   0.05017248850572357   0.0002721773849520438
353.   0.05088405115515796   0.0002760242859991716
353.25   0.05157843930719476   0.0002796728900452671
353.5   0.05225466985302019   0.0002832009380334603
353.75   0.052913049334888884   0.0002866277550226817
354.   0.053553827798345034   0.0002899735244201166
354.25   0.0541759235577823   0.00029331945475237524
354.5   0.054781242536773946   0.00029660450382758833
354.75   0.0553704320251238   0.0002998254266800704
355.   0.055944122334970425   0.0003029784047358265
355.25   0.05650298093099146   0.0003060434181988793
355.5   0.05704753537624903   0.00030903715888376716
355.75   0.05757835030926458   0.00031196090127951436
356.   0.05809597718671693   0.00031481574683187117
356.25   0.05860172675688294   0.0003176099089638899
356.5   0.059095061619739944   0.0003203341195493103
356.75   0.0595761725461184   0.00032298592768763024
357.   0.060045226813948666   0.00032556260971114306
357.25   0.06050157035461308   0.00032803390447700174
357.5   0.06094643169990441   0.0003304342899863754
357.75   0.0613802511508107   0.00033277178562524047
358.   0.061803462848185206   0.00033505462618708146
358.25   0.06221719105517641   0.0003373186217698003
358.5   0.06262089594542737   0.00033953454643650586
358.75   0.06301470393578827   0.00034169976684482494
359.   0.06339872653947529   0.00034381143379807143
359.25   0.06377268022504977   0.0003458583657783134
359.5   0.06413717617286757   0.00034784855794084917
359.75   0.06449244419799745   0.0003497819529661767
360.   0.06483870690723173   0.0003516584178117549
360.25   0.06517583393132974   0.0003534662329107285
360.5   0.06550451448087011   0.0003552210863980356
360.75   0.06582509599183188   0.0003569274354238056
361.   0.06613792454043776   0.00035858982175291726
361.25   0.06644404255092096   0.00036022058710088225
361.5   0.0667428261064762   0.00036181373211615974
361.75   0.06703432820912461   0.00036337083643506293
362.   0.06731859268475496   0.00036489346577235534
362.25   0.06759538819063066   0.00036638727515230825
362.5   0.06786511088643059   0.0003678481101313688
362.75   0.06812788941018054   0.0003692757987848536
363.   0.06838384745099088   0.0003706701121950346
363.25   0.06863288477067468   0.0003720327886552136
363.5   0.06887542018092253   0.0003733606812529175
363.75   0.069111654367105   0.0003746525633900823
364.   0.06934178613050176   0.0003759071364809201
364.25   0.06956634672447636   0.0003771086574057368
364.5   0.06978506704323469   0.000378275664903241
364.75   0.06999800283566623   0.00037941259215231176
365.   0.07020520501559184   0.00038052395175176975
365.25   0.0704064743490236   0.00038163182578774716
365.5   0.07060219379913192   0.0003827165643551236
365.75   0.07079250187294711   0.000383775699505899
366.   0.07097753514758715   0.00038480667183980706
366.25   0.07115767795583444   0.00038579580459846796
366.5   0.07133271611803801   0.00038675569905262613
366.75   0.07150267816854176   0.0003876880725623042
367.   0.07166758878012931   0.0003885946577996756
367.25   0.07182696052590008   0.00038948014686621195
367.5   0.07198151792508557   0.0003903422065937494
367.75   0.07213148363373549   0.00039118140494644367
368.   0.07227708118807609   0.0003919982997213613
368.25   0.07241925722779502   0.0003928003684425458
368.5   0.07255723199254503   0.0003935785058118269
368.75   0.07269093531301236   0.00039433039704885145
369.   0.07282029210053952   0.0003950536624430963
369.25   0.07294477078341031   0.0003957531380217817
369.5   0.07306491554731355   0.0003964161845104236
369.75   0.07318082236621483   0.0003970372510107938
370.   0.07329258620674149   0.0003976106705408414
370.25   0.07340015492790371   0.0003980822758410452
370.5   0.07350382508423473   0.00039851355017866757
370.75   0.07360374867831612   0.00039891830350047205
371.   0.07370007792123467   0.00039931059373700395
371.25   0.0737935470884261   0.00039975616463376227
371.5   0.07388349845626241   0.0004001979093195023
371.75   0.07396984693933918   0.00040062956324647653
372.   0.07405250361843244   0.0004010447322299436
372.25   0.07413028678721148   0.00040140675294732904
372.5   0.07420461723378141   0.00040175096948681134
372.75   0.07427584002560687   0.0004020829293582887
373.   0.07434430402126625   0.00040240826187556516
373.25   0.07441156755452273   0.0004027540630799189
373.5   0.07447630684462654   0.0004030963225588659
373.75   0.07453838954837384   0.0004034321759729329
374.   0.07459767914477793   0.0004037586980012903
374.25   0.07465326147430405   0.0004040641573607747
374.5   0.07470606994612182   0.00040435769890810624
374.75   0.07475627151687177   0.00040463978833253184
375.   0.07480403404638963   0.00040491088843015884
375.25   0.07485100264434928   0.00040519270165447125
375.5   0.07489528903821571   0.0004054560749220545
375.75   0.07493646196237   0.00040569280387840826
376.   0.07497408225410512   0.00040589455532594225
376.25   0.07500498852226853   0.000405987732993599
376.5   0.07503251057273788   0.0004060545621310805
376.75   0.07505729198945855   0.000406112866895878
377.   0.07507998447317636   0.00040618072280603005
377.25   0.07510354379837002   0.00040635508231529066
377.5   0.07512543596624682   0.00040654487370590233
377.75   0.07514540171707704   0.00040673689807262114
378.   0.07516317681941843   0.00040691776054556735
378.25   0.07517745089550619   0.0004070456761744657
378.5   0.07518940211649906   0.00040714618986532354
378.75   0.0751991753765113   0.00040721680646453346
379.   0.07520691642560909   0.00040725499571126606
379.25   0.07521277186213014   0.00040725819275845424
379.5   0.07521688912504264   0.0004072237986825529
379.75   0.07521941648634482   0.0004071491809824175
380.   0.07522050304350478   0.00040703167406762515
