310.   0.028393703443481338   0.00001708183889692988
310.25   0.02838395086096477   0.000017076213498792363
310.5   0.028374906620444864   0.000017069016816869324
310.75   0.02836658651084514   0.000017060629602685572
311.   0.02835900664121662   0.000017051436565232203
311.25   0.02835218345103214   0.000017041826492938865
311.5   0.028346133720885867   0.000017032192380022708
311.75   0.02834087458361762   0.000017022931557411072
312.   0.02833642353588195   0.000017014445828445172
312.25   0.028332771623327195   0.000017009533593929098
312.5   0.028329974542491816   0.000017005268123920948
312.75   0.028328061837479553   0.00001700109524062613
313.   0.028327063594738598   0.000016996454478098338
313.25   0.028327131061053702   0.000016985670816714982
313.5   0.028328127193541452   0.000016975297739875614
313.75   0.028330034871913292   0.00001696682781699381
314.   0.02833283699961101   0.0000169617717269913
314.25   0.02833640913496146   0.000016968666100612006
314.5   0.028340884024916666   0.00001697928399823269
314.75   0.028346288258319006   0.000016992348496908563
315.   0.028352649009073357   0.000017006567215861397
315.25   0.028360006180230844   0.00001701552384124087
315.5   0.028368371270177273   0.000017025018427119802
315.75   0.028377768412418427   0.000017035784614504073
316.   0.02838822235070719   0.0000170485658212458
316.25   0.02839983545981313   0.000017068743285862587
316.5   0.028412526388709707   0.000017090626986033164
316.75   0.028426290544910526   0.00001711311005738132
317.   0.02844112361232855   0.000017135070890987214
317.25   0.028456922574442642   0.000017150598442376244
317.5   0.028473821736568063   0.000017165197183337542
317.75   0.028491857966467252   0.000017179640674933417
318.   0.028511069041565553   0.00001719471350302735
318.25   0.02853154413691267   0.00001721752737941523
318.5   0.028553252622282706   0.00001724008507390473
318.75   0.028576214684563075   0.000017260634898839534
319.   0.02860045126696388   0.000017277399143884096
319.25   0.028625964842846695   0.000017277815103341225
319.5   0.02865280481128253   0.000017275045480958412
319.75   0.028681002434560447   0.000017271612814222735
320.   0.028710589995520647   0.000017270078639324218
320.25   0.02874163130431201   0.00001728184203723686
320.5   0.0287741183698269   0.000017297287708788682
320.75   0.028808074389363857   0.000017315515318779394
321.   0.028843523569221655   0.00001733561068957108
321.25   0.028880469963404223   0.000017352681603074996
321.5   0.028918969489474713   0.00001737130696724563
321.75   0.028959058333547023   0.00001739214594753393
322.   0.029000774046739074   0.00001741586961751251
322.25   0.029044136805535397   0.000017451406718491144
322.5   0.029089213285621997   0.000017487968535290425
322.75   0.02913605322743451   0.00001752289506379676
323.   0.029184708163232168   0.000017553478708123437
323.25   0.029235254430991685   0.000017564474584668815
323.5   0.029287715493880793   0.000017570463405996315
323.75   0.02934213943463497   0.000017573691387086416
324.   0.029398576336503824   0.000017576446695777606
324.25   0.029457121242128917   0.000017586287327921856
324.5   0.029517768897576825   0.000017598315857852277
324.75   0.029580558488789842   0.000017612817388582875
325.   0.029645531306839345   0.00001763008372590239
325.25   0.029712616112779564   0.000017648239555343537
325.5   0.02978201847501185   0.00001767061690769229
325.75   0.029853833816240335   0.00001769842163741146
326.   0.02992816120469413   0.00001773288700324444
326.25   0.030005192641158637   0.000017784933803586473
326.5   0.03008491118585894   0.000017842416894278403
326.75   0.030167391543185935   0.000017902692511271034
327.   0.03025271214113472   0.000017963059569079643
327.25   0.03034094899166207   0.000018009879594290135
327.5   0.030432197525379234   0.000018055454220081976
327.75   0.030526551397903844   0.000018101367346540212
328.   0.030624109072764215   0.00001814924139516367
328.25   0.030724964850671093   0.000018206395497266042
328.5   0.030829240666527313   0.000018266673429375172
328.75   0.030937055194401427   0.000018329495190311384
329.   0.031048533413629543   0.00001839426824246258
329.25   0.031163804748623236   0.000018458577399502517
329.5   0.03128301129666856   0.000018524316906174077
329.75   0.03140630062638531   0.00001859159962061974
330.   0.03153382858994366   0.000018660543592352854
330.25   0.03166572915353568   0.000018733643448691947
330.5   0.03180221931862315   0.000018807736326672355
330.75   0.03194349634903063   0.000018881976652815242
331.   0.032089768922182224   0.000018955496322698534
331.25   0.032241285427375144   0.000019017120110014688
331.5   0.032398242039298475   0.000019080200800381002
331.75   0.03256087591595303   0.000019148061529962447
332.   0.03272943932101492   0.000019224134573569838
332.25   0.03290421690077382   0.000019325360284703613
332.5   0.033085472796167234   0.000019436843462085283
332.75   0.033273505966107626   0.00001955681956840703
333.   0.03346863609172351   0.000019683473231739586
333.25   0.03367116638753511   0.000019810832417298294
333.5   0.03388151785323905   0.00001994265264247584
333.75   0.0341001006346407   0.00002007865606212801
334.   0.03432735500453076   0.00002021856296580037
334.25   0.03456385026246695   0.000020358365567190093
334.5   0.03480996318332952   0.000020502938656956274
334.75   0.03506620313919141   0.000020653560140533315
335.   0.03533312192202683   0.00002081157273551895
335.25   0.03561125561945633   0.000020983985842297914
335.5   0.035901341603119585   0.000021164555080000836
335.75   0.03620411488052861   0.000021352500959052315
336.   0.036520376154083024   0.00002154702824663659
336.25   0.036850869290730545   0.000021739019336160985
336.5   0.03719673025290546   0.00002193911141063379
336.75   0.03755906265900604   0.000022149975298417298
337.   0.03793907692124471   0.000022374447672756734
337.25   0.03833823159294897   0.000022627701759971082
337.5   0.03875781852131781   0.000022896221979097937
337.75   0.03919940622450398   0.000023178288796576592
338.   0.03966473714864869   0.00002347213645632364
338.25   0.04015584362057796   0.00002376312313257059
338.5   0.04067477192291998   0.000024067015613444025
338.75   0.041223918674057614   0.00002438740574619691
339.   0.041805984922464554   0.000024728204895679868
339.25   0.04242386234952967   0.000025099669068768286
339.5   0.043081247944953605   0.00002549831563447855
339.75   0.04378217468287403   0.000025926754509597892
340.   0.04453126131787012   0.000026387971108939692
340.25   0.045333973155451915   0.000026890611363117136
340.5   0.04619625900296028   0.000027431525547996532
340.75   0.04712521316661178   0.000028013025571001565
341.   0.048129146942673076   0.000028637978340487992
341.25   0.04921768259443954   0.00002930069666771503
341.5   0.0504026906008552   0.000030018110539779962
341.75   0.0516981521166798   0.00003079982702233844
342.   0.05312089347781515   0.00003165729073754829
342.25   0.054691408054077774   0.00003261100619663203
342.5   0.05643448829392854   0.000033668560221260634
342.75   0.05838072978820327   0.000034847183201493235
343.   0.060567969080680635   0.00003616827534156141
343.25   0.06304319948908407   0.000037655379311778775
343.5   0.06586456157376218   0.00003934567319859253
343.75   0.06910360692108365   0.00004128134847900452
344.   0.07284651496860838   0.000043513165411420836
344.25   0.07719273601318627   0.000046091290776141293
344.5   0.08224776125343429   0.00004908818025973687
344.75   0.08810648877208885   0.000052563203829022865
345.   0.09482593013418193   0.00005655408660254871
345.25   0.10239488458159524   0.00006109508019319937
345.5   0.11072067004498526   0.00006609249419614266
345.75   0.11964224257276182   0.00007143923305059655
346.   0.1289675808662029   0.00007700576275992561
346.25   0.1385128837531554   0.00008259310483792418
346.5   0.14812266406000296   0.00008817519328949518
346.75   0.1576801549382676   0.00009369327215415005
347.   0.16710346409492335   0.00009911390636621817
347.25   0.17633782724209374   0.00010448936172052564
347.5   0.18535103382773893   0.0001097387060170749
347.75   0.19412480102242685   0.00011484556043941882
348.   0.20265085967547908   0.00011979785881504614
348.25   0.2109271342790081   0.00012457586323877276
348.5   0.2189570189239054   0.00012918443617799584
348.75   0.2267462398550191   0.0001336200866663529
349.   0.2343022091073545   0.00013787958504934598
349.25   0.24163397327434943   0.0001418625753683693
349.5   0.2487494457807774   0.00014569610659596755
349.75   0.2556572847575773   0.000149421021215043
350.   0.2623660503163168   0.00015308213622637298
350.25   0.26888452500376314   0.00015690474079588365
350.5   0.27522011951278846   0.00016070070695249945
350.75   0.2813803008554731   0.00016444509461954797
351.   0.28737214574168624   0.0001681091270826603
351.25   0.2932014738310336   0.00017158393655655694
351.5   0.29887575485656864   0.00017493789644447427
351.75   0.3044012879367087   0.00017816571807431568
352.   0.3097840392218223   0.00018126144315873922
352.25   0.3150300394041728   0.0001841205133434321
352.5   0.3201441179135373   0.00018686989593414574
352.75   0.32513117823807525   0.0001895447214239915
353.   0.3299958499634927   0.00019218234866436306
353.25   0.33474246782151856   0.00019497124304596728
353.5   0.33937521824088424   0.00019774835188023695
353.75   0.34389802763417293   0.00020049267828099518
354.   0.3483146143961898   0.00020318142663103807
354.25   0.35262869620072607   0.00020570339587974297
354.5   0.3568433497059975   0.00020815172682313204
354.75   0.36096166552579534   0.0002105358625800175
355.   0.36498657183613903   0.00021286562900609473
355.25   0.3689203060616791   0.00021519038230510888
355.5   0.372766245111802   0.0002174666798036349
355.75   0.37652711925650256   0.00021968873911934356
356.   0.38020554447174176   0.0002218503411733859
356.25   0.3838044005089589   0.00022389034747999367
356.5   0.3873255842361097   0.00022587698210125792
356.75   0.390771253565326   0.00022782590507087027
357.   0.3941434716847892   0.00022975338290416426
357.25   0.3974441563950286   0.0002317500416893729
357.5   0.40067527562819144   0.00023373130291628091
357.75   0.4038386641332528   0.00023568405070796154
358.   0.406936082962502   0.00023759449745570203
358.25   0.40996943682264786   0.00023940528045038727
358.5   0.4129400563802512   0.00024116074511460638
358.75   0.41584941580852613   0.0002428632277974414
359.   0.4186989272857815   0.0002445151188059169
359.25   0.42148948715355344   0.0002461186561875058
359.5   0.4242230262352329   0.00024767662082399996
359.75   0.4269009803181282   0.0002491916467041986
360.   0.4295247412188724   0.00025066642189332917
360.25   0.4320965229362418   0.0002521400702076885
360.5   0.43461643831109725   0.00025356494022690297
360.75   0.4370854002461543   0.00025492870808687697
361.   0.4395042747770977   0.00025621862798450457
361.25   0.4418725650167904   0.00025731694874657273
361.5   0.44419287806370494   0.00025835523239669015
361.75   0.44646649913570996   0.0002593630166942204
362.   0.4486946900290409   0.00026037072528199874
362.25   0.450879772395806   0.0002614558924204087
362.5   0.4530214626675618   0.00026258645304133636
362.75   0.4551205107711814   0.00026377619140770627
363.   0.45717763547311013   0.0002650391770656002
363.25   0.4591935763301284   0.00026656765817277713
363.5   0.4611689230096148   0.00026812915398531916
363.75   0.46310428699911343   0.00026966493863110836
364.   0.46500025266922257   0.00027111465444835204
364.25   0.4668559585529089   0.0002721581013070519
364.5   0.4686739107205409   0.00027309063662787767
364.75   0.4704552044034011   0.00027395386738330105
365.   0.47220092571301137   0.0002747904931435264
365.25   0.4739138618162422   0.0002757570108083539
365.5   0.4755927053307427   0.00027674151991583743
365.75   0.47723781328099485   0.0002777433937038498
366.   0.47884951933305975   0.0002787619445159893
366.25   0.4804270196692307   0.0002798378679257257
366.5   0.4819721539699381   0.0002809127212709536
366.75   0.48348564902511654   0.00028196858526968396
367.   0.48496822104849296   0.0002829871134350792
367.25   0.4864209054642353   0.00028390569875847636
367.5   0.48784394038101436   0.0002847661600904546
367.75   0.48923787741771096   0.00028556693662865306
368.   0.49060325641137287   0.0002863064453690913
368.25   0.491942050000996   0.00028696275954265716
368.5   0.49325276580161337   0.00028756253511817795
368.75   0.4945353179214114   0.00028811246601970013
369.   0.4957895985142903   0.0002886193901642033
369.25   0.49701218558375254   0.0002890586006287293
369.5   0.4982075128100343   0.00028948132601242
369.75   0.49937675949140015   0.00028990781036301405
370.   0.5005211104298446   0.0002903586761934781
370.25   0.5016438241045978   0.00029097478097515813
370.5   0.5027432165955833   0.00029161057998123354
370.75   0.5038196425323653   0.0002922387124107211
371.   0.5048734469248803   0.0002928312890806415
371.25   0.5059062218002187   0.00029322896987728507
371.5   0.5069165438639915   0.00029358519758779786
371.75   0.5079042169443932   0.00029392410810640234
372.   0.5088690274405051   0.000294270264392013
372.25   0.5098090493720766   0.000294731023145718
372.5   0.5107263971878525   0.000295217024476199
372.75   0.511621500014301   0.000295720408975553
373.   0.512494782397786   0.00029623316283603754
373.25   0.5133460214091641   0.0002967356716705418
373.5   0.5141765288908693   0.0002972355732768285
373.75   0.5149869790566681   0.00029772908018790124
374.   0.5157780462446914   0.00029821233429305283
374.25   0.5165519292484365   0.0002986679018710748
374.5   0.5173071784996237   0.0002991106101043361
374.75   0.5180438472445061   0.0002995419055472554
375.   0.5187619796450009   0.0002999632521693048
375.25   0.519460800100989   0.0003003785396282636
375.5   0.5201414654774769   0.00030078590872365744
375.75   0.5208043243608056   0.00030118589247111506
376.   0.5214497218172195   0.0003015790260482762
376.25   0.5220782708871703   0.0003019904217675449
376.5   0.5226899315219521   0.00030238635770383517
376.75   0.5232849282591796   0.00030275736529227095
377.   0.5238634809397764   0.00030309383756335786
377.25   0.5244257020760756   0.00030332812464349784
377.5   0.5249719456983867   0.0003035310925757065
377.75   0.525502460018722   0.00030371630271848135
378.   0.526017489533688   0.0003038975049228744
378.25   0.5265175946002305   0.00030414553010467
378.5   0.5270025669918624   0.0003043951517016605
378.75   0.5274725106072936   0.0003046375239617003
379.   0.5279275242690585   0.000304863677073993
379.25   0.5283677018250288   0.000305064518963303
379.5   0.5287931322470789   0.0003052308370466141
379.75   0.5292038997270021   0.00030535329995336755
380.   0.5296000837697652   0.0003054224592103592
