310.   0.040798039358768134   0.00012241129130031346
310.25   0.04084909807308201   0.00012256199689916042
310.5   0.04090190558976256   0.00012282064314979513
310.75   0.040956618416646814   0.00012315463925470336
311.   0.0410133966469495   0.00012353078234187534
311.25   0.04107240410484536   0.00012391523179953572
311.5   0.0411338084981887   0.00012427348315693755
311.75   0.041197781578789235   0.00012457034147304128
312.   0.04126449931068719   0.0001247698941938323
312.25   0.04133500380565184   0.0001245724547832898
312.5   0.041408280689635084   0.00012430666195205401
312.75   0.04148416611215247   0.00012404217690616592
313.   0.041562493614113905   0.00012385011638086266
313.25   0.041641990781393544   0.0001241072632166849
313.5   0.04172402052771621   0.00012446468976054793
313.75   0.041808861041886955   0.00012487337756134355
314.   0.04189679762413254   0.00012528323677095442
314.25   0.0419891675401975   0.00012545354510416952
314.5   0.042084818484501255   0.00012559551943883127
314.75   0.04218362948655248   0.0001257335067743961
315.   0.04228547792442617   0.00012589241587284208
315.25   0.04238970616948217   0.00012617708075789125
315.5   0.04249692955031429   0.0001265033006398002
315.75   0.042607239669425284   0.000126865163386817
316.   0.04272073162158612   0.0001272566235544844
316.25   0.042836654670439865   0.0001276273026218177
316.5   0.04295629212910818   0.0001280323011248451
316.75   0.04308010102885392   0.0001284833591987239
317.   0.04320855182205796   0.00012899252828802818
317.25   0.04334312762559081   0.00012967095826214037
317.5   0.043482940455147466   0.00013039415515880238
317.75   0.04362809271301795   0.00013113441307942826
318.   0.04377869178638252   0.0001318632808190686
318.25   0.04393621090141222   0.00013244427534818586
318.5   0.04409887873713064   0.0001329962750553177
318.75   0.04426625621072333   0.00013353274068190232
319.   0.04443789394018906   0.00013406751665857763
319.25   0.04461010801617127   0.0001346379563576064
319.5   0.04478690148013245   0.0001352266644589844
319.75   0.044969127363210536   0.00013583918705197456
320.   0.045157667395971754   0.000136481249651722
320.25   0.04535626735295732   0.0001371905897387718
320.5   0.04556194010181055   0.00013792917475213587
320.75   0.045774486272539334   0.00013869010925153993
321.   0.04599370373755168   0.00013946628746120925
321.25   0.04621767411714529   0.00014023388986199892
321.5   0.0464485649319794   0.00014100821766397138
321.75   0.04668687851140636   0.00014178832379553284
322.   0.04693313880616003   0.00014257323517655524
322.25   0.04718856612122454   0.00014332695118900786
322.5   0.04745279887641259   0.0001440969391591684
322.75   0.047726153405757164   0.0001448967555716834
323.   0.04800896333063685   0.00014574047251463964
323.25   0.04830222043686506   0.0001466917612997716
323.5   0.048605410781315576   0.00014769791669050968
323.75   0.04891865935251136   0.00014875423195352702
324.   0.04924210296825795   0.00014985584511020088
324.25   0.049574729202133114   0.0001509900899752665
324.5   0.04991830872994379   0.00015216233045539808
324.75   0.050273507577470344   0.0001533703816461466
325.   0.05064102863809247   0.0001546119928269282
325.25   0.05102218138767444   0.0001558741666213291
325.5   0.05141696746232328   0.00015716926381977058
325.75   0.051825979050831555   0.00015849931054409523
326.   0.052249846852568387   0.00015986645588693458
326.25   0.052688957331502015   0.00016128139344651865
326.5   0.05314442252271694   0.00016273493502962408
326.75   0.053617129600930555   0.00016422610092665287
327.   0.05410802477652775   0.00016575390030003522
327.25   0.05461902877384134   0.00016730252345325183
327.5   0.05514996610500727   0.00016889137485138285
327.75   0.0557016053137006   0.00017052572417300963
328.   0.05627477629601967   0.0001722111729877523
328.25   0.05686812570033679   0.00017393945224051486
328.5   0.05748572254496677   0.00017573652230343362
328.75   0.058129580000884244   0.00017761526865892098
329.   0.05880185765947433   0.0001795894233432445
329.25   0.059507176198963674   0.0001817974266977455
329.5   0.060244870987238276   0.00018408479323855166
329.75   0.061016644752588445   0.00018641504685843984
330.   0.06182434984860479   0.00018874939406141882
330.25   0.0626695727773064   0.0001907567056389182
330.5   0.06355510715023405   0.00019279037949258677
330.75   0.06448354581008504   0.00019492871630312549
331.   0.06545772279026008   0.00019725582159835876
331.25   0.06648053806089918   0.00020016998076691133
331.5   0.06755567420737753   0.00020334789879284738
331.75   0.06868696220930832   0.00020676101132351425
332.   0.06987862004911599   0.00021037872666053234
332.25   0.07113487991175843   0.00021400692336940593
332.5   0.072461464728513   0.00021783015003167463
332.75   0.07386426671674691   0.00022188123230739438
333.   0.07534983061208365   0.00022619635200101876
333.25   0.07692671367453718   0.00023087483133528753
333.5   0.0786013304793243   0.00023588043863098857
333.75   0.08038222868033344   0.00024123607513822036
334.   0.08227901835187991   0.00024696758558142895
334.25   0.08429928453442705   0.00025307027612525774
334.5   0.08645968983027016   0.0002596232579324665
334.75   0.08877563259083146   0.00026667973578453933
335.   0.09126463655603452   0.00027430022472214
335.25   0.09394996003999598   0.0002826338849279222
335.5   0.09685021985801033   0.0002916523346113964
335.75   0.09999038175428623   0.0003014097550458471
336.   0.103399356004857   0.0003119691252484971
336.25   0.10711051429995816   0.0003233015986256559
336.5   0.11116353105288629   0.00033562960127785373
336.75   0.11560474604252448   0.0003491029228641358
337.   0.1204889179694109   0.0003638984936141497
337.25   0.12587973799602525   0.00038024458509483533
337.5   0.13185685971673533   0.0003983689616787546
337.75   0.1385146160586308   0.0004185655759573183
338.   0.14596729343464426   0.00044119071199127203
338.25   0.15435536051542476   0.0004667223986345285
338.5   0.16384877713645207   0.0004956395395981923
338.75   0.17465903380825257   0.0005285823547494062
339.   0.1870497654765999   0.0005663487997285455
339.25   0.20135007761759088   0.0006100073419576765
339.5   0.21798033684479542   0.0006607379794807677
339.75   0.2374723627924004   0.0007201087172787314
340.   0.2605034616686346   0.0007901101947845484
340.25   0.28793811778196565   0.0008726931867409887
340.5   0.3208605577382982   0.0009717155854238235
340.75   0.36061422006654714   0.0010914056441949718
341.   0.4087882717055012   0.0012368346851784331
341.25   0.4670974901368099   0.0014150897500476334
341.5   0.5369679094215972   0.0016294411897408959
341.75   0.6186615512121751   0.0018806841259703228
342.   0.7096389733696875   0.002160917892343983
342.25   0.8024215940019578   0.002445432007120593
342.5   0.8837825876596939   0.002694829419643765
342.75   0.9382249964248823   0.002861643882910113
343.   0.9566837202815537   0.002918091107145855
343.25   0.9434490304372104   0.00287688314220252
343.5   0.9131491074007375   0.002783293482698364
343.75   0.8810006892126296   0.00268398390810463
344.   0.8557536924649839   0.00260582187140901
344.25   0.8390070302927647   0.002554313253275538
344.5   0.8283915678519742   0.002521729629162864
344.75   0.8210097988278474   0.0024992446702314475
345.   0.8150791391642357   0.0024814338025297847
345.25   0.8099307248315171   0.0024658494297658496
345.5   0.8054389178912974   0.00245269829809541
345.75   0.8016542503495967   0.0024423049357857763
346.   0.7985980571968002   0.002434906911972543
346.25   0.7961966869943239   0.002432070354524124
346.5   0.7943875274419826   0.0024315261519587956
346.75   0.7930693574941521   0.002432501535755754
347.   0.7921470135103357   0.0024342374647891283
347.25   0.7915692857893294   0.0024344010571497516
347.5   0.7912311023325364   0.0024345629093904387
347.75   0.791071136274268   0.0024347341547792463
348.   0.7910401524994538   0.002434964453005079
348.25   0.7910708390443973   0.002435505533394732
348.5   0.7911695867879849   0.0024362261757313107
348.75   0.7913211691900497   0.002437183950827491
349.   0.7915148986857753   0.002438451782876049
349.25   0.7917601989362537   0.0024408065172990554
349.5   0.7920294869048434   0.002443378775821704
349.75   0.7923137074486094   0.0024459902419792373
350.   0.7926053981553994   0.002448465332155985
350.25   0.7929052082546363   0.002450587201586556
350.5   0.7931983325115005   0.00245224264835777
350.75   0.7934775214045086   0.002453276340061407
351.   0.7937361060560342   0.002453532981686205
351.25   0.7939393979210628   0.0024508231378826957
351.5   0.7941212576221124   0.002447826987367623
351.75   0.7942877024951771   0.0024452149331196963
352.   0.7944451256636926   0.002443667281676712
352.25   0.7946425601007625   0.0024472897794393335
352.5   0.7948279904335562   0.002452017756653276
352.75   0.7949914632119085   0.0024571709632035545
353.   0.795123028753058   0.002462060444561615
353.25   0.7951791558035183   0.002463909426974254
353.5   0.7951966688566715   0.00246491217787016
353.75   0.7951791667123222   0.002465199160628356
354.   0.7951303602297786   0.002464902829481408
354.25   0.7950544169411746   0.0024642501702931297
354.5   0.7949547444202536   0.0024632482144742477
354.75   0.7948351856518893   0.0024619974636988064
355.   0.7946996587765086   0.0024605997791271547
355.25   0.7945665512951874   0.002459312777561874
355.5   0.7944198219646266   0.0024580254534357707
355.75   0.7942577370560369   0.0024567808370834824
356.   0.7940785527384799   0.0024556224669353434
356.25   0.7938778108796771   0.0024548982864839586
356.5   0.7936575115565138   0.0024542286867835195
356.75   0.7934169645314898   0.0024535353648940843
357.   0.7931554743135752   0.0024527391397287835
357.25   0.7928672761533803   0.0024516124918549523
357.5   0.7925587263961987   0.002450280343237099
357.75   0.7922311595589453   0.0024487207393983504
358.   0.7918859222711763   0.0024469115186607866
358.25   0.791529982015954   0.0024444305314010387
358.5   0.791156876429709   0.0024418132587409216
358.75   0.7907657097188688   0.0024391989208873335
359.   0.790355572091085   0.0024367281454241115
359.25   0.7899279155736093   0.002434603137439867
359.5   0.7894784848300944   0.0024328832321673286
359.75   0.7890053646412163   0.0024316887253181063
360.   0.788506615972677   0.002431140979519177
360.25   0.7879621517488706   0.0024327049234002733
360.5   0.7873952900826164   0.002434629707663203
360.75   0.7868113587982175   0.00243649635796091
361.   0.786215730669689   0.002437881844119377
361.25   0.7856310691984583   0.002436907029060899
361.5   0.7850387527862578   0.0024351685768301532
361.75   0.7844373044874798   0.0024328193615802164
362.   0.7838252263089942   0.002430013746353408
362.25   0.7831886234258264   0.0024264623565931395
362.5   0.7825432387206872   0.0024229441662436783
362.75   0.7818925185908276   0.002419797883871435
363.   0.7812399326345101   0.0024173651306717706
363.25   0.7806156514060413   0.002417520476406119
363.5   0.7799859321027909   0.0024184745644878873
363.75   0.7793435244181879   0.0024199589539734157
364.   0.7786811096470265   0.002421702751821039
364.25   0.7779678416061453   0.0024238083566902554
364.5   0.7772290341516332   0.0024254753334011295
364.75   0.7764666520550467   0.002426273889060495
365.   0.7756826722963012   0.0024257707689049565
365.25   0.7748746687804356   0.0024205946820652904
365.5   0.7740508091255394   0.0024144047626704834
365.75   0.7732148895043709   0.002407943396674888
366.   0.7723707313441827   0.0024019588795270446
366.25   0.7715371107210831   0.002399790658842001
366.5   0.7706970430561721   0.002398587198188369
366.75   0.7698483928335645   0.0023980699127595546
367.   0.7689890027662479   0.002397957955639344
367.25   0.7681061076110423   0.0023975513509507792
367.5   0.7672122968123334   0.0023971471988286142
367.75   0.766309624404405   0.0023966263914890302
368.   0.7654001551459044   0.0023958689252423196
368.25   0.7644942493729021   0.0023943197948808866
368.5   0.7635824179147194   0.002392463765320194
368.75   0.762663412394381   0.0023903534505066884
369.   0.7617359708886288   0.0023880418483049966
369.25   0.7607978658020107   0.002385726538055704
369.5   0.7598491393245634   0.002383259831101878
369.75   0.758888874446477   0.002380637704160574
370.   0.7579161440599353   0.0023778561058109848
370.25   0.7569328812281924   0.0023745932494791807
370.5   0.7559341288072629   0.0023712889345236026
370.75   0.75491777241436   0.00236806717995856
371.   0.7538816804858919   0.002365052821085873
371.25   0.7527934825073778   0.002363551506412354
371.5   0.7516932439621192   0.0023620408027316673
371.75   0.7505909727667271   0.00236017201832732
372.   0.749496739214716   0.0023575941720196127
372.25   0.7484644914734314   0.0023520364423528185
372.5   0.7474431917361706   0.0023458232577239307
372.75   0.7464254238507263   0.002339370262083247
373.   0.7454037199682506   0.002333095710466485
373.25   0.7443446402298404   0.002328753770991675
373.5   0.7432768403346579   0.002324904418291795
373.75   0.7422031515663362   0.0023214361180208675
374.   0.7411264199419657   0.0023182366085049383
374.25   0.7400628909083656   0.002314812772950743
374.5   0.7389967329710465   0.0023115821836334483
374.75   0.7379254403774969   0.0023085836569411208
375.   0.7368464894518377   0.002305856219467785
375.25   0.7357475155640713   0.0023040176791633464
375.5   0.7346396893850143   0.002302298843489011
375.75   0.7335243933954525   0.002300506207149642
376.   0.7324030158774653   0.0022984451211161506
376.25   0.731281899591644   0.002294785305893203
376.5   0.7301555272880625   0.002290915582110094
376.75   0.7290233104500143   0.0022870950172616433
377.   0.7278846549307155   0.0022835841427826186
377.25   0.7267351857068259   0.002281925108184271
377.5   0.7255795746504932   0.0022805919769348106
377.75   0.7244187319053835   0.0022793339441919054
378.   0.7232535705619645   0.0022778987817976657
378.25   0.7220888163220127   0.002274973285070107
378.5   0.7209200627464938   0.002271783551705776
378.75   0.7197466972913649   0.0022684999554873388
379.   0.718568102103112   0.002265293796799508
379.25   0.7173836540932833   0.002262337289040317
379.5   0.7161927250117499   0.002259803545300252
379.75   0.7149946815187169   0.002257866565302819
380.   0.713788885255509   0.002256701222604536
