310.   0.03619435597425999   0.000050999026117749637
310.25   0.03623857412891795   0.000051000333216505007
310.5   0.03628449611219728   0.00005100552664832509
310.75   0.03633222014293552   0.000051015882593712394
311.   0.036381846858425534   0.0000510327081452224
311.25   0.03643347941289535   0.00005105734231523375
311.5   0.036487223580834845   0.00005109115709623455
311.75   0.036543187865454706   0.00005113555857274495
312.   0.03660148361257837   0.00005119198808410506
312.25   0.036662601560135344   0.00005129821599715008
312.5   0.03672613523024728   0.000051405275122533784
312.75   0.036792050803809456   0.00005149979968574357
313.   0.036860314508254784   0.00005156811650952585
313.25   0.036930540705944016   0.000051511199834411756
313.5   0.037003185347395474   0.000051433161892601586
313.75   0.03707835937467379   0.00005135437535354421
314.   0.037156177046267   0.00005129562810297909
314.25   0.037236926655409   0.000051352299735734793
314.5   0.03732049231541417   0.0000514429218899024
314.75   0.03740692901812321   0.000051559229228025856
315.   0.037496294066879085   0.00005169277106350445
315.25   0.037588437145559844   0.000051829110689742936
315.5   0.037683712557451635   0.00005196745476821249
315.75   0.037782271730827384   0.00005210113076685449
316.   0.03788427103532282   0.000052223303098480625
316.25   0.03799023664950742   0.00005228904843220026
316.5   0.03809982877309343   0.00005234389653072752
316.75   0.03821306971170379   0.000052396088624755854
317.   0.03832998382943102   0.000052454067290296066
317.25   0.03845007023692739   0.000052552404155226505
317.5   0.038574090513015545   0.000052664143803536796
317.75   0.03870229376925794   0.000052787793088400645
318.   0.038834937674912993   0.000052921770341094906
318.25   0.03897322545704565   0.00005306586358476918
318.5   0.03911613266818271   0.000053216241036333884
318.75   0.039263557879503155   0.000053370519114973595
319.   0.039415398881313894   0.00005352625691594839
319.25   0.039570535327398335   0.00005367547563890042
319.5   0.03973027546367098   0.00005382321615323921
319.75   0.03989493638079496   0.00005396911418126722
320.   0.040064847316360425   0.00005411279478370479
320.25   0.040241055356965934   0.00005423742915522858
320.5   0.04042293811495571   0.000054365419258231816
320.75   0.04061057272400392   0.00005450316845459181
321.   0.04080404194314735   0.00005465728232090288
321.25   0.041002866966636936   0.000054857315205994234
321.5   0.04120792979893034   0.000055078791322085614
321.75   0.0414195686845576   0.00005531955530669634
322.   0.0416381373565694   0.0000555773896976353
322.25   0.04186456738576858   0.00005585464664080597
322.5   0.0420984686981442   0.000056142548709411436
322.75   0.042340013328828946   0.000056436726338513775
323.   0.04258938447466051   0.00005673265466150913
323.25   0.04284618042173982   0.00005699651283574849
323.5   0.04311143544177668   0.00005726376973902511
323.75   0.0433856210287637   0.000057541569353829874
324.   0.04366923334002332   0.000057837343161916155
324.25   0.04396330286496823   0.00005818395151437466
324.5   0.0442676778317042   0.000058554709994015954
324.75   0.044582726158182574   0.000058947482948720664
325.   0.04490883922281008   0.0000593600565322812
325.25   0.04524655293715492   0.000059765899389133225
325.5   0.045596146232147666   0.00006019612484774963
325.75   0.0459580419344065   0.00006065847195861381
326.   0.04633269217271119   0.00006116106055180083
326.25   0.04671932777938832   0.0000617622212910895
326.5   0.04712019686208331   0.00006240225289312927
326.75   0.04753638523883909   0.00006306952225860774
327.   0.047969045889114624   0.000063751799320328
327.25   0.04842104840869594   0.00006438620239854438
327.5   0.04889143121822005   0.00006502815279117625
327.75   0.049380886428776825   0.00006568472205727598
328.   0.04989016162090525   0.00006636338436919641
328.25   0.050418802614250524   0.00006711737183796613
328.5   0.05096942220105963   0.00006789263834652819
328.75   0.051543507434607456   0.00006867869265776386
329.   0.05214265772574047   0.00006946444182923067
329.25   0.05276937032851149   0.00007018575815857827
329.5   0.05342443946178858   0.00007090216678790424
329.75   0.054109540466530694   0.00007162293592063095
330.   0.05482649201390202   0.00007235795793397605
330.25   0.05557819827787992   0.00007310839634773425
330.5   0.05636554081449407   0.00007389857914578233
330.75   0.05719046640640573   0.00007474475232571659
331.   0.058055109658870375   0.00007566436287687534
331.25   0.05895942281971718   0.00007672916856236544
331.5   0.05990925850878383   0.00007788698389164415
331.75   0.060908504700896954   0.00007913674340148734
332.   0.06196143210491331   0.00008047742697162685
332.25   0.06307431201545285   0.0000818576822755398
332.5   0.06425019299671568   0.00008334534890799524
332.75   0.06549412414613841   0.00008496184497321239
333.   0.06681171752048541   0.00008673076252199156
333.25   0.06820909927575673   0.00008879804913186309
333.5   0.06969343068328973   0.0000910297062710158
333.75   0.07127259865866266   0.0000934041492291579
334.   0.07295546581054158   0.00009589762491875473
334.25   0.07475237847589483   0.00009841736231319595
334.5   0.0766741523239143   0.00010102414951502837
334.75   0.07873344596532296   0.00010371571751388287
335.   0.08094467827999226   0.00010648964025114826
335.25   0.08332171304173124   0.00010916042836184361
335.5   0.08588700210783161   0.00011197131874853679
335.75   0.08866357873292169   0.00011500389854480831
336.   0.0916781036415732   0.00011835186652762452
336.25   0.09496599118218715   0.00012240548781654144
336.5   0.09855761101770816   0.00012691490438673572
336.75   0.10249346022488658   0.0001318943005568056
337.   0.10682139421801576   0.0001373605779406568
337.25   0.11159346597914566   0.00014307256969659069
337.5   0.11688403186662616   0.00014939826866847312
337.75   0.1227772861294544   0.00015649393629847076
338.   0.12937524155694863   0.0001645496745202412
338.25   0.1368066721509428   0.00017410927020476046
338.5   0.14521896673611404   0.0001850598112265954
338.75   0.15479927232494203   0.00019760299472927094
339.   0.16578086353338545   0.00021198813935300212
339.25   0.17845494201624224   0.0002282439146520127
339.5   0.19319336221802078   0.0002471095245196835
339.75   0.21046652241613073   0.0002692190634216646
340.   0.23087339026880335   0.0002953843617462665
340.25   0.25517398407902275   0.0003269105696621739
340.5   0.2843317693120292   0.0003648014373962801
340.75   0.3195361462983103   0.0004105574288096393
341.   0.3621940019162524   0.0004659357880873824
341.25   0.4138222768764617   0.000532463548380432
341.5   0.47568437567218386   0.0006119935620619485
341.75   0.5480124680872598   0.0007047938677757596
342.   0.628558794227111   0.0008079498683281522
342.25   0.7107165641480668   0.0009130232374331825
342.5   0.7827617897215813   0.001004937922513296
342.75   0.8309696193917296   0.0010661514538503804
343.   0.8473108431239204   0.0010864843497438712
343.25   0.835576298371259   0.0010710175355909326
343.5   0.8087302029516706   0.0010363320753081428
343.75   0.7802497780349441   0.0009997183777871507
344.   0.7578843221172098   0.0009711103881188813
344.25   0.7430530526749842   0.0009527302278899404
344.5   0.7336531940900699   0.0009413364067521277
344.75   0.727117538201755   0.0009335075930375782
345.   0.7218663199997567   0.0009270854157765546
345.25   0.717299463035695   0.0009203776338174768
345.5   0.7133140296632483   0.0009142348209210005
345.75   0.7099563680748363   0.0009088945924694634
346.   0.7072469625854786   0.0009045566405485668
346.25   0.7051302425238154   0.000902491267111077
346.5   0.7035411115786261   0.0009011474668363355
346.75   0.7023883457856132   0.0009001153632932077
347.   0.7015860765757844   0.0008989899831606988
347.25   0.7010789583551679   0.0008956239290899993
347.5   0.7007840099025976   0.000892090454693698
347.75   0.7006486609736472   0.0008887354424897742
348.   0.7006310715729617   0.0008859234077962308
348.25   0.7006861905799266   0.0008857032151369386
348.5   0.7008036756866642   0.0008861438647860492
348.75   0.7009666869690659   0.0008869759237585676
349.   0.7011623563459901   0.000887931722632888
349.25   0.7013863872000691   0.0008879350818698453
349.5   0.7016236645823186   0.0008878458959243895
349.75   0.7018663582781297   0.0008877240994552113
350.   0.7021080521339568   0.0008876324223344724
350.25   0.7023413074661669   0.0008878822633306445
350.5   0.7025646621492487   0.0008881975504656917
350.75   0.7027752429684022   0.0008885471905529786
351.   0.7029707412392282   0.0008889003845360097
351.25   0.7031424279551476   0.0008890499431686187
351.5   0.7032984049437245   0.0008892114631582691
351.75   0.7034402833216027   0.0008894262146536668
352.   0.7035699564336908   0.0008897363902515036
352.25   0.7037081718162598   0.0008901690365364438
352.5   0.7038312984131117   0.0008907913339709793
352.75   0.7039342731112324   0.0008916547061710293
353.   0.7040120857611482   0.0008928110674021193
353.25   0.7040360427286573   0.0008949508431481027
353.5   0.7040342739623194   0.0008972364460472895
353.75   0.7040114706860595   0.0008994618590944168
354.   0.7039724399632804   0.0009014184562880323
354.25   0.703931392220929   0.0009022305265626785
354.5   0.7038803662632968   0.0009026116314257257
354.75   0.703820685949906   0.0009026155795746186
355.   0.7037537142951306   0.0009022971695285185
355.25   0.7037041689391836   0.0009015568374369805
355.5   0.7036409384780152   0.000900670662347654
355.75   0.703556012033894   0.0008997595722667994
356.   0.7034412959779931   0.0008989446840024939
356.25   0.7032561628006314   0.0008989505853119726
356.5   0.7030376362717596   0.0008990565954659766
356.75   0.702790535323945   0.0008991423699205249
357.   0.7025197375107963   0.0008990863864653171
357.25   0.7022408003502455   0.0008981507952516178
357.5   0.7019438849800536   0.0008970703013772588
357.75   0.7016297249199659   0.0008959687637700509
358.   0.7012990595996954   0.0008949713064157495
358.25   0.7009519118270099   0.0008947323439704006
358.5   0.7005900379637306   0.0008946440691865209
358.75   0.7002144832017926   0.0008946222054105626
359.   0.6998262989103978   0.0008945810960078686
359.25   0.6994341684195858   0.0008939492391423273
359.5   0.6990285076049294   0.0008933140120859936
359.75   0.6986072946254279   0.0008927828078492313
360.   0.6981684823078167   0.0008924641832736783
360.25   0.6976993796266252   0.0008930367343291168
360.5   0.6972127146760747   0.0008938175420098933
360.75   0.6967106643724855   0.0008946880805656423
361.   0.6961954210852159   0.0008955284860647927
361.25   0.6956746092683219   0.0008957555583888851
361.5   0.6951428871792309   0.000895891755002279
361.75   0.6946002990749682   0.0008960005606387915
362.   0.6940468835250188   0.0008961460767631831
362.25   0.6934843379318096   0.0008968262395982857
362.5   0.6929103651382374   0.0008975012955530833
362.75   0.6923243134316204   0.000898061972094018
363.   0.6917255196726794   0.0008983981422248661
363.25   0.691108534085864   0.000898266696859584
363.5   0.6904793400967093   0.0008977419730383186
363.75   0.6898391719355242   0.0008967632775780733
364.   0.6891892690545506   0.0008952685780802088
364.25   0.6885370984404335   0.000892286017202916
364.5   0.6878752189557307   0.0008890290920332248
364.75   0.6872023700257021   0.0008858047046538485
365.   0.6865172756052729   0.0008829193100793033
365.25   0.6858123857218849   0.0008818596691424421
365.5   0.685095136108523   0.000881283243487985
365.75   0.6843667344621958   0.0008810255956585513
366.   0.6836283936127582   0.0008809211687954791
366.25   0.682884981697146   0.0008804049697353818
366.5   0.6821326225229317   0.0008798641125490283
366.75   0.6813710694113424   0.0008792891473921398
367.   0.6806000693622348   0.0008786702981121108
367.25   0.6798169928843348   0.0008778859935094722
367.5   0.679024885856592   0.0008770816779301465
367.75   0.6782244339501515   0.0008762923691012016
368.   0.6774163238714863   0.0008755533683611368
368.25   0.6766039880243402   0.0008750582649311843
368.5   0.6757842805871016   0.0008746222811091538
368.75   0.6749567833632139   0.0008742176683806795
369.   0.6741210713042489   0.0008738163928201277
369.25   0.6732745259351546   0.0008734248057592162
369.5   0.6724197640025328   0.0008729660808336899
369.75   0.6715572229586252   0.0008723976676026303
370.   0.6706873398631783   0.0008716767048885123
370.25   0.6698105821513516   0.0008704637603525006
370.5   0.6689273431466134   0.0008691292687429155
370.75   0.6680380463761987   0.0008677489064465253
371.   0.6671431149287321   0.0008663988638018415
371.25   0.6662471525671652   0.000865804688648041
371.5   0.6653447390864802   0.0008651376969096856
371.75   0.6644346099525027   0.0008642138838657903
372.   0.6635154893665796   0.0008628476670874377
372.25   0.6625766977635199   0.000859774654097395
372.5   0.6616300628735137   0.0008563132558372267
372.75   0.6606780635343347   0.0008527093425069582
373.   0.6597231916722118   0.0008492099906476085
373.25   0.6587762654392422   0.0008467941165762783
373.5   0.6578281845162024   0.0008446897235409876
373.75   0.656878127583256   0.0008428534256687913
374.   0.6559252653229444   0.0008412416111535195
374.25   0.6549704385622874   0.0008397646953385742
374.5   0.6540104571830203   0.0008384426925868876
374.75   0.6530437922542227   0.0008372496784795968
375.   0.652068903315107   0.0008361594353923939
375.25   0.6510742011232827   0.0008351044378522825
375.5   0.6500721513578663   0.0008341152278422356
375.75   0.6490652246428253   0.0008331815520061871
376.   0.648055903938404   0.0008322930929910477
376.25   0.6470515331996058   0.0008314404056656352
376.5   0.6460478423203435   0.0008306118358729943
376.75   0.6450453967823581   0.0008297965387747096
377.   0.644044762840055   0.0008289835841400969
377.25   0.6430537373100301   0.0008283058961676006
377.5   0.6420627823825317   0.0008275511808033151
377.75   0.6410695544295826   0.0008266502344908169
378.   0.6400716947479441   0.0008255334469605151
378.25   0.6390618604565693   0.0008231861750573239
378.5   0.6380446095728134   0.0008208586964739312
378.75   0.6370195406617264   0.000818860663494682
379.   0.6359862486070591   0.0008175033349320263
379.25   0.6349443246634888   0.000817099892133192
379.5   0.633893356507949   0.0008179659686419493
379.75   0.632832928290077   0.0008204203796934815
380.   0.6317626206817927   0.0008247860170922898
