310.   0.07214965996171673   0.00030004171306913653
310.25   0.0720702043637722   0.0002997303561481154
310.5   0.07199310428620083   0.00029943415489456864
310.75   0.07191859224808506   0.00029915046491628595
311.   0.07184690369531084   0.0002988766155664268
311.25   0.07177827709172323   0.00029860990913818
311.5   0.07171295401366912   0.0002983476200307679
311.75   0.07165117924808288   0.0002980869938855122
312.   0.07159320089427866   0.00029782524669060684
312.25   0.07154246122540897   0.00029748776314008154
312.5   0.07149476284453891   0.00029717188919593064
312.75   0.07144907002943962   0.0002969038739194
313.   0.07140433554937613   0.0002967102763831503
313.25   0.07135545657435961   0.0002967912415966893
313.5   0.07130700367167514   0.00029693223254386234
313.75   0.07125953416603815   0.0002970904709237065
314.   0.07121361246048326   0.0002972226673814124
314.25   0.071171484832684   0.00029707284859207644
314.5   0.07113139448929479   0.0002968926173278626
314.75   0.07109324841626562   0.00029672321282249046
315.   0.0710569529854166   0.0002966063936300323
315.25   0.0710212051962734   0.0002968063711756414
315.5   0.07098759612466818   0.0002970564617755195
315.75   0.07095652142586718   0.0002973099039459555
316.   0.07092838261934332   0.00029751932774495194
316.25   0.07090457307532204   0.0002974174709284011
316.5   0.07088413190748503   0.00029726146678469016
316.75   0.0708670786273265   0.00029709115768053397
317.   0.07085343392175507   0.0002969469284562809
317.25   0.07084317644943425   0.0002969524314356713
317.5   0.07083638970156844   0.0002970338741445983
317.75   0.07083311578880809   0.00029719973099784467
318.   0.07083339845883926   0.0002974586126785872
318.25   0.07083761719338427   0.00029794230029426817
318.5   0.0708453535466145   0.00029848817646217394
318.75   0.0708565205524634   0.00029905518449290376
319.   0.07087103110306954   0.0002996016630471809
319.25   0.07088871273317855   0.00029992950357605346
319.5   0.0709095968434803   0.0003002129516899405
319.75   0.07093363066082893   0.000300471904296636
320.   0.07096076184187769   0.0003007265672915329
320.25   0.07099006702178327   0.0003010249432987138
320.5   0.07102270924409346   0.0003013496054898576
320.75   0.0710589931829002   0.00030171055325795573
321.   0.07109923001602879   0.0003021179603317652
321.25   0.07114552069496916   0.0003027392762295486
321.5   0.07119570617285792   0.0003033661789151188
321.75   0.07124939075565238   0.000303945256182981
322.   0.07130617367391572   0.0003044221736431881
322.25   0.07136335618700565   0.0003045030101629205
322.5   0.07142372020308127   0.0003044638412227472
322.75   0.07148778576782439   0.0003043448730485667
323.   0.07155608434347274   0.0003041870245545653
323.25   0.07163041923433658   0.000304110905543577
323.5   0.0717095919627738   0.00030404902432483195
323.75   0.0717936559096217   0.0003040123241222299
324.   0.07188266812515227   0.0003040119678170263
324.25   0.07197535731654234   0.00030399687855363024
324.5   0.07207364303664096   0.0003040656524258306
324.75   0.0721781405199867   0.00030425577383715095
325.   0.07228948081969783   0.0003046055195022566
325.25   0.07241228273594134   0.00030539012518967157
325.5   0.0725416851409898   0.0003063209693212111
325.75   0.07267674212967369   0.0003073420557761036
326.   0.07281649159631276   0.00030839623433490647
326.25   0.07295508283419797   0.0003092508338485853
326.5   0.07309829603883301   0.0003100887028569989
326.75   0.07324711772559687   0.00031092049745418175
327.   0.07340256129310693   0.0003117571251860433
327.25   0.07356905926661816   0.00031264425993097496
327.5   0.07374296839690571   0.0003135453778009915
327.75   0.07392399648339369   0.0003144580247245994
328.   0.07411185044675143   0.0003153797079453119
328.25   0.07430353495241264   0.00031633081346796365
328.5   0.07450251018144091   0.0003172769096377029
328.75   0.07470959483126613   0.00031820592548323796
329.   0.07492563640258945   0.0003191054945569132
329.25   0.07515256976094657   0.00031987202314139214
329.5   0.07538983769903047   0.0003206188039616612
329.75   0.07563794920159427   0.0003213700452356552
330.   0.07589743809287736   0.0003221506455279226
330.25   0.07617036776735515   0.0003230302463835462
330.5   0.07645524045950543   0.0003239741588103023
330.75   0.0767520533533781   0.00032499140350916635
331.   0.07706081768158227   0.00032609133619450396
331.25   0.07737883890156208   0.0003272766929569686
331.5   0.07770993588026104   0.0003285672560498083
331.75   0.07805530008403244   0.00032997643600911006
332.   0.07841618010481667   0.0003315181831160355
332.25   0.0787980093829444   0.00033330844109777423
332.5   0.07919644814382078   0.00033522175787186506
332.75   0.07961122827708564   0.00033723172548645857
333.   0.08004209863299311   0.00033931115496097067
333.25   0.08048590458859678   0.0003412190244243391
333.5   0.08094648376273954   0.0003432214678755735
333.75   0.08142487069575427   0.00034537761623170776
334.   0.08192217457250651   0.0003477490417923915
334.25   0.0824393084744122   0.00035080105045599667
334.5   0.08297793866798502   0.0003540457063259885
334.75   0.08353956281339188   0.00035738493689338067
335.   0.08412579361844022   0.00036071684099600604
335.25   0.08473781524730911   0.0003634689442795388
335.5   0.08537827747916267   0.00036617526615552784
335.75   0.08604945341322673   0.00036891689121264557
336.   0.08675380278786168   0.00037177888395878683
336.25   0.08749631013897644   0.00037507854260758635
336.5   0.08827668085242069   0.00037859574405256795
336.75   0.08909709705544537   0.000382333552603084
337.   0.08995998393735144   0.0003862958199795146
337.25   0.0908662059315237   0.00039047332665695877
337.5   0.09182130827837418   0.0003948911088026474
337.75   0.09282945008669487   0.0003995621179898425
338.   0.09389525082569647   0.00040450105282938093
338.25   0.09502539689229696   0.00040977457957045284
338.5   0.09622353441628004   0.00041533310459806067
338.75   0.09749546789532622   0.0004211768582094117
339.   0.09884777937857957   0.0004273077055655332
339.25   0.1002852512112404   0.0004335534065463359
339.5   0.10182016458692984   0.0004401613119564103
339.75   0.10346354219948324   0.0004472172441543817
340.   0.10522802398881223   0.0004548169964406041
340.25   0.10713215190988637   0.0004633208918153419
340.5   0.10918743174335054   0.0004725062474584238
340.75   0.11141185552724399   0.0004824001698291835
341.   0.11382670120869408   0.0004930390321655293
341.25   0.11645533039345779   0.0005039786114882746
341.5   0.1193307785157655   0.0005159480694723254
341.75   0.12249061098028338   0.0005292508961699074
342.   0.12598046417840988   0.0005442432212803581
342.25   0.12985264498442325   0.0005621864740811271
342.5   0.13418088828117433   0.0005824643716261936
342.75   0.13905250890135248   0.0006053024910443796
343.   0.14457640225492624   0.0006309975541651635
343.25   0.15089412449231018   0.0006591322913088155
343.5   0.1581678560783799   0.0006912496393669514
343.75   0.16660262904675877   0.0007283387981522435
344.   0.17644127785486552   0.0007715748054795933
344.25   0.18795431120246775   0.000822577812890759
344.5   0.20139598195820937   0.0008822679142090271
344.75   0.21694469199888888   0.0009515115457438366
345.   0.234616778633171   0.001030486072520037
345.25   0.25420251890316836   0.0011194856072556851
345.5   0.2753177252333771   0.0012155916370034884
345.75   0.2974715163222756   0.0013161805285857825
346.   0.3201815893717357   0.001418489111041122
346.25   0.34304211377354166   0.0015166761855533789
346.5   0.36575285096109794   0.0016126083382837467
346.75   0.38810612399198086   0.0017059893309324342
347.   0.40996940154054207   0.0017970697857915565
347.25   0.4312805006075726   0.0018897408444007795
347.5   0.4519806122159949   0.001980862096989191
347.75   0.47204936541746945   0.0020701832253202904
348.   0.49148248897761077   0.002157456340334381
348.25   0.5102720718499392   0.002241539938646437
348.5   0.5284482710125439   0.00232329890103174
348.75   0.5460327842519737   0.002402806264546161
349.   0.5630496202924404   0.0024801380053025034
349.25   0.5795347763087891   0.002555470429169862
349.5   0.5954989906789124   0.002628734612741889
349.75   0.6109624808859218   0.0026999455970366576
350.   0.6259444754420218   0.002769105941313696
350.25   0.6404498310362161   0.0028361766904289043
350.5   0.6545133825716177   0.0029011740616426214
350.75   0.668156714007161   0.0029640757166901526
351.   0.6814006768404729   0.0030248483382783716
351.25   0.6942940238515063   0.0030823938275871686
351.5   0.7068170980522077   0.0031380978884477844
351.75   0.7189759837219124   0.0031923641067406056
352.   0.7307752259048129   0.003245620608952887
352.25   0.7421669416671877   0.003300253543165854
352.5   0.7532226918690643   0.0033540859205259026
352.75   0.7639651620055751   0.0034067679707095017
353.   0.7744172163597008   0.0034579172476836254
353.25   0.7846458733223299   0.003506160912828918
353.5   0.7946139707479786   0.0035523732320353447
353.75   0.8043259565674374   0.003596496509859159
354.   0.8137854254389572   0.0036384687607091556
354.25   0.8229760584811187   0.0036763148774301814
354.5   0.8319261948408371   0.0037125938795398612
354.75   0.840645332138761   0.0037480507327927767
355.   0.8491426985915823   0.003783468326396836
355.25   0.8574417382953746   0.003822891644230002
355.5   0.8655312482033278   0.003862726335185991
355.75   0.8734136079547383   0.0039024884369820256
356.   0.8810907192725033   0.003941664326773683
356.25   0.8885533459675328   0.003978001622879835
356.5   0.8958172631479807   0.004013292720179735
356.75   0.9028875985778749   0.00404766473800485
357.   0.9097692775926081   0.004081249120132943
357.25   0.916456867077192   0.004114635441870895
357.5   0.9229689875466733   0.004147335688979747
357.75   0.9293143115870773   0.0041793024458455464
358.   0.9355015186373662   0.004210484869903665
358.25   0.9415487708703285   0.004241122158621619
358.5   0.9474516619947132   0.004270750817091639
358.75   0.9532149444818269   0.004299187321436733
359.   0.9588432523737223   0.004326240769848463
359.25   0.964345263296063   0.0043504680347355475
359.5   0.9697196367081744   0.004373389319834293
359.75   0.9749689535684165   0.004395313257273543
360.   0.9800956437423963   0.004416559056389926
360.25   0.985099883503377   0.0044378355785480005
360.5   0.9899867446988928   0.00445895640085019
360.75   0.9947591208959392   0.004480112892717312
361.   0.9994198057744259   0.004501501170859053
361.25   1.0040118413499   0.00452311878228031
361.5   1.0084818528336705   0.004545453024594037
361.75   1.0128155949490725   0.004568798110920444
362.   1.0169982563614912   0.004593455048761387
362.25   1.0208956532878517   0.004623943022598099
362.5   1.0246568598782482   0.004654728794442262
362.75   1.0283147089576214   0.004684387017397914
363.   1.0319028534282928   0.004711451399612203
363.25   1.0355537144169327   0.004729292225479739
363.5   1.0391664477386515   0.004743481113840445
363.75   1.0427365444971632   0.004754553540948823
364.   1.0462592204907457   0.004763061411448474
364.25   1.0497632828829098   0.004768308611187892
364.5   1.0531963600530891   0.004772635673803076
364.75   1.0565389038916875   0.004777163604955785
365.   1.0597707813756052   0.004783041045800527
365.25   1.0627811603836994   0.004795284053812545
365.5   1.0656740842947738   0.004809755444350887
365.75   1.068464883467057   0.004826100786695078
366.   1.0711691965911807   0.004843955154377302
366.25   1.0738463694200278   0.0048640170878529055
366.5   1.076452271191885   0.004884407859427723
366.75   1.0789855737549394   0.004904290502690724
367.   1.0814448508601888   0.004922808840083189
367.25   1.083829650494101   0.004935358755419608
367.5   1.0861368686955113   0.004946235204315939
367.75   1.0883643593813217   0.0049560587381909825
368.   1.0905098784404819   0.004965463534240067
368.25   1.092549255196938   0.004977740197348605
368.5   1.094510439610972   0.004989870872634873
368.75   1.0963998644579718   0.005001444599452754
369.   1.0982240479339125   0.005012041893570116
369.25   1.0999943839076982   0.0050192180223978256
369.5   1.101710887375035   0.0050253447494296955
369.75   1.1033783620316815   0.005030804522734403
370.   1.10500165577498   0.005035987263320375
370.25   1.1065947027048144   0.005041306991148865
370.5   1.108149845822434   0.005047144854372318
370.75   1.1096683610258997   0.005053905568631359
371.   1.111151500655024   0.0050620007018972795
371.25   1.1126319102936237   0.005075223077785863
371.5   1.1140670387398743   0.005089297386034989
371.75   1.115445223524538   0.005103275025990921
372.   1.1167545621907227   0.0051161902920307985
372.25   1.1179197007487296   0.00512314296412986
372.5   1.119016339572569   0.005128591995260422
372.75   1.1200577092077968   0.005133122713869836
373.   1.121057238048303   0.005137330578251252
373.25   1.1220859963437888   0.00514115358695695
373.5   1.1230777491142498   0.005146137000098402
373.75   1.1240230496476538   0.005153178151259208
374.   1.1249122699134997   0.005163188141012886
374.25   1.1256991599968853   0.005185277339453958
374.5   1.1264245304731035   0.005208975110346182
374.75   1.1270930917385407   0.005231893791843549
375.   1.1277096082178746   0.005251608401781257
375.25   1.1282779385841477   0.0052549103120615994
375.5   1.1288042900754254   0.0052542824939854505
375.75   1.1292939758186955   0.0052515715108788176
376.   1.1297523658277235   0.005248652241444938
376.25   1.1301889490266823   0.005253162719607025
376.5   1.1306035426213157   0.00525903704831867
376.75   1.1310000281450148   0.0052658966721105495
377.   1.13138231802657   0.005273357137817232
377.25   1.1318087734943996   0.00528072976845495
377.5   1.1322074858124627   0.0052880346937556
377.75   1.1325603094899153   0.005294991746194448
378.   1.1328488310731795   0.005301316833871825
378.25   1.1329484015244122   0.00530749097931789
378.5   1.132987873673899   0.00531214997370332
378.75   1.132991157483221   0.0053146855088867595
379.   1.1329824687048893   0.005314481522690892
379.25   1.132986324583716   0.005310914309208639
379.5   1.1330275396449194   0.005303352626852343
379.75   1.1331312215663534   0.00529115780421243
380.   1.1333227671324846   0.005273683843790081
