310.   0.03195156093970024   0.00003556196054646274
310.25   0.03198946809221353   0.00003564873426241262
310.5   0.03202963376442044   0.00003571924637011594
310.75   0.03207200946828005   0.000035777335903579826
311.   0.03211654636172481   0.00003582691436163938
311.25   0.03216319523540961   0.00003587196864389529
311.5   0.03221190649889339   0.00003591656412979282
311.75   0.032262630166221586   0.000035964847909230306
312.   0.032315315840874693   0.00003602105217365396
312.25   0.03236949427568197   0.000036111913324399136
312.5   0.03242569649052936   0.00003621065081955321
312.75   0.032484042463381074   0.000036312575876619144
313.   0.03254465541199143   0.00003641290102536511
313.25   0.032607912042627814   0.00003649402744469854
313.5   0.03267359453551839   0.00003656863730742533
313.75   0.03274173395424671   0.000036636841824766735
314.   0.03281236288386013   0.000036698753637563285
314.25   0.032885434726197454   0.00003674698847603762
314.5   0.03296109766531482   0.000036792090625632686
314.75   0.03303942252049812   0.00003683726216257586
315.   0.03312048273293652   0.00003688578048703776
315.25   0.03320452546627796   0.00003695013952969795
315.5   0.03329139208087788   0.00003702107391663679
315.75   0.03338109422808011   0.00003709834447752125
316.   0.033473644958452266   0.000037181708126335105
316.25   0.03356866892648089   0.00003727719055006584
316.5   0.03366672403195543   0.000037375822316214
316.75   0.033767988826299326   0.000037474759309603895
317.   0.033872647831608434   0.000037571084194796856
317.25   0.03398150129081838   0.000037645076229565516
317.5   0.03409389994826268   0.00003771689723447333
317.75   0.03420979628236095   0.00003779029982132896
318.   0.03432914304555692   0.000037869140423902235
318.25   0.03445118182802525   0.00003795839993830876
318.5   0.03457685393111223   0.00003806074949076228
318.75   0.03470640761860796   0.00003817997088084563
319.   0.03484010023328409   0.00003831996136975958
319.25   0.03497863320837325   0.00003850864930921299
319.5   0.03512168053431662   0.00003871699784085694
319.75   0.03526934972148021   0.000038939371967965396
320.   0.03542175395016945   0.00003916996918192287
320.25   0.03557888011844255   0.0000394029272209094
320.5   0.03574103729038102   0.00003963191616334461
320.75   0.03590841277259934   0.000039850521632038304
321.   0.036081202875429576   0.00004005211728777206
321.25   0.036259561646499   0.00004017500202702027
321.5   0.03644377696343059   0.0000402881284168752
321.75   0.03663409725886938   0.00004040701185348366
322.   0.036830783231777534   0.000040547711131831315
322.25   0.037034133175818475   0.0000407726249944191
322.5   0.037244400789979586   0.00004103560480837167
322.75   0.03746187836166833   0.00004133543647937934
323.   0.037686873644709344   0.00004167087820705423
323.25   0.03792012840288774   0.00004210270180814051
323.5   0.038161406619575844   0.00004254371087695634
323.75   0.03841089420280155   0.000042966566856002765
324.   0.03866879019659137   0.00004334283491709449
324.25   0.038934699906891884   0.00004351220964924888
324.5   0.03920969240443622   0.00004362460898278136
324.75   0.03949426783875776   0.00004370276977760171
325.   0.03978895509961592   0.00004377038914702866
325.25   0.04009463185948518   0.00004389339502645807
325.5   0.04041145207415519   0.00004404069678345004
325.75   0.040739910772217   0.00004422194742744269
326.   0.04108053549760787   0.000044447269277526644
326.25   0.04143342410942239   0.000044756954418001435
326.5   0.04179981912792746   0.000045121234551080974
326.75   0.04218055972412961   0.00004553931017235903
327.   0.04257654008590875   0.000046010379400233806
327.25   0.04299006386151715   0.00004655565973115932
327.5   0.04342028940487336   0.000047143982821261914
327.75   0.04386773192187809   0.00004776515875342244
328.   0.0443329517533513   0.00004840846665271039
328.25   0.04481518239933036   0.00004902776848843991
328.5   0.045316982186761466   0.00004965908613524518
328.75   0.045839663658754345   0.00005030470789985815
329.   0.04638464094507732   0.00005096707849384677
329.25   0.04695366549752369   0.00005165945885755495
329.5   0.04754807661241954   0.00005237002747855318
329.75   0.04816956245263375   0.00005309721120579159
330.   0.04881995524850254   0.00005383935504853543
330.25   0.049501431125955106   0.000054577767097295884
330.5   0.050215907053511144   0.000055333840285733505
330.75   0.050965670207343876   0.00005611297630195645
331.   0.05175322227477504   0.000056921010714973226
331.25   0.05258142828631925   0.00005777040259193352
331.5   0.05345313004721502   0.00005865962178758357
331.75   0.05437158643439411   0.00005959345701845336
332.   0.05534039239905038   0.00006057715851603567
332.25   0.05636334536901675   0.00006160528408319183
332.5   0.05744509193900428   0.00006269949226721101
332.75   0.05859060441941338   0.00006387179244511338
333.   0.05980541997175536   0.00006513544763869509
333.25   0.06109553298688656   0.00006657271296630825
333.5   0.06246812386081396   0.00006810816290825669
333.75   0.06393105458498347   0.00006972970142035437
334.   0.06549318245913102   0.0000714240301969697
334.25   0.06716506671385565   0.00007304079113417842
334.5   0.06895732374319223   0.00007474697082837901
334.75   0.07088263227981487   0.00007658618466232815
335.   0.07295548523716015   0.00007860783774822203
335.25   0.07519260415449161   0.00008101680994552785
335.5   0.07761304158371794   0.00008367807074127786
335.75   0.08023895106050505   0.00008659668304754551
336.   0.0830961018126737   0.0000897787806309585
336.25   0.08621373732188613   0.0000931534216554599
336.5   0.08962843224354416   0.000096833574563231
336.75   0.09338244464344525   0.00010086714913257983
337.   0.09752600716223107   0.00010531107102434737
337.25   0.10211919773386341   0.00011026254200290182
337.5   0.10723436755066738   0.00011576527932786379
337.75   0.11295922091336176   0.0001219042251776086
338.   0.1194008504356626   0.00012878288274012037
338.25   0.12669335433997622   0.00013644285220562572
338.5   0.13499703903652374   0.00014515114120762157
338.75   0.1445147606260095   0.0001551476995723766
339.   0.15550188857062214   0.00016673609243885134
339.25   0.16827832803581533   0.00018050079507568692
339.5   0.1832623608625937   0.00019669354941976737
339.75   0.2009863405891759   0.0002158493299079784
340.   0.2221345833169632   0.0002386494146637251
340.25   0.24758686707446567   0.0002655947516715019
340.5   0.2784476840540977   0.00029818637811625514
340.75   0.31607300934173016   0.0003379227084089582
341.   0.36201270741129415   0.0003865488564547182
341.25   0.417770024200328   0.0004464763791969356
341.5   0.48416593727612406   0.0005181069699804389
341.75   0.5600274023728911   0.0006001518001737161
342.   0.6401692362195066   0.0006869327622246727
342.25   0.7137953036965727   0.0007660150290957168
342.5   0.7663993477468396   0.0008222277610058395
342.75   0.7873166237381621   0.0008441151431350978
343.   0.7778949123947958   0.0008331879362205224
343.25   0.7507774614964309   0.0008028120496856983
343.5   0.7207299313853633   0.000769302737720787
343.75   0.6968926345742154   0.0007425594023110348
344.   0.681333629256373   0.0007248746782204081
344.25   0.6718586951597296   0.0007142470884667438
344.5   0.6655412920144148   0.000707312644319837
344.75   0.6605322843384486   0.0007021254157622041
345.   0.656130670129807   0.0006979645657013708
345.25   0.652253184512244   0.0006956662186931845
345.5   0.6489558375620702   0.0006940563048285761
345.75   0.6462822183289194   0.0006928560581991141
346.   0.6442020462725574   0.0006917083629671426
346.25   0.6426193326724174   0.0006882244413802252
346.5   0.6414583950142313   0.0006847279180579885
346.75   0.6406322728811278   0.0006815745084663105
347.   0.6400669987903634   0.000679137864867386
347.25   0.6397052910974661   0.0006797313338876027
347.5   0.6394981888298568   0.0006810940600157456
347.75   0.6394096496288334   0.0006828825499945143
348.   0.6394122162485736   0.0006847587395996959
348.25   0.639495663554206   0.0006854201238771472
348.5   0.639629468520572   0.0006858814240635104
348.75   0.6397974640158187   0.0006862013374713042
349.   0.6399864000774251   0.0006864426726549463
349.25   0.6401700930017686   0.0006867952863278394
349.5   0.6403603868500799   0.0006871560077024117
349.75   0.6405554764939441   0.000687546244639738
350.   0.6407546724118542   0.0006879889237438825
350.25   0.6409790074394989   0.0006887368635480333
350.5   0.6412003468398714   0.0006894965651002425
350.75   0.6414117091964446   0.0006902012306910155
351.   0.6416064738802639   0.0006907836295693276
351.25   0.6417595280349476   0.0006908256153888925
351.5   0.6418909244433957   0.0006907475480541448
351.75   0.6420023375719133   0.0006906230365575913
352.   0.6420956661287878   0.0006905269079663166
352.25   0.6421806789974802   0.0006911892550466899
352.5   0.6422489177317249   0.0006917748787823214
352.75   0.6422996540231265   0.0006920960676536405
353.   0.6423322429066146   0.0006919628213372605
353.25   0.6423490155207814   0.0006897413243779257
353.5   0.6423453964586731   0.0006872480000205683
353.75   0.6423197313660781   0.0006848718451306696
354.   0.6422703898734035   0.0006830067502007029
354.25   0.6421822893564861   0.0006839706788771776
354.5   0.6420726206652404   0.0006854893258940679
354.75   0.6419452588271635   0.0006871913772586017
355.   0.6418041453962566   0.0006887010169531196
355.25   0.6416674718388302   0.0006881967880490474
355.5   0.641519503007866   0.0006873051123623022
355.75   0.6413585979586247   0.0006862220016350939
356.   0.6411831034477156   0.0006851457837906619
356.25   0.6409875146289989   0.0006847944104588548
356.5   0.6407755051402927   0.0006846487281130021
356.75   0.6405469333052802   0.0006847039227327294
357.   0.6403016571627833   0.0006849550821135252
357.25   0.6400378350661557   0.0006856257533346373
357.5   0.6397576922232272   0.0006863918286237755
357.75   0.6394617690232459   0.0006871554530584414
358.   0.6391506095411874   0.000687817722501712
358.25   0.6388255429375932   0.0006878257210845901
358.5   0.6384860271933727   0.0006877108080098818
358.75   0.6381322970678123   0.0006875545740262821
359.   0.637764585761195   0.0006874394500891644
359.25   0.6373840140172686   0.0006878626410926461
359.5   0.6369895693575809   0.0006883303247122149
359.75   0.6365811183986211   0.0006887597232524253
360.   0.6361585217524675   0.0006890672408604963
360.25   0.6357181362926018   0.0006892099337210633
360.5   0.6352646936752423   0.0006890447310767459
360.75   0.6347994517853295   0.0006884688847163549
361.   0.6343236752467202   0.0006873787285553704
361.25   0.6338446273576436   0.0006849412529740883
361.5   0.6333552184823249   0.0006820681427828334
361.75   0.6328543075328097   0.0006789478106370492
362.   0.6323407377896191   0.000675770425801387
362.25   0.6318135098540979   0.000672939188181451
362.5   0.631271195045766   0.0006703526148522499
362.75   0.630712521008711   0.0006681205058516624
363.   0.6301361999261689   0.000666353570638898
363.25   0.6295245879137087   0.000666286757730213
363.5   0.6288991881019307   0.0006664637103734562
363.75   0.6282652740814908   0.0006665436122930456
364.   0.6276281594313575   0.0006661827437693046
364.25   0.6270173757403201   0.0006631702096505899
364.5   0.6264045442151264   0.0006597605135648916
364.75   0.6257853225598059   0.000656354970079116
365.   0.625155327766175   0.000653358194113958
365.25   0.6244927730546179   0.0006527654994484814
365.5   0.6238174496531452   0.0006527705782557406
365.75   0.6231318713230152   0.0006531462852711528
366.   0.622438567813068   0.000653663613702505
366.25   0.62174968044287   0.0006536828003485355
366.5   0.6210543655957552   0.0006535424356521535
366.75   0.6203513238896528   0.000653173259160728
367.   0.6196392419423068   0.0006525054988206316
367.25   0.6189094545555685   0.0006509409903249325
367.5   0.6181708723119845   0.0006491464291657054
367.75   0.6174251038517696   0.0006472636915863858
368.   0.6166737661067863   0.0006454357162133651
368.25   0.6159262241837503   0.0006441186671774908
368.5   0.6151732975907379   0.0006430214106425652
368.75   0.6144135032589328   0.0006421639693844966
369.   0.6136453440032438   0.000641566480950698
369.25   0.6128600441860047   0.000641858251695587
369.5   0.6120662290478273   0.0006422086726362098
369.75   0.6112652917219766   0.0006423924500594668
370.   0.6104586320006905   0.0006421827272841971
370.25   0.6096511241825854   0.0006401760813886043
370.5   0.6088393353876154   0.0006377844444447844
370.75   0.6080232858019442   0.000635250428399567
371.   0.6072029926664569   0.0006328182996591336
371.25   0.6063807746407607   0.0006315339899144223
371.5   0.6055534232444856   0.0006305270603622749
371.75   0.6047200178120019   0.000629723934807616
372.   0.6038796289677797   0.0006290505310486648
372.25   0.60302992565565   0.0006282547581427549
372.5   0.6021719082497002   0.0006275096041852741
372.75   0.601305183732904   0.0006268110867549185
373.   0.6004293543783679   0.0006261551910388773
373.25   0.5995324592575249   0.0006255841269169462
373.5   0.598630244722759   0.0006250291718122921
373.75   0.5977269587881974   0.0006244675697378713
374.   0.5968268731624283   0.0006238764215961014
374.25   0.5959600880721512   0.0006232125013845816
374.5   0.5950948566434684   0.000622480841357367
374.75   0.5942251195077214   0.0006216662606388804
375.   0.5933447786765984   0.00062075349092748
375.25   0.5924188342202571   0.0006194341561632653
375.5   0.5914814542955457   0.0006181023601567561
375.75   0.5905380587554916   0.0006168606502524545
376.   0.5895940973023416   0.0006158121646224543
376.25   0.5886755346323684   0.0006155889199822953
376.5   0.5877592458270781   0.0006155568014345774
376.75   0.5868425148804444   0.0006156078416316382
377.   0.5859226082420713   0.0006156334512601742
377.25   0.5849863499414609   0.0006154266902103328
377.5   0.5840455441238595   0.000615014366419431
377.75   0.5831016051002496   0.0006143254422504142
378.   0.5821559532574904   0.0006132885039901284
378.25   0.5812161320781708   0.0006112178855923302
378.5   0.5802750231174634   0.0006088995461462638
378.75   0.5793316011180597   0.0006065081881304909
379.   0.5783848336401307   0.0006042194570614327
379.25   0.5774336811601436   0.0006022099288198709
379.5   0.5764770971680386   0.0006006570971815326
379.75   0.57551402826279   0.0005997393615473373
380.   0.5745434142463918   0.0005996360148690196
