310.   0.07026355341782488   0.0001001284500224324
310.25   0.07020505202481102   0.00009953622359915947
310.5   0.07014722050238732   0.00009909030879674508
310.75   0.07009032564638934   0.00009877200921960794
311.   0.07003463737314207   0.00009856244239821238
311.25   0.06998042881690551   0.00009844253403236776
311.5   0.06992797643091347   0.00009839301202842698
311.75   0.06987756009216996   0.00009839440032110208
312.   0.06982946321017648   0.00009842701247012085
312.25   0.06978513675416229   0.00009842337990929378
312.5   0.06974324739289492   0.00009842974855933719
312.75   0.0697036176571291   0.00009844505599192656
313.   0.06966606851846507   0.00009846822893759362
313.25   0.06962945121045525   0.00009849388172703202
313.5   0.06959493420811673   0.00009852691954904085
313.75   0.06956272647441063   0.00009856798034315849
314.   0.06953304003355955   0.0000986177111718828
314.25   0.06950683748033487   0.00009868418060952292
314.5   0.06948329461854681   0.00009875771475785062
314.75   0.06946232974230818   0.0000988359795578432
315.   0.06944386076611737   0.00009891661286659919
315.25   0.0694273981670938   0.00009900645231250796
315.5   0.06941342683352121   0.00009909020409444699
315.75   0.06940202890705849   0.00009916166535967115
316.   0.06939328831627274   0.0000992145511033988
316.25   0.06938758071670466   0.00009920814040507159
316.5   0.06938458955451762   0.00009918388118562111
316.75   0.06938428664646455   0.00009914919398370143
317.   0.06938664424032896   0.00009911159947298351
317.25   0.06939155497525137   0.00009907368419745114
317.5   0.06939910365844079   0.0000990502047348649
317.75   0.0694092965427712   0.0000990510547296181
318.   0.06942214087703935   0.00009908627322175964
318.25   0.06943732303418516   0.00009924629086912331
318.5   0.06945530117421894   0.00009942958938819705
318.75   0.06947621691648563   0.0000996139966806501
319.   0.0695002150617037   0.00009977701172114596
319.25   0.06952903726689193   0.00009983943376447261
319.5   0.06956061395489645   0.00009985661965095095
319.75   0.06959445071811096   0.0000998279764427527
320.   0.06963004653492777   0.00009975289457213737
320.25   0.06966284430480309   0.00009956478054353809
320.5   0.06969797174980696   0.00009935491657793727
320.75   0.06973655847013498   0.00009914955250336887
321.   0.06977975401293374   0.0000989753689349829
321.25   0.0698327396339548   0.00009895733151712507
321.5   0.069891119217761   0.00009898672877835985
321.75   0.06995446935026922   0.00009905168923245538
322.   0.07002236137335828   0.00009914014626744935
322.25   0.07009293765493947   0.0000991786454751733
322.5   0.07016774121479138   0.00009923992667916113
322.75   0.07024690834438935   0.00009933629897875287
323.   0.07033057998227446   0.00009948030333777154
323.25   0.07041992710060435   0.00009975113912118547
323.5   0.07051367311831523   0.00010006935864745179
323.75   0.07061155479328707   0.00010042108077862391
324.   0.07071330635647208   0.00010079217086883784
324.25   0.07081508486794617   0.00010118197041140289
324.5   0.0709215953051716   0.0001015566733573406
324.75   0.071034028561132   0.00010189568128517269
325.   0.07115360284133793   0.00010217797546075347
325.25   0.0712870408857464   0.00010224320819124317
325.5   0.0714279993746072   0.00010226273800626786
325.75   0.07157554005612819   0.00010227114873772911
326.   0.07172870891953136   0.00010230375935236521
326.25   0.07188293034301312   0.00010253239489065395
326.5   0.07204223168969863   0.00010280513677445652
326.75   0.072207088576822   0.00010310396327659082
327.   0.07237799198720368   0.0001034104585375537
327.25   0.07255588059905509   0.00010363529936790376
327.5   0.07274067892728171   0.00010385724201098416
327.75   0.07293275208125957   0.00010408557421670948
328.   0.0731324801359018   0.00010432981395649403
328.25   0.07334049276436631   0.00010455479196349271
328.5   0.07355687807158294   0.00010483297707566727
328.75   0.07378197063845136   0.0001051931880244303
329.   0.07401612172861093   0.00010566502032148255
329.25   0.07426061539547846   0.00010652186107248924
329.5   0.07451456867618445   0.00010745746086445131
329.75   0.07477801203086211   0.00010840363785396661
330.   0.07505098709542664   0.00010929035738318527
330.25   0.07533245194740798   0.00010975942022068373
330.5   0.07562399467391338   0.0001101340977885598
330.75   0.07592615011196087   0.00011045660117418223
331.   0.07623948232866504   0.00011077037178905635
331.25   0.0765640730947045   0.00011126695160753774
331.5   0.07690126485915806   0.0001117888213960892
331.75   0.07725193723230006   0.00011232267946416894
332.   0.07761701655446032   0.00011285482394693434
332.25   0.07799867334992322   0.00011330506130597343
332.5   0.07839628426620478   0.00011375040017886047
332.75   0.07881044315966013   0.00011420327646845043
333.   0.07924179064098284   0.00011467658164725733
333.25   0.07969091773161903   0.0001152020515446391
333.5   0.08015871148848337   0.0001157681761285642
333.75   0.08064602287509419   0.00011638177348180699
334.   0.08115377181460975   0.00011704998501865927
334.25   0.08168212257957318   0.00011783291138394736
334.5   0.08223330523576772   0.00011866562953924734
334.75   0.08280884045264693   0.00011953435984671542
335.   0.08341036614759266   0.00012042483053826739
335.25   0.08404061956382732   0.00012122128421262084
335.5   0.08470017240079258   0.00012204786354842997
335.75   0.08539068774948357   0.00012293111897266354
336.   0.0861139877485009   0.00012389895150790065
336.25   0.08687160588274845   0.0001251084705045811
336.5   0.08766638695663295   0.0001264144610420779
336.75   0.08850095510293075   0.00012779562647555328
337.   0.08937820012042869   0.000129229788191213
337.25   0.0903012112900879   0.000130605589950714
337.5   0.0912736615911214   0.0001320203067503753
337.75   0.09229951807831559   0.00013348620281909514
338.   0.0933831978621486   0.0001350165332060844
338.25   0.0945298439237738   0.00013664527024318982
338.5   0.09574470227989383   0.00013836117862721164
338.75   0.09703390870039719   0.00014017298581602607
339.   0.09840440054813213   0.0001420905408744442
339.25   0.09986322682423923   0.00014409713612628026
339.5   0.10142050334679105   0.00014624365734167307
339.75   0.1030868832446614   0.0001485568019154049
340.   0.10487461069139797   0.0001510664807794051
340.25   0.10680008841352555   0.00015388227950215096
340.5   0.10887669588381449   0.0001569390946007445
340.75   0.11112267924659616   0.0001602472006222364
341.   0.1135595984562263   0.00016382013863052228
341.25   0.11621095340958233   0.00016758483842288667
341.5   0.11911037791051843   0.00017168685636589266
341.75   0.12229592741849832   0.00017619637335794264
342.   0.12581380445747134   0.0001811971348321245
342.25   0.12972106455966015   0.00018682079862091696
342.5   0.13408675296211128   0.00019314908761054717
342.75   0.13899722572837556   0.00020031867686851187
343.   0.1445602929781012   0.00020849971984107196
343.25   0.15091144215070193   0.00021805471386040156
343.5   0.15821769368758104   0.00022905099548389718
343.75   0.1666846033741544   0.0002417407309469087
344.   0.17655563207403727   0.00025642025534008104
344.25   0.1880985380517994   0.0002729891455356003
344.5   0.20157284940312375   0.00029226003077392933
344.75   0.21715965678591087   0.00031458827404854983
345.   0.23487853570144177   0.000340129429244385
345.25   0.2545320313105784   0.00036949656795634875
345.5   0.2757298772152475   0.0004014408969542532
345.75   0.2979817374050783   0.00043513262532322616
346.   0.32080532228439723   0.0004696923996306246
346.25   0.3437995632044374   0.0005034247400422823
346.5   0.3666566354380034   0.0005366954787403543
346.75   0.38916484892259384   0.0005693015332399642
347.   0.41118680841363653   0.0006011882520602274
347.25   0.43263430453714613   0.0006331444236824911
347.5   0.45346901013520996   0.0006643702177678011
347.75   0.47367379808945304   0.0006947270691901271
348.   0.49324856259834504   0.000724077984244669
348.25   0.5122128030253067   0.0007518781086549302
348.5   0.530572580505912   0.0007785115031602347
348.75   0.5483454522859497   0.0008040040448594625
349.   0.5655507089556197   0.0008283897868566337
349.25   0.5822024271476618   0.0008515266012956772
349.5   0.5983280553212548   0.0008737055361444655
349.75   0.61394924791786   0.0008950595551137365
350.   0.629086966329407   0.0009157329864505926
350.25   0.643746958362046   0.0009357230313343501
350.5   0.65796785771954   0.0009554084010697734
350.75   0.6717742793927022   0.0009750338797482436
351.   0.68519038531506   0.0009948588467794347
351.25   0.6982724526589795   0.0010167627454547201
351.5   0.7109992625651375   0.0010388385181057966
351.75   0.7233792216298762   0.0010606733890636453
352.   0.7354193028177709   0.0010818153026435826
352.25   0.7471011449751384   0.0011000452447988186
352.5   0.7584619422658266   0.0011172078963244962
352.75   0.7695152992529045   0.0011334994496702024
353.   0.7802743408975846   0.001149131033697904
353.25   0.7907558498400475   0.0011648220126926404
353.5   0.8009664663331142   0.0011801329608711845
353.75   0.8109163166236181   0.0011951028274417275
354.   0.8206150822052029   0.0012097713375901179
354.25   0.8300775198577107   0.0012246492372803063
354.5   0.8393049560861358   0.0012391301863602336
354.75   0.8483035653394913   0.0012530545392158365
355.   0.8570790711831365   0.0012662531821453886
355.25   0.8656289530039036   0.0012773645904193987
355.5   0.8739689000022565   0.0012878340364790046
355.75   0.8821067677720931   0.0012979698203784645
356.   0.8900502106564315   0.001308095134066393
356.25   0.8978254580874304   0.0013193532722969527
356.5   0.905413888091683   0.0013309828568316528
356.75   0.9128146942244302   0.0013430080028175992
357.   0.9200265894680302   0.0013554517274803658
357.25   0.9270064363697449   0.0013694970314739533
357.5   0.933809294445124   0.0013835590647390944
357.75   0.9404499912870644   0.0013971686987159083
358.   0.9469436203852214   0.001409837051128505
358.25   0.9533505799664359   0.0014187423732328797
358.5   0.9596241279204312   0.001426561167933582
358.75   0.9657612426797385   0.0014337192004960672
359.   0.971758485436404   0.0014406590837080053
359.25   0.9775893079387937   0.0014490979628023033
359.5   0.9832809449235808   0.0014577674611357637
359.75   0.9888382831670589   0.0014666322117874114
360.   0.9942661598469208   0.0014756546671332836
360.25   0.9995758010876042   0.0014849418730048377
360.5   1.0047630335225106   0.0014942486528806683
360.75   1.0098298868402105   0.0015034701375565794
361.   1.0147782728694799   0.001512497624781073
361.25   1.0195948618764696   0.0015209743053844608
361.5   1.0243023373863163   0.0015291231874073887
361.75   1.02890857304515   0.0015369261781255344
362.   1.0334215237661337   0.0015443646346090434
362.25   1.0378863704309647   0.0015517813090045118
362.5   1.0422596566826179   0.001558653983463987
362.75   1.0465341812477298   0.0015648124071508845
363.   1.0507024067164268   0.0015700817759285856
363.25   1.0547321939701162   0.0015725589346904903
363.5   1.0586490794712   0.0015744550118876677
363.75   1.0624546092080482   0.001576295225765703
364.   1.0661502812583359   0.0015786187725538982
364.25   1.0697163510104621   0.001584352531458208
364.5   1.0731836853639598   0.0015907634406325437
364.75   1.0765624010889914   0.0015974508034270678
365.   1.0798627846366586   0.0016040032278403003
365.25   1.083127007571722   0.0016091259187392727
365.5   1.0863215883376203   0.0016136004298508105
365.75   1.0894442348827604   0.0016173443338743704
366.   1.0924925171821687   0.001620273531728477
366.25   1.0954473811727852   0.0016209601916956171
366.5   1.098329065679244   0.0016211836511891848
366.75   1.101141531491854   0.0016214072185009032
367.   1.1038887606370402   0.001622104571197851
367.25   1.1065924965084375   0.0016250644991371737
367.5   1.1092320815032217   0.0016289652112110203
367.75   1.1118042731124427   0.001633774166453425
368.   1.1143057009467845   0.0016394574424146476
368.25   1.1167187877459848   0.001647015926929158
368.5   1.1190595143482078   0.001654970910026865
368.75   1.1213299213771382   0.0016628593149845044
369.   1.1235320450896336   0.001670208484052788
369.25   1.1256682922837045   0.0016751185693800285
369.5   1.127740170386658   0.0016790720557707105
369.75   1.129749551530678   0.0016821496202150152
370.   1.131698302184608   0.0016844338495900471
370.25   1.1335885610857455   0.0016855896974893327
370.5   1.1354217980395998   0.0016862876490980508
370.75   1.1371997511644762   0.0016867875609632539
371.   1.138924152337195   0.0016873541276489902
371.25   1.1406004833936447   0.00168892324484976
371.5   1.1422252333809462   0.001690840771838996
371.75   1.1437985814945049   0.0016931128822160787
372.   1.1453206758238603   0.001695745627430803
372.25   1.1467954398317897   0.001698992459691525
372.5   1.14821765946363   0.0017025143560272403
372.75   1.14958583879178   0.0017062158869837595
373.   1.1508984281366061   0.001709999859870692
373.25   1.1521344483643967   0.001714467876187588
373.5   1.1533192460500408   0.0017185431461764218
373.75   1.1544590262373617   0.0017218373926669748
374.   1.1555600681310467   0.0017239562063404359
374.25   1.156652753390314   0.001722079834185739
374.5   1.157710016252192   0.0017191737376217456
374.75   1.1587285512516925   0.0017158124693058623
375.   1.1597049755765179   0.0017125796760381101
375.25   1.1606179190892447   0.001711598485141581
375.5   1.1614888160591164   0.001711336801915619
375.75   1.1623213595105404   0.0017117809302716897
376.   1.1631192758861344   0.0017129166947797213
376.25   1.1639093155086795   0.0017151163437784966
376.5   1.1646632165427642   0.0017178253559360923
376.75   1.165375439667159   0.0017208705904457008
377.   1.1660403469251777   0.0017240762613664872
377.25   1.166625644206382   0.0017269294905366322
377.5   1.1671625353874169   0.0017297157341480962
377.75   1.1676559054330131   0.0017323876421722955
378.   1.1681106918417619   0.0017348972008174044
378.25   1.1685351318373258   0.001736791901352408
378.5   1.1689297363633333   0.0017385856371098876
378.75   1.1692982753631556   0.0017403927223655971
379.   1.1696445515179636   0.0017423289732060626
379.25   1.1699723998492784   0.0017445116862006738
379.5   1.170285687327897   0.0017470596175096654
379.75   1.1705883124889733   0.0017500929624149897
380.   1.1708842050531745   0.0017537333352617888
