310   0.00008560575994314931   3.560002760311919e-7
311   0.00008434424005952338   3.5086440354364003e-7
312   0.00008312241640538609   3.457863856095841e-7
313   0.0000819558137724479   3.4055540141275753e-7
314   0.00008076538760857751   3.370886984624706e-7
315   0.00007959056038787837   3.322274329506771e-7
316   0.00007842228474785685   3.289535807354292e-7
317   0.00007728606277276355   3.239060929382119e-7
318   0.00007617958712517181   3.199094607023391e-7
319   0.00007510175403262789   3.1748670868372763e-7
320   0.00007404229651918271   3.1378588798429444e-7
321   0.00007299325067751471   3.101661158314147e-7
322   0.00007196983877898869   3.0725550999329656e-7
323   0.00007094061805029621   3.0157065919370593e-7
324   0.00006993312554255931   2.957668053552591e-7
325   0.00006894306982668441   2.905047783233663e-7
326   0.0000679991778936953   2.8799369401844333e-7
327   0.0000670337201600676   2.8470722982238627e-7
328   0.00006609479677260871   2.812634899438512e-7
329   0.00006515169431770001   2.7747863928389644e-7
330   0.00006423499582325155   2.726487993523708e-7
331   0.0000633519159258993   2.6808060874879373e-7
332   0.00006247733517834143   2.641339149212533e-7
333   0.00006164296759255997   2.6131431941780244e-7
334   0.00006079711822635952   2.580759082297441e-7
335   0.00005994519628351627   2.5703462524644446e-7
336   0.000059097842875021555   2.5326071437091417e-7
337   0.00005827573088213769   2.5024094336986697e-7
338   0.000057459623072720425   2.475362472937129e-7
339   0.00005666033063440228   2.44936163788193e-7
340   0.00005586494305313688   2.4145968576255413e-7
341   0.000055099625002134894   2.38663384735437e-7
342   0.000054337794957467514   2.3474255915618254e-7
343   0.00005357664122793029   2.3383297030450596e-7
344   0.00005285149003672519   2.311186964874296e-7
345   0.00005214812556426505   2.2904549885590988e-7
346   0.00005143505594135941   2.278708995160292e-7
347   0.00005072774137231921   2.223612078830429e-7
348   0.00005004890054312693   2.1969921660515756e-7
349   0.00004937569895524096   2.17491572862912e-7
350   0.00004871962198062647   2.155299710726597e-7
351   0.00004806849720784045   2.1338387067190315e-7
352   0.000047435819410184876   2.106785610987821e-7
353   0.00004678452024248706   2.089016050438084e-7
354   0.000046160642627836583   2.0638616879264965e-7
355   0.00004554334859507003   2.0292445212483097e-7
356   0.00004493914408176468   2.0104061616843596e-7
357   0.00004433493264029795   1.988876842578922e-7
358   0.000043731404092042304   1.9682535153698974e-7
359   0.000043141798139927216   1.9465309427320191e-7
360   0.00004256813123670749   1.9182277436638586e-7
361   0.00004200767702938475   1.892073843646888e-7
362   0.00004146003457057221   1.872616830252687e-7
363   0.00004088173113837541   1.8665738615854432e-7
364   0.00004035239503674711   1.837029790465346e-7
365   0.00003985297703531609   1.798675980761008e-7
366   0.000039331211967179106   1.7786044216228171e-7
367   0.00003882107214815616   1.767161006873732e-7
368   0.000038315965278224534   1.7446566246636378e-7
369   0.00003780832118050291   1.725484795554561e-7
370   0.000037310104265463403   1.7003884916557177e-7
371   0.000036829076940308314   1.6777983309401982e-7
372   0.000036365222252392896   1.666000778991763e-7
373   0.000035891986013018615   1.644777724104949e-7
374   0.000035435285587948555   1.6264294666744944e-7
375   0.000034974147676731853   1.6287041135928508e-7
376   0.00003451687152457856   1.6035996964911198e-7
377   0.00003407251492996542   1.5881151485796662e-7
378   0.000033646969587567226   1.574554710131673e-7
379   0.00003320431980485684   1.5575152215563086e-7
380   0.00003278895308840251   1.5257663321686814e-7
