310.   0.013912987217194962   0.000024798459829017388
310.25   0.013898603549185314   0.000024772971238824357
310.5   0.01388455076771599   0.00002474820914965485
310.75   0.01387085088703895   0.000024724154526932038
311.   0.013857526226206503   0.000024700788264729275
311.25   0.013844599418678875   0.00002467809118394017
311.5   0.013832093422295213   0.000024656044030413236
311.75   0.013820031529625035   0.000024634627473050347
312.   0.013808437378717784   0.00002461382210186819
312.25   0.013797458425429291   0.00002459291407657892
312.5   0.013786946752624275   0.000024572852732048467
312.75   0.013776877018479747   0.000024553900089682282
313.   0.013767223683225154   0.00002453632140653145
313.25   0.013757855296287418   0.000024521579985266402
313.5   0.013748893389507631   0.000024508280980439968
313.75   0.013740354698939125   0.0000244962150696096
314.   0.013732256264121789   0.000024485170657629267
314.25   0.0137246528557122   0.0000244744625159818
314.5   0.013717509954000222   0.00002446453174001573
314.75   0.013710830377250044   0.000024455350868335785
315.   0.013704617097730716   0.000024446892299569237
315.25   0.013698922782731758   0.00002443952970618973
315.5   0.01369368163731386   0.000024432675287274587
315.75   0.01368887700084323   0.000024426137862598263
316.   0.013684492123309846   0.000024419723920829787
316.25   0.013680312604595759   0.00002441138495709317
316.5   0.013676597024915554   0.00002440350617577275
316.75   0.013673408694201966   0.000024396639979232794
317.   0.01367081194199923   0.000024391346587746313
317.25   0.013669064392642793   0.000024391233995532515
317.5   0.013667964480226773   0.000024392640502028764
317.75   0.013667501591598631   0.000024394914477338744
318.   0.013667665156433277   0.00002439739532117668
318.25   0.013668441586827637   0.00002439654844765703
318.5   0.013669824677663384   0.000024395687997231562
318.75   0.013671805253052071   0.000024395291154314616
319.   0.01367437421186527   0.000024395842479014295
319.25   0.013677427900726461   0.000024398555779050497
319.5   0.013681089282816474   0.000024402925462490877
319.75   0.013685388083664053   0.000024409165849893057
320.   0.013690354738829819   0.000024417495173366425
320.25   0.01369614022728172   0.000024430103533810636
320.5   0.013702609546873855   0.00002444447526839389
320.75   0.013709746573678691   0.00002446003849878775
321.   0.013717535207263076   0.000024476212512975168
321.25   0.01372578562536188   0.00002448980640427248
321.5   0.013734723856507515   0.000024503844467908743
321.75   0.013744404850015561   0.000024518779465672303
322.   0.013754884843222875   0.000024535072455414896
322.25   0.013766338328503802   0.000024554547613676287
322.5   0.013778661459660753   0.00002457579709737055
322.75   0.013791866909818956   0.000024598755378236297
323.   0.013805968010647408   0.000024623356539456356
323.25   0.013821051154234229   0.00002464926377274585
323.5   0.01383703032189778   0.00002467678701965049
323.75   0.013853891415838412   0.000024705969851475556
324.   0.01387162056850504   0.000024736857576942586
324.25   0.013890002468290247   0.00002476921893535277
324.5   0.013909304529645346   0.000024803490542057366
324.75   0.013929596330562287   0.000024839837571555234
325.   0.013950949459209473   0.00002487842969114076
325.25   0.01397365321769617   0.0000249213482846269
325.5   0.013997483506011559   0.000024966118907655052
325.75   0.01402243013609233   0.000025012143662934827
326.   0.014048483463331034   0.000025058813084082162
326.25   0.014075431756546344   0.00002510217720085089
326.5   0.014103548513396041   0.000025146231831106673
326.75   0.014132909250001902   0.000025191697034313105
327.   0.014163592131536768   0.000025239310523881812
327.25   0.014195734096219055   0.000025291576493918943
327.5   0.01422934125881401   0.000025346840402821984
327.75   0.01426447767539931   0.000025405179506197153
328.   0.014301210178654475   0.000025466675223824668
328.25   0.014339780472115142   0.00002553138059052679
328.5   0.01438002253051627   0.00002559943180925585
328.75   0.014421941738218251   0.00002567093804519535
329.   0.014465545182720753   0.000025746014210461035
329.25   0.014510615894168206   0.00002582486545286731
329.5   0.014557478585938841   0.000025907502565667075
329.75   0.014606239629869969   0.00002599402545248389
330.   0.014657010337260584   0.000026084540572420593
330.25   0.01471011770887548   0.000026179560892534185
330.5   0.014765391895228344   0.000026278652858768536
330.75   0.014822874123440131   0.000026381780261746812
331.   0.014882609518935464   0.000026488910657026026
331.25   0.014944486542681018   0.000026599413678579348
331.5   0.015008782349718516   0.000026714100906190825
331.75   0.015075622635814986   0.000026833203535850963
332.   0.015145140690682134   0.000026956966456433905
332.25   0.015217436674210659   0.000027085617376603632
332.5   0.015292718375495501   0.00002721947649829042
332.75   0.015371163170097667   0.000027358850456155106
333.   0.015452959611401206   0.000027504065390790838
333.25   0.015538628629099419   0.0000276577689055378
333.5   0.015627940681139582   0.000027817145144598026
333.75   0.015720990492598393   0.000027981628664323163
334.   0.015817883468983836   0.000028150644182098804
334.25   0.015918230106924617   0.00002831657710476105
334.5   0.016022861852293607   0.00002848855830321216
334.75   0.016132136053856584   0.000028668930102891953
335.   0.01624643529518895   0.00002886015037614262
335.25   0.016366519962683745   0.000029072530262530847
335.5   0.016492347812163168   0.00002929811436529697
335.75   0.016624246997586037   0.000029536521724939197
336.   0.016762576820598774   0.000029787384573944716
336.25   0.016907758862342838   0.000030048421517173116
336.5   0.01706018871364958   0.000030321961543259907
336.75   0.017220332303949464   0.00003060851140813395
337.   0.01738870483972631   0.0000309086480480051
337.25   0.017565723614746807   0.00003122032766892555
337.5   0.01775223515586198   0.00003154801862508801
337.75   0.01794901246484491   0.000031893727731278404
338.   0.018156915834320306   0.00003225965345678009
338.25   0.018376920501195906   0.00003265078614565631
338.5   0.01861008300582213   0.00003306626150266467
338.75   0.01885760806832999   0.00003350793298352251
339.   0.01912085663436417   0.000033977913742480195
339.25   0.019401403782828022   0.00003447672036725378
339.5   0.019700966273771155   0.00003500973434744799
339.75   0.020021545100216222   0.000035580988287424474
340.   0.0203654440376973   0.000036195093479670526
340.25   0.020735246140795794   0.000036861766364929583
340.5   0.02113417016218492   0.00003758112856296645
340.75   0.021565889887348297   0.00003835837716075353
341.   0.02203473404648389   0.00003919974469120204
341.25   0.022546148665822913   0.00004010625513129493
341.5   0.023105852863212227   0.000041095803368446195
341.75   0.023721100587578196   0.00004218242841531351
342.   0.024400709932470347   0.0000433830781365161
342.25   0.0251550746064125   0.000044724286540131026
342.5   0.025998079638671057   0.00004622349525456704
342.75   0.026946489304800036   0.000047909315644213415
343.   0.028021227267073942   0.000049817550998027106
343.25   0.029248753434445   0.000051987127913072396
343.5   0.030661247991503517   0.00005448170798965046
343.75   0.03229850549021482   0.000057372657558939426
344.   0.034207655311129376   0.000060744495430669044
344.25   0.036440634152192446   0.00006469292999610519
344.5   0.03904752645840026   0.00006930514713949676
344.75   0.04206330168953857   0.00007464386821685114
345.   0.04549163111186552   0.00008071660032480677
345.25   0.04929437209407286   0.00008746206721612965
345.5   0.0533955305634109   0.00009474112682559802
345.75   0.05769989964252365   0.00010238451126156215
346.   0.062113802672512514   0.0001102252921614086
346.25   0.06655819485435474   0.000118117700326772
346.5   0.07097448577790468   0.00012596171105693068
346.75   0.07532186564059352   0.00013368511680306777
347.   0.0795739856288163   0.00014124137982825824
347.25   0.08371523605658407   0.00014860480080848071
347.5   0.08773706782306606   0.0001557581146153886
347.75   0.09163602496899251   0.00016269454529665796
348.   0.09541191089646935   0.00016941297724812202
348.25   0.09906729167361514   0.00017591539251116952
348.5   0.10260443207149365   0.00018220707969997913
348.75   0.10602693491989827   0.0001882941514740965
349.   0.10933876646002788   0.00019418336741518715
349.25   0.11254324142427458   0.00019988585917757947
349.5   0.11564550831836397   0.00020540302483312907
349.75   0.1186499117198006   0.00021073974174133504
350.   0.1215606690381325   0.00021590040950218324
350.25   0.12438128896465438   0.00022087120225748247
350.5   0.12711639223217258   0.00022567950793078498
350.75   0.12976991617390418   0.0002303360978763229
351.   0.1323456321011576   0.00023485187393999788
351.25   0.13484840595828534   0.00023924700795392882
351.5   0.13727997233600422   0.00024352012245477058
351.75   0.13964307668251777   0.00024767838799796485
352.   0.14194028370396672   0.00025172878476951885
352.25   0.144173695657524   0.00025569258805681843
352.5   0.14634594807481366   0.0002595566041628521
352.75   0.1484592541239601   0.00026332099624537227
353.   0.15051569518511593   0.00026698538917007753
353.25   0.1525168495638981   0.0002705320504923994
353.5   0.15446508322147037   0.00027398276181743474
353.75   0.15636229717184705   0.0002773429806061802
354.   0.158210301831176   0.00028061813812205167
354.25   0.1600111092927777   0.00028382773725949326
354.5   0.16176597343133414   0.000286957769056038
354.75   0.16347634625393995   0.00029000757856682526
355.   0.16514360549389423   0.00029297620042260556
355.25   0.16676917393868002   0.0002958431268757859
355.5   0.16835413685730943   0.0002986333651448293
355.75   0.16989962781234366   0.00030135329808284836
356.   0.17140672100057427   0.00030400942700704615
356.25   0.17287611681967666   0.0003066285860939287
356.5   0.17430922050992212   0.0003091895848217032
356.75   0.17570708321241393   0.00031169071659126717
357.   0.1770707151328941   0.0003141300310811761
357.25   0.17840168669891032   0.000316491662141158
357.5   0.179700105424681   0.0003187921228933707
357.75   0.18096662058608445   0.0003210345505426667
358.   0.18220183965920553   0.0003232220951651141
358.25   0.18340515818479344   0.0003253640168539387
358.5   0.18457872913941797   0.00032745505543358946
358.75   0.1857235384373886   0.00032949584924468826
359.   0.18684055528108706   0.000331486962867719
359.25   0.1879316132928884   0.0003334225783431272
359.5   0.18899643220322151   0.0003353118685239154
359.75   0.1900355697453393   0.00033715783369337376
360.   0.19104955889678948   0.0003389634991594723
360.25   0.19203907050787772   0.00034075105431394167
360.5   0.19300436752376737   0.0003424970353756317
360.75   0.1939458480218914   0.00034419656908597003
361.   0.19486388746881889   0.00034584456275701627
361.25   0.19575763497911652   0.00034739963535761025
361.5   0.19662909525369784   0.00034890633151651266
361.75   0.19747908203608291   0.00035037392650840517
362.   0.19830840435913982   0.00035181193018843365
362.25   0.19911851323655713   0.0003532705231340519
362.5   0.1999093122283247   0.0003547035205282841
362.75   0.200681330759195   0.00035610434268541053
363.   0.20143508783662825   0.00035746617292142996
363.25   0.2021734120694252   0.0003587536282750312
363.5   0.20289358087471393   0.0003599987961975348
363.75   0.20359512530375956   0.00036120590301171203
364.   0.20427754333562825   0.00036237925778815846
364.25   0.20493590848802135   0.00036352790957055325
364.5   0.20557575956105192   0.00036464985418392567
364.75   0.2061983138850847   0.0003657477172342935
365.   0.2068048026598262   0.00036682415537934846
365.25   0.20739934904555965   0.00036789395783145195
365.5   0.2079792098465727   0.00036894301646388716
365.75   0.2085444709133607   0.00036996909158554703
366.   0.20909520446442859   0.00037096985974775434
366.25   0.20963134962109545   0.00037194132629202284
366.5   0.21015311922578073   0.0003728832164163384
366.75   0.21066059623634947   0.00037379362041310346
367.   0.21115385253275024   0.0003746705660772524
367.25   0.2116316692123299   0.0003755048623473667
367.5   0.21209587787598896   0.0003763043749324822
367.75   0.21254704493078994   0.00037706989306582935
368.   0.2129857376740961   0.00037780220898714497
368.25   0.2134140981971501   0.00037850122647064497
368.5   0.21383050535012996   0.0003791689848323527
368.75   0.214234883689787   0.00037980665160505507
369.   0.2146271462909142   0.00038041540474755003
369.25   0.21500584116461352   0.0003809841132538034
369.5   0.21537274403655562   0.0003815311262766267
369.75   0.21572829001243396   0.0003820627015271008
370.   0.2160729141010483   0.0003825852009306527
370.25   0.21640833544538057   0.00038311772035459947
370.5   0.21673320078496247   0.0003836492353957036
370.75   0.21704741946012626   0.0003841812394282439
371.   0.21735089156855544   0.00038471523136083727
371.25   0.21764310078042476   0.00038526959787457346
371.5   0.2179244967541585   0.0003858223343335925
371.75   0.21819511966871663   0.00038636805209946927
372.   0.21845500407914442   0.0003869012504366174
372.25   0.21870281582747522   0.00038741251228031865
372.5   0.21894047781558093   0.0003879014211164822
372.75   0.2191685654806903   0.00038836370645076656
373.   0.21938765823470394   0.00038879501853922484
373.25   0.2195996516209344   0.00038916367347869
373.5   0.21980330442918644   0.00038950314741969296
373.75   0.21999867215469662   0.0003898199871294655
374.   0.22018580574956056   0.00039012083959255904
374.25   0.22036447982357424   0.00039043926749377037
374.5   0.2205351154939216   0.0003907447381498352
374.75   0.2206978615761183   0.00039103325197537036
375.   0.2208528643951785   0.00039130073901355497
375.25   0.22100080950153453   0.0003915192489060545
375.5   0.22114108337637225   0.0003917177663915651
375.75   0.22127360448082664   0.000391901721740327
376.   0.22139828582855592   0.0003920766196919243
376.25   0.22151466111425988   0.000392257116902156
376.5   0.22162315415887404   0.0003924362064744824
376.75   0.22172381455119172   0.0003926159126211859
377.   0.22181668895021356   0.00039279827826729693
377.25   0.22190045209477793   0.0003930222302106766
377.5   0.2219770539962382   0.0003932384422538655
377.75   0.2220470900914393   0.0003934340076542985
378.   0.2221111606032592   0.0003935958359374901
378.25   0.222172146485407   0.00039363318576677127
378.5   0.22222748321018118   0.00039364064840630126
378.75   0.22227685927492621   0.0003936361088898767
379.   0.2223199557572339   0.0003936376871592712
379.25   0.22235644643397687   0.0003936637347341606
379.5   0.22238599789755592   0.0003937328314499639
379.75   0.22240826966943852   0.0003938637822615701
380.   0.2224229143110869   0.0003940756141110461
