310.   0.00014626523746957685   1.6151378913417783e-7
310.25   0.0001464390171539128   1.613242526985789e-7
310.5   0.00014662029954992507   1.6118909091148886e-7
310.75   0.0001468092101931204   1.611054062719952e-7
311.   0.00014700587928648186   1.610702549601351e-7
311.25   0.00014721044189452555   1.610806449625656e-7
311.5   0.00014742303814714775   1.6113353410781138e-7
311.75   0.00014764381345384203   1.612258280058088e-7
312.   0.00014787291872890343   1.6135437788610154e-7
312.25   0.00014811011726369755   1.615076740509253e-7
312.5   0.00014835611911688927   1.6169400840088902e-7
312.75   0.00014861125460839607   1.619134626659564e-7
313.   0.00014887586408256405   1.6216612819079895e-7
313.25   0.00014914956093368134   1.624898969135882e-7
313.5   0.00014943373280721688   1.628323061050929e-7
313.75   0.0001497290558396357   1.6317795228777147e-7
314.   0.00015003622499050153   1.6351109079159935e-7
314.25   0.00015035834547343945   1.637209091553282e-7
314.5   0.00015069282775679227   1.6392265559969737e-7
314.75   0.0001510394451424915   1.6413842963327458e-7
315.   0.00015139797000393598   1.6439085293685875e-7
315.25   0.00015176661493753962   1.6479715425733353e-7
315.5   0.00015214731759785794   1.6525030149507547e-7
315.75   0.0001525404895703158   1.6573588480823984e-7
316.   0.00015294655751330204   1.6623914947871334e-7
316.25   0.000153365636778325   1.666927316556542e-7
316.5   0.00015379864109078364   1.6715374888512018e-7
316.75   0.0001542461819607242   1.6762786475925443e-7
317.   0.00015470889281268225   1.6812089571786685e-7
317.25   0.00015518829121653196   1.686535799304622e-7
317.5   0.0001556838616078572   1.692115566063869e-7
317.75   0.0001561959543277248   1.6979504859864732e-7
318.   0.000156724936634384   1.704042949989496e-7
318.25   0.00015727074108238265   1.7105649851658144e-7
318.5   0.00015783439997866947   1.7172840135886188e-7
318.75   0.00015841652444686065   1.7241328068956744e-7
319.   0.00015901775212133362   1.7310422631555406e-7
319.25   0.0001596392791872697   1.7374290821167807e-7
319.5   0.0001602810645160634   1.7439310320163966e-7
319.75   0.00016094361455599594   1.7506852375371978e-7
320.   0.00016162746197985125   1.7578331613458357e-7
320.25   0.00016233240691141624   1.766066412385036e-7
320.5   0.00016306009397396912   1.7747791037725832e-7
320.75   0.00016381146040630513   1.783900473208875e-7
321.   0.00016458748714451565   1.7933576455552476e-7
321.25   0.00016538963563217976   1.8028999413693178e-7
321.5   0.00016621838066608604   1.8126932664006746e-7
321.75   0.00016707467038899735   1.822730772128507e-7
322.   0.00016795950229733913   1.8330055305759012e-7
322.25   0.00016887422835414694   1.8435621004889075e-7
322.5   0.0001698195363985516   1.8543219334560988e-7
322.75   0.00017079646616760224   1.8652562868469438e-7
323.   0.00017180611643646433   1.8763355000159246e-7
323.25   0.00017284963077411107   1.887134453721886e-7
323.5   0.00017392826388760386   1.8981675881098675e-7
323.75   0.0001750433250774587   1.9095674279666048e-7
324.   0.00017619620139467716   1.92147204595572e-7
324.25   0.000177386813815644   1.934779716981467e-7
324.5   0.00017861886564488579   1.948597500144872e-7
324.75   0.00017989466464633818   1.9627654693588406e-7
325.   0.00018121665071727528   1.977117129193659e-7
325.25   0.0001825886995080223   1.9901446323165567e-7
325.5   0.00018401175900568248   2.0035107127511954e-7
325.75   0.00018548818423479114   2.0175891726620725e-7
326.   0.00018702048306389193   2.0327716951068628e-7
326.25   0.0001886125456357946   2.051475608882392e-7
326.5   0.0001902655443193387   2.0713632546158097e-7
326.75   0.00019198200972388442   2.0920387891531625e-7
327.   0.0001937646566952233   2.113087122033217e-7
327.25   0.0001956123886431577   2.1320988838625325e-7
327.5   0.00019753386983033673   2.1513359879215643e-7
327.75   0.0001995341801460992   2.171155438564009e-7
328.   0.00020161875532046392   2.1919344907644116e-7
328.25   0.00020380012183878574   2.215278944364018e-7
328.5   0.00020607530461224237   2.239951611642934e-7
328.75   0.00020844815127173718   2.2658859570662525e-7
329.   0.00021092284550810675   2.293012718194528e-7
329.25   0.00021349785155776928   2.3207579492979462e-7
329.5   0.0002161864991270982   2.3497355240954063e-7
329.75   0.00021899682521317476   2.3800824999197429e-7
330.   0.00022193754453725016   2.4119466569203787e-7
330.25   0.00022502019075489296   2.4458151545471415e-7
330.5   0.00022825222996594643   2.4814117580399586e-7
330.75   0.00023164399535285766   2.5187818042433356e-7
331.   0.00023520678960365463   2.5579762312409303e-7
331.25   0.00023895296075447705   2.59876578314249e-7
331.5   0.00024289616511988742   2.641606520221705e-7
331.75   0.0002470513892156396   2.686696083313443e-7
332.   0.0002514351608718714   2.734251706279798e-7
332.25   0.00025606488332211003   2.784319216420544e-7
332.5   0.0002609619803537679   2.8374270896763604e-7
332.75   0.0002661493208197713   2.8939541943925333e-7
333.   0.0002716523668816531   2.95432034795624e-7
333.25   0.0002775030486994164   3.01987358809746e-7
333.5   0.00028372843813558366   3.0899371824418526e-7
333.75   0.0002903627089624953   3.1646978583892837e-7
334.   0.0002974443847922835   3.244369769748864e-7
334.25   0.0003050138718288603   3.32869754204522e-7
334.5   0.00031312488447480174   3.418640928114247e-7
334.75   0.0003218351736246278   3.5147536337791014e-7
335.   0.0003312107422292016   3.617668899847862e-7
335.25   0.00034132529750777267   3.727084838175426e-7
335.5   0.00035226885315985915   3.845221132435324e-7
335.75   0.00036414339891506026   3.973528041774408e-7
336.   0.00037706755478232617   4.1136892948086377e-7
336.25   0.00039118455784918654   4.269540761953336e-7
336.5   0.0004066512570861092   4.4409037374034256e-7
336.75   0.00042365801493525555   4.6296120212678e-7
337.   0.00044243111999989584   4.837846260214762e-7
337.25   0.00046323956502194996   5.067097702604586e-7
337.5   0.00048641141118022996   5.32196841015312e-7
337.75   0.0005123425034141399   5.606807690650437e-7
338.   0.0005415161537666954   5.926925587570522e-7
338.25   0.0005745252836790741   6.288966327832668e-7
338.5   0.0006121089259052204   6.700882366804783e-7
338.75   0.0006551886074574604   7.172731917584199e-7
339.   0.0007049245748748911   7.717176892175202e-7
339.25   0.0007627913200174657   8.351720471953309e-7
339.5   0.0008306640789988704   9.095049874362829e-7
339.75   0.0009109516514885121   9.972644441143873e-7
340.   0.0010067499172358068   1.1017125604285025e-6
340.25   0.0011220233981205573   1.22640775644189e-6
340.5   0.0012617837888160568   1.3772822431297576e-6
340.75   0.0014321685386313875   1.5610294489264229e-6
341.   0.0016401912890869155   1.7853385583966911e-6
341.25   0.0018926434447024887   2.058392663377807e-6
341.5   0.002193241261615236   2.383806655921919e-6
341.75   0.00253666385066699   2.755927706476832e-6
342.   0.002899424212026442   3.1494536405841584e-6
342.25   0.0032327161117359816   3.5120038021873116e-6
342.5   0.0034707686051382533   3.7719351868848773e-6
342.75   0.003565275223049623   3.876637604754654e-6
343.   0.0035223362100386046   3.832427853842562e-6
343.25   0.003399070211269467   3.7017228714086203e-6
343.5   0.0032625227622859582   3.556266606289819e-6
343.75   0.0031540998966532413   3.440826933357075e-6
344.   0.0030831734544001558   3.365381541154974e-6
344.25   0.0030398798096570945   3.316974517055047e-6
344.5   0.0030109092491128   3.2835128877469427e-6
344.75   0.0029878929183615468   3.256276826400164e-6
345.   0.0029676593666109834   3.2322150433542747e-6
345.25   0.0029498509997195935   3.2128462578832368e-6
345.5   0.0029346957755925188   3.196709215535093e-6
345.75   0.0029223842269949776   3.1838193006640023e-6
346.   0.0029127729657651984   3.1738300947208476e-6
346.25   0.002905400352530396   3.1651958340689456e-6
346.5   0.0028999477665562975   3.15856946248146e-6
346.75   0.002896024492581604   3.1536739966569123e-6
347.   0.002893298722138003   3.1502981337928826e-6
347.25   0.0028915603859644137   3.1489965608736946e-6
347.5   0.0028905265703643612   3.148734525646468e-6
347.75   0.0028900185503072913   3.1492180425090743e-6
348.   0.002889896227703781   3.1501939896565285e-6
348.25   0.0028900153862671768   3.1511214590574795e-6
348.5   0.002890335733252698   3.1522463457573605e-6
348.75   0.0028908008283927682   3.153516937590233e-6
349.   0.0028913676615635866   3.154896241353207e-6
349.25   0.0028919879440406464   3.1567079996420612e-6
349.5   0.0028926587794711493   3.158448263498493e-6
349.75   0.0028933680925469695   3.1599649779142807e-6
350.   0.0028941087964153163   3.1611095745425503e-6
350.25   0.002894964299464891   3.1609182531405305e-6
350.5   0.002895813994012169   3.1603865013677985e-6
350.75   0.0028966252893161187   3.159703311612743e-6
351.   0.0028973672096798517   3.1590625961819065e-6
351.25   0.0028979441424314004   3.159429921594075e-6
351.5   0.0028984191968774646   3.159937954689141e-6
351.75   0.0028987911293568806   3.1604810375817848e-6
352.   0.0028990595932195714   3.160953046759152e-6
352.25   0.0028992185559026666   3.1609799118222983e-6
352.5   0.0028992780155357085   3.160827043199316e-6
352.75   0.0028992421391091728   3.1604948489235327e-6
353.   0.0028991155711159565   3.159984222112817e-6
353.25   0.002898919170576452   3.159089577721685e-6
353.5   0.002898636298136813   3.1581011802414564e-6
353.75   0.0028982662467346458   3.157105049217984e-6
354.   0.002897808499026632   3.1561884783398007e-6
354.25   0.0028972554275584015   3.1563898589381278e-6
354.5   0.0028966169440797994   3.156473637062092e-6
354.75   0.0028958958800902337   3.1561449202452034e-6
355.   0.002895095190834112   3.1551054334293654e-6
355.25   0.0028942510842080676   3.1514075145357644e-6
355.5   0.002893320464816817   3.1470430921239672e-6
355.75   0.002892293116456216   3.142372025176094e-6
356.   0.0028911587427827676   3.1377584208364702e-6
356.25   0.002889825339160565   3.134635415015671e-6
356.5   0.002888396337659518   3.131889294234132e-6
356.75   0.002886894273097066   3.129464507566157e-6
357.   0.0028853419354489046   3.1273048030531452e-6
357.25   0.0028838415392472643   3.125238186397898e-6
357.5   0.002882305847744412   3.123367601752719e-6
357.75   0.002880726267904821   3.1216813787146194e-6
358.   0.0028790940992948735   3.12016765857336e-6
358.25   0.0028773792988803937   3.118953089155524e-6
358.5   0.002875602590591411   3.1178318357066703e-6
358.75   0.002873763552579325   3.116735283524184e-6
359.   0.0028718617398950886   3.115594076433011e-6
359.25   0.002869888870454502   3.1142393082696695e-6
359.5   0.002867855356983963   3.1127381304471435e-6
359.75   0.0028657638432044706   3.1110590503462324e-6
360.   0.0028636169764721785   3.1091702610643553e-6
360.25   0.002861409582643639   3.106793429865784e-6
360.5   0.0028591552373863588   3.1042398978638276e-6
360.75   0.002856859760557845   3.1015766083683098e-6
361.   0.0028545290014495572   3.0988711248374724e-6
361.25   0.0028522161124458767   3.0963968350754797e-6
361.5   0.0028498609876805294   3.093935961954511e-6
361.75   0.002847450430406495   3.091474829127846e-6
362.   0.002844971099823924   3.088999600636122e-6
362.25   0.002842353533280149   3.086573934236216e-6
362.5   0.002839662281513203   3.0840752455650135e-6
362.75   0.00283690622523728   3.081457827617994e-6
363.   0.002834094303188492   3.0786755542246813e-6
363.25   0.002831252435762024   3.075262021424836e-6
363.5   0.002828366037371288   3.071756660020146e-6
363.75   0.0028254373712461728   3.068281876398262e-6
364.   0.0028224686976137513   3.0649610872112473e-6
364.25   0.0028194704831722706   3.0625729475384334e-6
364.5   0.0028164335156669732   3.0603290633485166e-6
364.75   0.002813356728022517   3.0580913708489183e-6
365.   0.0028102390234333425   3.055720639495996e-6
365.25   0.002807075252135964   3.052829053046123e-6
365.5   0.0028038698793308803   3.0496207263498627e-6
365.75   0.0028006233470579656   3.0460530070879595e-6
366.   0.002797336081821936   3.0420829214969575e-6
366.25   0.002794006100599155   3.0371058115631025e-6
366.5   0.002790637143944163   3.0318622573992044e-6
366.75   0.0027872305599817506   3.026535074272337e-6
367.   0.0027837876893780722   3.0213084706218927e-6
367.25   0.0027803077508634683   3.016920004889275e-6
367.5   0.00277679502458405   3.0127854856328674e-6
367.75   0.0027732516832088337   3.0088703091396527e-6
368.   0.0027696798985446264   3.005139566610948e-6
368.25   0.002766087377048725   3.0017039625052257e-6
368.5   0.002762468555155094   2.998324135063636e-6
368.75   0.002758823367859749   2.994905392900916e-6
369.   0.0027551517336867537   2.991352344886199e-6
369.25   0.002751455272737604   2.9872518930692937e-6
369.5   0.0027477314712718295   2.982950214910659e-6
369.75   0.002743979506773993   2.9784778058362437e-6
370.   0.002740198536556929   2.973865372794118e-6
370.25   0.002736380131510928   2.969001774260868e-6
370.5   0.0027325339821786558   2.9641166243179426e-6
370.75   0.002728662239662974   2.959298552922645e-6
371.   0.0027247670562564577   2.9546367671571192e-6
371.25   0.0027208619846186785   2.9506895728717556e-6
371.5   0.0027169332506038197   2.9468925985174687e-6
371.75   0.002712978412678285   2.9431477700264974e-6
372.   0.002708995001066096   2.939356347887402e-6
372.25   0.0027049490595073052   2.9351502701056836e-6
372.5   0.0027008820247003107   2.930804941731443e-6
372.75   0.002696804029134742   2.926328013862092e-6
373.   0.0026927252575503556   2.92172718327588e-6
373.25   0.002688713079118539   2.916832741665528e-6
373.5   0.0026846979366653935   2.911900464768642e-6
373.75   0.0026806671360856227   2.9070097156476334e-6
374.   0.0026766078936254303   2.902240332335151e-6
374.25   0.0026724587127002733   2.898114274461448e-6
374.5   0.0026682745910920156   2.89409506047604e-6
374.75   0.0026640620807532826   2.890085914993178e-6
375.   0.0026598277639905766   2.885989467079344e-6
375.25   0.0026555987636938463   2.881152665819389e-6
375.5   0.0026513530548281355   2.8762528029525487e-6
375.75   0.0026470890437194994   2.871414440781889e-6
376.   0.0026428051182987296   2.86676285456583e-6
376.25   0.0026384882858580343   2.8629706842659687e-6
376.5   0.002634152779962404   2.859400521145975e-6
376.75   0.0026298015124564767   2.8559594925058255e-6
377.   0.0026254374032351063   2.8525541781795426e-6
377.25   0.002621077196169521   2.848923078281997e-6
377.5   0.0026167045151563807   2.845205884506837e-6
377.75   0.0026123167388170097   2.841375060983431e-6
378.   0.0026079112233967916   2.8374029180925946e-6
378.25   0.0026034753259181137   2.8333912103182607e-6
378.5   0.0025990203053212917   2.8291307923143014e-6
378.75   0.0025945474704646607   2.8245413366191987e-6
379.   0.0025900581301753446   2.8195420959582164e-6
379.25   0.0025855535932599477   2.8140519088971022e-6
379.5   0.0025810351685148633   2.807989205404984e-6
379.75   0.002576504164736148   2.8012720123283696e-6
380.   0.002571961890729016   2.7938179587781873e-6
