310.   -0.00528278284976878   0.000010576131397221276
310.25   -0.005276263197148455   0.000010571806137774143
310.5   -0.005269950644861443   0.000010557266912619642
310.75   -0.005263832308225567   0.000010534821652809006
311.   -0.0052578951969589815   0.000010506802135967868
311.25   -0.0052521262119930735   0.00001047556472282242
311.5   -0.00524651214217724   0.000010443491120221312
311.75   -0.005241039660870823   0.000010412989171849233
312.   -0.005235695322417248   0.000010386493677891768
312.25   -0.005230407141854252   0.000010376683166329253
312.5   -0.0052252429401241874   0.000010371793438421784
312.75   -0.005220212590267626   0.00001037020105005052
313.   -0.0052153261104605515   0.000010370264223162249
313.25   -0.005210607435814892   0.0000103649194163311
313.5   -0.005206047681289252   0.000010360024608268788
313.75   -0.0052016517421512596   0.000010356072399111543
314.   -0.005197424610694972   0.00001035356147223966
314.25   -0.0051933063349806075   0.000010363555075552961
314.5   -0.005189392851416262   0.000010371835472713318
314.75   -0.005185715881815838   0.000010374632654595156
315.   -0.005182307597400067   0.000010368128699834303
315.25   -0.005179451020439967   0.000010323416806580904
315.5   -0.0051768300223823584   0.000010271503864718432
315.75   -0.0051743764610047   0.00001021859420260357
316.   -0.005172021352247324   0.000010170973041779867
316.25   -0.005169354326618227   0.000010159252327171302
316.5   -0.005166779511074656   0.000010156078249073053
316.75   -0.005164363695365758   0.000010158137116114881
317.   -0.0051621746313885225   0.000010162070917040544
317.25   -0.005160532218991444   0.000010154936609632242
317.5   -0.005159156044586234   0.000010146583719108382
317.75   -0.005158014752123079   0.000010137393556636356
318.   -0.005157076610225993   0.000010127752787756796
318.25   -0.005156190210379108   0.00001011600068996364
318.5   -0.005155489330866607   0.000010105397272891491
318.75   -0.005154989615539597   0.000010097182627885696
319.   -0.005154707015113038   0.000010092615783152936
319.25   -0.005154639487077641   0.000010100855208745375
319.5   -0.00515482915814875   0.00001011221690717712
319.75   -0.005155300440894605   0.000010124809254259233
320.   -0.005156078227121307   0.000010136711463170161
320.25   -0.0051573590680200785   0.000010138225444598142
320.5   -0.0051589303556758654   0.000010138164297730504
320.75   -0.005160748711663925   0.000010137673253463426
321.   -0.005162770154039506   0.000010137916292871811
321.25   -0.005164737358405492   0.000010143159279833334
321.5   -0.00516690142206953   0.00001015031164602436
321.75   -0.005169303273642906   0.0000101593396401755
322.   -0.005171984663095718   0.000010170209464494866
322.25   -0.00517500706221398   0.000010183802625667374
322.5   -0.005178387699221768   0.000010198810275748939
322.75   -0.005182163302314789   0.0000102148242898553
323.   -0.005186371436140286   0.000010231429581459093
323.25   -0.005191280594681989   0.000010250020648158906
323.5   -0.005196609786381773   0.000010267637604576232
323.75   -0.005202305174019562   0.000010283099007091066
324.   -0.0052083120896343595   0.000010295200619991564
324.25   -0.005214342507079939   0.000010294286721254481
324.5   -0.0052206636328210355   0.000010290836197493133
324.75   -0.0052273133519545704   0.000010287023318831382
325.   -0.005234330526623729   0.000010285066171756102
325.25   -0.005241831666746175   0.000010294217409279875
325.5   -0.005249751115416407   0.000010307063703180848
325.75   -0.005258099540195061   0.000010323100167464605
326.   -0.005266888120295222   0.000010341812407006691
326.25   -0.005276126326284286   0.000010361830782807667
326.5   -0.005285829583394979   0.000010383796315646499
326.75   -0.005296011719589535   0.000010407510513788086
327.   -0.0053066872298406205   0.000010432771371777948
327.25   -0.005317860337344695   0.000010458531123784583
327.5   -0.005329562265575799   0.000010485751160905692
327.75   -0.005341814289288525   0.000010514564468946382
328.   -0.005354638646025374   0.000010545108314055346
328.25   -0.005368200344197473   0.00001057914487678679
328.5   -0.005382326718270346   0.000010614568549964653
328.75   -0.005396984831456057   0.000010650862854082075
329.   -0.005412141446679564   0.000010687499122287495
329.25   -0.005427421236600693   0.000010720775927131099
329.5   -0.005443265160689399   0.000010754527899994449
329.75   -0.005459780272491589   0.000010789491145801376
330.   -0.005477077290196411   0.000010826423362920751
330.25   -0.005495549781038807   0.000010869582293556848
330.5   -0.005514929255759228   0.000010914945362471193
330.75   -0.005535223451251275   0.000010961903683492589
331.   -0.00555644136923491   0.000011009832419241282
331.25   -0.005578557696747587   0.000011055039248977808
331.5   -0.005601633817325468   0.00001110109701424509
331.75   -0.005625698039108955   0.000011148593344962289
332.   -0.0056507809251737685   0.000011198136971406573
332.25   -0.0056769231783700275   0.00001125179137391899
332.5   -0.005704149816952224   0.000011308226770091077
332.75   -0.005732496223735909   0.000011367528762862662
333.   -0.005762000838729027   0.000011429789996057417
333.25   -0.005792634348372047   0.000011496417319325016
333.5   -0.005824540691774238   0.000011565709585507062
333.75   -0.005857799055185712   0.000011637238694253338
334.   -0.005892494209818129   0.000011710565302697724
334.25   -0.00592866815242927   0.000011783748931697067
334.5   -0.005966486211531458   0.000011858386063844254
334.75   -0.006006073997447241   0.000011934623577791662
335.   -0.006047566222411264   0.000012012620467020688
335.25   -0.0060912929641939294   0.000012088718927560557
335.5   -0.0061371540431817235   0.000012168400348639244
335.75   -0.006185239647855961   0.000012253484076391935
336.   -0.006235650026759977   0.000012345885681509696
336.25   -0.006288374623469157   0.000012452004888999528
336.5   -0.006343706214894831   0.000012567939903871017
336.75   -0.006401835227441463   0.000012694104773105067
337.   -0.006462971157838797   0.000012830959562169156
337.25   -0.006527282424764492   0.000012991781738711009
337.5   -0.006595111037522977   0.000013159559047104324
337.75   -0.006666767464484312   0.00001332947708088694
338.   -0.006742595919669921   0.000013496463059111796
338.25   -0.006823079296423589   0.000013625211300442803
338.5   -0.006908508017837624   0.000013751178498848756
338.75   -0.006999318572155907   0.000013881213026041275
339.   -0.007096004743288732   0.000014022664235024006
339.25   -0.007199282995767899   0.000014202853196890746
339.5   -0.007309580241784038   0.000014403805824128497
339.75   -0.007427562265784811   0.000014626432799500178
340.   -0.007554000668491792   0.000014871838246971747
340.25   -0.007689425508250398   0.000015146315373207423
340.5   -0.007835391356692673   0.000015444726568728965
340.75   -0.007993300041438998   0.00001576684255519651
341.   -0.008164798838624757   0.00001611263094031572
341.25   -0.008352080408421883   0.00001646452960024082
341.5   -0.008557140884366267   0.000016847159898686393
341.75   -0.00878266545343798   0.000017269509467840135
342.   -0.009031917106486402   0.000017742146321237198
342.25   -0.009308907256035963   0.000018296098938559852
342.5   -0.009618547335408253   0.000018921745957782466
342.75   -0.009966957485033555   0.00001962886742448143
343.   -0.010361780025027582   0.000020429925025939738
343.25   -0.010812369185483122   0.000021331209155802415
343.5   -0.011330893455414506   0.00002236509342048455
343.75   -0.01193203924356434   0.00002356056475915555
344.   -0.0126331939161608   0.00002495191820356853
344.25   -0.01345367779460774   0.000026580179428453255
344.5   -0.01441175172091104   0.00002847748675146737
344.75   -0.015520231905350658   0.00003066734770693509
345.   -0.016780387014727813   0.00003314982152936853
345.25   -0.018178543631260976   0.00003588077761150041
345.5   -0.019686056018115516   0.000038817205157202246
345.75   -0.021267565241944876   0.000041892482387184395
346.   -0.022888250091228895   0.000045042795138053416
346.25   -0.024517007349733836   0.00004823489261128485
346.5   -0.02613399392544669   0.00005141059381770037
346.75   -0.027724648699295272   0.00005453977820862151
347.   -0.029279873114691275   0.00005760229003021084
347.25   -0.030797050627477677   0.00006058335872499636
347.5   -0.03227070850530558   0.00006347711262454474
347.75   -0.03369930542839209   0.00006627934737610982
348.   -0.035082411852483425   0.00006898787705335087
348.25   -0.03641943004507414   0.00007159638863775666
348.5   -0.037712146205524   0.00007411161130338197
348.75   -0.03896181954296082   0.0000765359763530903
349.   -0.04016983580398783   0.0000788722400176127
349.25   -0.04133657880072112   0.00008110720328671169
349.5   -0.04246487594366338   0.00008326557697954953
349.75   -0.04355658224687269   0.00008535774755744115
350.   -0.04461353460273319   0.00008739476843166972
350.25   -0.04563806021373304   0.00008942140532345878
350.5   -0.04663121331228228   0.00009140486120936723
350.75   -0.04759447844302943   0.00009334291317372891
351.   -0.048529275138895045   0.0000952325724205166
351.25   -0.049437633695511025   0.00009705975444748797
351.5   -0.0503199280253689   0.00009883419524634447
351.75   -0.05117709599087654   0.00010055540500207229
352.   -0.052009999110012466   0.00010222259113127289
352.25   -0.05281999542097506   0.00010384690140003603
352.5   -0.05360702760467868   0.00010541022241590063
352.75   -0.054371505319250155   0.00010690559294910578
353.   -0.05511376275205021   0.00010832546465586899
353.25   -0.05583149778799392   0.00010958403139489242
353.5   -0.056528431341075304   0.00011077941516401014
353.75   -0.05720580544040918   0.00011193605797321779
354.   -0.05786486481926908   0.00011307980185620552
354.25   -0.05850877412164867   0.00011433980510693737
354.5   -0.059136147505169205   0.0001156041452832159
354.75   -0.05974742170097798   0.00011685885521811914
355.   -0.0603429979855888   0.00011808897342657223
355.25   -0.060922952060391326   0.00011922938173810123
355.5   -0.06148802340369142   0.00012033110522596332
355.75   -0.06203864313682308   0.00012139735733325545
356.   -0.06257522002203737   0.00012243145030870945
356.25   -0.06309832680571024   0.0001234551515394555
356.5   -0.06360807587866533   0.00012444660354708623
356.75   -0.06410473825125855   0.0001254016307527168
357.   -0.06458856408511726   0.0001263158228849576
357.25   -0.06505892665698569   0.00012713227389485823
357.5   -0.06551722308482762   0.00012791841987190686
357.75   -0.06596400829005758   0.0001286912120809608
358.   -0.06639983415488208   0.0001294682436760061
358.25   -0.06682697104166811   0.0001303608690009568
358.5   -0.06724358319032926   0.00013125896789630202
358.75   -0.06764949375681607   0.00013214288492683038
359.   -0.06804449869886672   0.00013299215245099211
359.25   -0.06842581558669589   0.0001337192946661815
359.5   -0.06879672535721502   0.00013439404198384303
359.75   -0.0691580149012096   0.00013502129952082308
360.   -0.06951048273498536   0.00013560615655569379
360.25   -0.06985728323548239   0.00013612274197909833
360.5   -0.07019598694348274   0.00013661968287135084
360.75   -0.07052644973908068   0.0001371155716365913
361.   -0.07084850865428567   0.00013762956754931267
361.25   -0.07116081505975286   0.00013827342876664362
361.5   -0.07146479002302324   0.00013893968453801075
361.75   -0.0717607026868488   0.00013961086656129467
362.   -0.07204881956312068   0.0001402689220644373
362.25   -0.0723297867642443   0.0001408373127869442
362.5   -0.0726033356024973   0.00014137726838681734
362.75   -0.07286956733081477   0.0001418930718005438
363.   -0.07312857693188225   0.00014238912237809158
363.25   -0.07338060503346985   0.0001428522406983535
363.5   -0.0736255240417134   0.0001433116295079422
363.75   -0.07386334871468214   0.00014377934180602898
364.   -0.07409408679354891   0.0001442677240723606
364.25   -0.0743163414008153   0.00014486343448563536
364.5   -0.0745320495607196   0.00014547651110133198
364.75   -0.07474177633115744   0.00014608958477616663
365.   -0.07494609444341838   0.00014668482247247536
365.25   -0.07514746192757893   0.00014719413942143863
365.5   -0.07534385586433157   0.00014766803947798124
365.75   -0.0755350975647657   0.00014810787705165642
366.   -0.07572099802418947   0.0001485150460591278
366.25   -0.07590035447043658   0.00014887819374895394
366.5   -0.07607435403640703   0.00014921657376124856
366.75   -0.07624319123362275   0.00014953695496852567
367.   -0.0764070601190957   0.00014984625642336323
367.25   -0.07656762866039246   0.00015017588882513467
367.5   -0.07672303885678149   0.000150499191943766
367.75   -0.07687287790948961   0.00015081351637257019
368.   -0.07701672031096309   0.00015111614696600287
368.25   -0.07715083341964478   0.0001513823856585733
368.5   -0.07727935256487906   0.0001516398951862698
368.75   -0.07740316759201232   0.0001518947645856562
369.   -0.07752318305631202   0.00015215319772774344
369.25   -0.07764389797483452   0.000152454792736121
369.5   -0.07776126166000055   0.00015275964382989332
369.75   -0.0778747541690456   0.00015306064756634102
370.   -0.07798384200429126   0.00015335055343486577
370.25   -0.07808492194292342   0.00015362948436449484
370.5   -0.07818169031437135   0.00015387943459607372
370.75   -0.07827482572459857   0.00015408965013383375
371.   -0.07836501649490006   0.00015424918514803
371.25   -0.07845627824573105   0.00015426677059853503
371.5   -0.07854469714265913   0.00015424270333176988
371.75   -0.07862963295347372   0.00015419825334394077
372.   -0.07871043146953692   0.00015415506982417615
372.25   -0.07878334951799103   0.00015418701404359638
372.5   -0.07885199000110196   0.00015424425405709654
372.75   -0.0789169146964604   0.00015432835948163895
373.   -0.07897869287038731   0.0001544409091069569
373.25   -0.0790401081679301   0.00015462586770750608
373.5   -0.07909866914765942   0.00015482578169219286
373.75   -0.07915406596776249   0.0001550249579235778
374.   -0.07920598173638367   0.00015520744100939478
374.25   -0.07925185607178058   0.00015544266586929082
374.5   -0.07929447549384962   0.00015559479483273964
374.75   -0.07933441492835626   0.0001556121761330072
375.   -0.07937225645110699   0.00015544238603523936
375.25   -0.07941212194102293   0.00015459252905387506
375.5   -0.07944968291261599   0.00015362161838281856
375.75   -0.07948410245272909   0.00015265419706755187
376.   -0.07951452956189534   0.00015181667632899816
376.25   -0.0795362630072976   0.00015175337562286156
376.5   -0.07955377294835474   0.00015187485446568677
376.75   -0.07956772989440249   0.00015210277881527758
377.   -0.07957881289561615   0.00015235764434396904
377.25   -0.07958909546282945   0.00015232605303933762
377.5   -0.07959734064674487   0.00015225075022963096
377.75   -0.07960368828151766   0.00015214355031331088
378.   -0.07960827869796243   0.00015201643703976157
378.25   -0.07961225263875062   0.00015187045559227533
378.5   -0.07961435691727925   0.0001517334090028775
378.75   -0.07961432663044642   0.00015162229163279088
379.   -0.07961189209675659   0.00015155431616426936
379.25   -0.07960677892937858   0.00015154691050447275
379.5   -0.07959870810757552   0.00015161771475247617
379.75   -0.0795873960465536   0.00015178457822754033
380.   -0.07957255466578284   0.00015206555655685944
