310.   0.004119548175306206   0.000031327829710577675
310.25   0.004118463329456377   0.0000313066883703809
310.5   0.004117291466509842   0.000031289449030847246
310.75   0.004116072742760441   0.00003127540134762526
311.   0.004114847750067292   0.00003126382780487964
311.25   0.004113657529378723   0.000031254003494379566
311.5   0.004112543584747903   0.00003124519588668257
311.75   0.004111547897862498   0.000031236664594058426
312.   0.004110712943111891   0.000031227661124778395
312.25   0.004110278069205717   0.000031215072916232383
312.5   0.004110012770530442   0.00003120142170113022
312.75   0.0041098814350099735   0.000031186888762095694
313.   0.004109848069760671   0.00003117165747313698
313.25   0.004109745709742694   0.00003115394070246884
313.5   0.004109719752008139   0.00003113667854657016
313.75   0.004109785988737662   0.000031120861786285434
314.   0.004109960430526199   0.00003110749341630546
314.25   0.004110229265293543   0.00003110322220161855
314.5   0.004110650881726765   0.000031101218338977465
314.75   0.00411125419528466   0.000031100236091485585
315.   0.0041120685274075   0.000031099014393485754
315.25   0.004113111753031226   0.000031088145345099086
315.5   0.004114430599901188   0.00003107767697445963
315.75   0.004116060516400736   0.00003106960347106102
316.   0.0041180374809071454   0.00003106594556182546
316.25   0.004120815439866528   0.0000310829728853802
316.5   0.0041238493536415914   0.00003110292876757714
316.75   0.004127007152232558   0.00003112213576426381
317.   0.004130155012308477   0.00003113686640622222
317.25   0.004132515326276147   0.00003112407426442934
317.5   0.004134845712181852   0.00003110679180101395
317.75   0.004137267960421052   0.00003108897149823315
318.   0.004139905641303587   0.00003107462221812995
318.25   0.004143460973399369   0.000031082747206905424
318.5   0.004147257163508634   0.00003109665215146817
318.75   0.0041511886107652805   0.000031114444854597495
319.   0.0041551482028460845   0.00003113420586901627
319.25   0.004158488670245051   0.00003114564457346209
319.5   0.0041618504066257   0.00003115841246411198
319.75   0.004165340950357907   0.000031173902647793493
320.   0.00416906958330831   0.00003119353075317892
320.25   0.004173469901637618   0.00003122568754953761
320.5   0.004178205469099146   0.000031262148952924566
320.75   0.004183259654938298   0.00003130156752609722
321.   0.004188615671186626   0.000031342574771262546
321.25   0.004194289262019702   0.00003138415816934059
321.5   0.004200217757330132   0.00003142437799672474
321.75   0.004206370511829491   0.00003146164293269812
322.   0.004212716464936608   0.00003149433418354268
322.25   0.004219054307168963   0.00003150611512391448
322.5   0.004225588630167694   0.000031515768593274995
322.75   0.004232356447110801   0.00003152759114541387
323.   0.004239395569229735   0.00003154595792212511
323.25   0.004246939870527237   0.00003159154818444165
323.5   0.00425475701816693   0.000031646315880590004
323.75   0.004262807546961368   0.00003170825449553632
324.   0.004271051391813216   0.00003177532176225612
324.25   0.004279249297896041   0.000031841297671313524
324.5   0.004287636338129904   0.00003190982716863721
324.75   0.0042962518543675785   0.00003198044718978506
325.   0.0043051361544438685   0.0000320526867869175
325.25   0.004314285090151411   0.00003212293671133165
325.5   0.0043238043304167735   0.000032195064998497415
325.75   0.004333756046896012   0.000032269859161543266
326.   0.0043442040011489194   0.00003234812530004289
326.25   0.004355437953342372   0.00003243379594134162
326.5   0.00436721304058188   0.00003252339528823068
326.75   0.004379506136794677   0.00003261651450512491
327.   0.0043922939406551955   0.00003271273801142588
327.25   0.004405521704529129   0.00003281245838424028
327.5   0.004419209243258456   0.000032914111962816646
327.75   0.0044333455759367965   0.000033016925376186475
328.   0.0044479198482120326   0.00003312010882518485
328.25   0.004462809818375833   0.00003321641398508593
328.5   0.004478159945209607   0.00003331396842047132
328.75   0.0044940058350316685   0.0000334145837750814
329.   0.004510384498245738   0.00003352012142488367
329.25   0.00452743852878075   0.00003363840149450876
329.5   0.004545063428501547   0.00003376318920423331
329.75   0.004563257994820695   0.000033894073593750205
330.   0.004582021632405673   0.000034030637963684414
330.25   0.004601075753723557   0.000034179489765545325
330.5   0.004620808030067179   0.00003433043908466863
330.75   0.004641335430286666   0.00003448013870294926
331.   0.004662779281195679   0.00003462514598535181
331.25   0.00468578213478807   0.00003473393919051261
331.5   0.0047097582523657365   0.00003484168544188349
331.75   0.004734629510488691   0.000034956234237961156
332.   0.004760316516123989   0.00003508569340185319
332.25   0.004786350773742719   0.000035270439948212646
332.5   0.004813187814802989   0.00003547479884052707
332.75   0.0048409055758308756   0.000035694446843042745
333.   0.0048695862379211224   0.00003592492854109343
333.25   0.00489923869443779   0.00003614334779014535
333.5   0.004930062688326866   0.00003637030375973681
333.75   0.004962188091340892   0.00003660853033470426
334.   0.004995752047938004   0.000036860883297525545
334.25   0.005031328568899011   0.000037145570587974036
334.5   0.005068477904817459   0.00003744466346491541
334.75   0.0051071834257943   0.00003775506563191005
335.   0.005147431259131004   0.000038073578089420354
335.25   0.005188778010251629   0.000038381058123880604
335.5   0.005231814468192173   0.00003869595787853666
335.75   0.005276719924949997   0.0000390213920450372
336.   0.005323687032218916   0.00003936065285621383
336.25   0.005373206265780134   0.00003973395897213612
336.5   0.005425111384878866   0.000040121930020757865
336.75   0.005479525289744883   0.000040521421278161275
337.   0.0055365854382508255   0.00004092917752624924
337.25   0.005596278161789218   0.000041310166192165995
337.5   0.005659007273154716   0.00004170448587548363
337.75   0.00572503883270772   0.000042122008404873
338.   0.00579466808536894   0.00004257327887880667
338.25   0.005868210306276842   0.00004311393768817163
338.5   0.005946051538612029   0.00004369524368110626
338.75   0.0060286099531156705   0.00004431125851009845
339.   0.00611635639370025   0.000044955822525480085
339.25   0.0062099918823385605   0.0000455749633188612
339.5   0.00630989062352134   0.000046227163572195634
339.75   0.0064166700107582296   0.0000469261931575064
340.   0.006531043401781864   0.00004768724302599579
340.25   0.006653689673608963   0.00004856542807486033
340.5   0.00678578024940597   0.000049527485720943184
340.75   0.00692851776191115   0.00005057777862347767
341.   0.007083318548532064   0.00005172184437408563
341.25   0.007251895665620571   0.00005295884193596382
341.5   0.007436210990876377   0.00005430821298531123
341.75   0.00763866599531119   0.00005578462444115452
342.   0.007862176586928669   0.00005740611703488035
342.25   0.008110422055531778   0.00005917605549294419
342.5   0.008387656437806075   0.00006114764613320898
342.75   0.008699295521325945   0.00006336450886794847
343.   0.009052104437013708   0.00006588070287499852
343.25   0.009454336304102353   0.00006877577629297305
343.5   0.009916814747799577   0.0000721170959996274
343.75   0.010452579867451399   0.00007600117734916497
344.   0.01107709063144695   0.00008054266304616894
344.25   0.011807747782778181   0.00008589821183121371
344.5   0.012660667828927838   0.0000921542843308724
344.75   0.013647383911569652   0.00009938552703989901
345.   0.014769280208153868   0.00010758909855909555
345.25   0.016014249014742122   0.00011658209034734055
345.5   0.01735755955424391   0.00012625736245324323
345.75   0.018768212567869483   0.00013640233213242967
346.   0.020215574564444026   0.00014681359851587912
346.25   0.02167252018775522   0.00015740908637159858
346.5   0.023121061614957188   0.0001679767613807827
346.75   0.02454807469266825   0.00017841278166582451
347.   0.025945204605602564   0.00018864424993387773
347.25   0.027308067269363988   0.0001985821117852603
347.5   0.028633705690117594   0.00020824020317750065
347.75   0.029921220381570374   0.00021761043783448774
348.   0.031170808744479767   0.0002266928345610329
348.25   0.03238490406860258   0.00023549739534091193
348.5   0.033562831590665074   0.00024402661504625473
348.75   0.03470550041042914   0.0002522891301467938
349.   0.035813892935878645   0.00026029458916777744
349.25   0.03688862739014899   0.0002680488521141079
349.5   0.03793113724081733   0.0002755678716009921
349.75   0.03894245913220406   0.0002828637035913567
350.   0.039923557651007   0.0002899483322972659
350.25   0.04087292474094015   0.0002968503775810225
350.5   0.04179460728215022   0.0003035586015122383
350.75   0.04269039429871481   0.0003100767721913727
351.   0.043562079031999344   0.00031640776609384737
351.25   0.04441423249647714   0.00032254125714183704
351.5   0.045244861658435456   0.0003284952921897147
351.75   0.04605453537995929   0.0003342757465992853
352.   0.04684373594541016   0.0003398881427324958
352.25   0.0476125441737936   0.0003453136527433302
352.5   0.048361720894773905   0.00035059007324866876
352.75   0.04909165559522556   0.00035573249440256445
353.   0.04980267757601557   0.0003607564020240243
353.25   0.05049359222807955   0.00036574657263655896
353.5   0.05116663500869861   0.00037062457519045056
353.75   0.051822609384856125   0.0003753772370679968
354.   0.05246230711098056   0.0003799900737946051
354.25   0.05308680547312196   0.0003843482181404762
354.5   0.053696469293168105   0.0003885712332853302
354.75   0.0542919360325074   0.00039268352401271295
355.   0.05487382983275611   0.0003967105362711523
355.25   0.05544246586485097   0.000400756523206395
355.5   0.055998854576904816   0.00040474160401334224
355.75   0.05654371329167944   0.00040866104484309137
356.   0.057077756012463905   0.0004125095206586932
356.25   0.057605912097442216   0.0004162985584640963
356.5   0.058123063830888236   0.0004199976536861416
356.75   0.05862813322967437   0.00042359246566596096
357.   0.059119966452368375   0.00042706783753248325
357.25   0.05958867869571371   0.0004303046039763103
357.5   0.06004494668713311   0.0004334288169937978
357.75   0.06049105176017417   0.000436466512544586
358.   0.060929349550776085   0.00043944468397430915
358.25   0.061369858256045615   0.0004424821691216505
358.5   0.06180456852197388   0.0004454819366953378
358.75   0.06223286417855292   0.00044843556726809416
359.   0.06265408338605287   0.00045133414958665926
359.25   0.06306631220421637   0.0004541230515698696
359.5   0.06347047549328448   0.0004568551158010852
359.75   0.06386628776597966   0.00045953895489624774
360.   0.06425343991870637   0.0004621833692378041
360.25   0.06462955498109287   0.0004648368749694726
360.5   0.06499711472431303   0.00046745381887247303
360.75   0.06535659580012851   0.0004700270712179488
361.   0.06570848029302093   0.0004725491699521527
361.25   0.06605439441924439   0.00047497432152446945
361.5   0.0663932510136867   0.0004773471670002713
361.75   0.06672507520798336   0.00047967509458643514
362.   0.06704988389632296   0.0004819656486021007
362.25   0.06736767568627706   0.0004842612487886256
362.5   0.06767846620472413   0.00048652153395392764
362.75   0.06798225359658301   0.0004887401058670982
363.   0.06827902895627624   0.0004909103224108674
363.25   0.06856489834745143   0.0004930048458393493
363.5   0.0688452268424187   0.0004950449825998369
363.75   0.06912158996468692   0.000497031856120296
364.   0.0693955978851508   0.0004989665837968383
364.25   0.06967936427773694   0.0005008290237879932
364.5   0.06996001628089882   0.0005026498210963185
364.75   0.07023494177305903   0.0005044388527205972
365.   0.07050145685657383   0.0005062062024948737
365.25   0.07074475141043546   0.0005080179167526976
365.5   0.07097876455292758   0.0005098069560398309
365.75   0.07120557449672729   0.0005115610222445171
366.   0.07142730645817078   0.0005132674866460775
366.25   0.07165385887472142   0.000514890915765038
366.5   0.07187670088345674   0.0005164493080983097
366.75   0.07209491399459403   0.0005179383333577155
367.   0.07230755470392973   0.0005193535562043795
367.25   0.07250687347707004   0.0005206288341377115
367.5   0.07270131374177415   0.0005218452410210651
367.75   0.0728926463133518   0.0005230233508544932
368.   0.0730826760920527   0.0005241841600743544
368.25   0.07328535658087841   0.0005254995387271794
368.5   0.07348569753836323   0.0005267819006346856
368.75   0.07368063132840035   0.000527991726269888
369.   0.07386702497801038   0.0005290886832598367
369.25   0.07402638430750304   0.0005297701457889752
369.5   0.07417674531370473   0.000530358245106708
369.75   0.07432105536472373   0.0005309174676896332
370.   0.07446231790566202   0.0005315135408440119
370.25   0.0746131380847926   0.0005324572011741243
370.5   0.07476333471814943   0.0005334771086079104
370.75   0.07491216559163398   0.000534542782598637
371.   0.07505887126702497   0.000535623123406035
371.25   0.07520019863932773   0.0005366200873209737
371.5   0.0753388045257588   0.0005375937644103969
371.75   0.0754748925456725   0.000538538389298474
372.   0.07560866754732018   0.0005394480809257463
372.25   0.07574091919866316   0.00054028417907012
372.5   0.07587104173314135   0.0005410860859122159
372.75   0.07599900520076043   0.0005418609314531949
373.   0.07612477695809741   0.000542615955666834
373.25   0.07624970531059844   0.000543378077994863
373.5   0.07637182442124182   0.0005441274816359382
373.75   0.07649052909004525   0.0005448637371591157
374.   0.07660520278470684   0.0005455863933392193
374.25   0.07671385447204732   0.0005463022053374046
374.5   0.07681774565681607   0.00054700060607155
374.75   0.07691678300491737   0.000547678133325381
375.   0.07701087094439965   0.0005483312603107435
375.25   0.07709712967677805   0.0005489424593845083
375.5   0.07717933734681434   0.0005495275060017608
375.75   0.07725852577825856   0.0005500883662968492
376.   0.07733574112848302   0.0005506270281253173
376.25   0.07741525182150255   0.0005511578111950457
376.5   0.07749365925211434   0.00055166558274363
376.75   0.07757074473046187   0.0005521473803610468
377.   0.0776462848758948   0.000552600192382257
377.25   0.07771396121501573   0.0005529742017633348
377.5   0.07778203389173748   0.0005533314993354458
377.75   0.07785274475186797   0.0005536879604685031
378.   0.07792836453378721   0.0005540596698216554
378.25   0.07802989690998802   0.0005545887999114434
378.5   0.07813358351568181   0.0005551162877423108
378.75   0.07823417130542523   0.000555607625896296
379.   0.07832633596720863   0.0005560278413197265
379.25   0.07840468294343467   0.0005563415019929335
379.5   0.07846374843080006   0.0005565127234621912
379.75   0.0784980003597047   0.0005565051752379564
380.   0.07850183935379725   0.000556282087063385
