310   0.0000315293923047073   2.430591221370017e-8
311   0.00003116378747501831   2.4032070896123498e-8
312   0.000030803945114951303   2.373529819114753e-8
313   0.00003044920398672576   2.3485284737918275e-8
314   0.00003010067282593853   2.329724183139124e-8
315   0.000029756106977436056   2.307212106281423e-8
316   0.00002941531519105494   2.2796047204811696e-8
317   0.000029080411908355877   2.2497106833030116e-8
318   0.000028749225911132512   2.2218490686868045e-8
319   0.00002842290432580622   2.2090793055861366e-8
320   0.000028102209229850157   2.1730205602050772e-8
321   0.00002778712295553338   2.1753706227039866e-8
322   0.0000274754943597996   2.1584536729604494e-8
323   0.000027167099550932716   2.1263263584133813e-8
324   0.000026859931475017847   2.099169598431677e-8
325   0.000026560995030832316   2.0809375801474157e-8
326   0.000026266201497935154   2.0650389447319262e-8
327   0.00002597569668185967   2.0494275117634016e-8
328   0.000025690001296221807   2.0391559188565975e-8
329   0.000025406671039539433   2.0150711055267073e-8
330   0.000025127589037106318   1.9968814246858986e-8
331   0.000024850990831540226   1.951201931769718e-8
332   0.000024579168142760813   1.9262923118265788e-8
333   0.0000243115058294843   1.9053888599247107e-8
334   0.000024047479524047025   1.8865852899757927e-8
335   0.000023785858997770477   1.8648679538514743e-8
336   0.000023529628400306967   1.8433585847047315e-8
337   0.000023275271368538558   1.8241917640744974e-8
338   0.000023023266687189882   1.8139540697610517e-8
339   0.00002277775537554084   1.7945427946221074e-8
340   0.000022534536426308766   1.766345871277461e-8
341   0.00002229472472544008   1.7506267726084537e-8
342   0.000022057531925315998   1.7395340336816044e-8
343   0.000021823877803041034   1.7267798563859263e-8
344   0.00002159308663276657   1.7127376868116056e-8
345   0.000021365246478822974   1.697743019504491e-8
346   0.00002114332998823829   1.689190744600394e-8
347   0.000020921588132465545   1.6763332335301896e-8
348   0.000020702080492105524   1.6769093817131026e-8
349   0.000020485483726840977   1.6494480753855385e-8
350   0.000020271953085519834   1.6300370279066104e-8
351   0.00002006114602604446   1.6125099224385412e-8
352   0.000019852816336823635   1.5941765813517845e-8
353   0.00001964708764470744   1.5848528435530763e-8
354   0.00001944401747352094   1.567338557386979e-8
355   0.000019243707636947884   1.546615001527916e-8
356   0.000019045923099479174   1.526730899418791e-8
357   0.000018850960743032335   1.5128222183001296e-8
358   0.000018657413989346467   1.4981810618528158e-8
359   0.000018466600828654305   1.483188271907666e-8
360   0.00001827852166220447   1.4699313753110761e-8
361   0.000018092985863755722   1.4592724840390282e-8
362   0.00001790941517776607   1.4517686041070989e-8
363   0.000017728178440187272   1.4384672004041112e-8
364   0.000017548387850527833   1.421818324030234e-8
365   0.00001737301319918996   1.4056707752745684e-8
366   0.00001719809908278782   1.3934425323553054e-8
367   0.000017025872966017176   1.3805188246628718e-8
368   0.000016856078160581153   1.3685410804633341e-8
369   0.00001668815294368913   1.3445490518393506e-8
370   0.000016521328609367385   1.3303763187876297e-8
371   0.00001635790348979362   1.3206171237543254e-8
372   0.00001619628922752367   1.306610380021006e-8
373   0.000016036571167748847   1.2967997039982455e-8
374   0.000015878723159861064   1.286796080144467e-8
375   0.00001572283341537627   1.2808257012747644e-8
376   0.00001556852153114942   1.2706600375297221e-8
377   0.000015415736928275523   1.2565155413348614e-8
378   0.000015265779251489992   1.2472123943658494e-8
379   0.000015117087638126771   1.2257390064584593e-8
380   0.000014972118960166977   1.2317124407354367e-8
