310.   0.02529306750887558   0.000015054656066080254
310.25   0.025286400019369926   0.000015009877698577019
310.5   0.025280327942092545   0.000014982181652591611
310.75   0.025274873089408564   0.000014969009433860364
311.   0.02527005764339746   0.000014967776789951279
311.25   0.025265904167705525   0.000014975872914079732
311.5   0.025262435619859514   0.000014990659620383534
311.75   0.02525967536406318   0.000015009470489371438
312.   0.025257647184499615   0.00001502960998219047
312.25   0.0252564483076721   0.000015042501079095203
312.5   0.02525600152229563   0.000015053552429913578
312.75   0.02525630234002359   0.000015062349272558088
313.   0.025257346401893286   0.000015068471842024117
313.25   0.02525902611822633   0.00001506561590689643
313.5   0.025261481622362476   0.000015061554212897875
313.75   0.025264750930262213   0.000015058237420358114
314.   0.02526887272368691   0.000015057639806506818
314.25   0.02527400944189971   0.000015071156285981808
314.5   0.02528002948290997   0.000015087702641961946
314.75   0.02528692368441729   0.000015105512596291602
315.   0.025294683008756133   0.000015122797996362258
315.25   0.025303227339871597   0.000015132514460836716
315.5   0.025312647229884182   0.000015140127819385936
315.75   0.02532296298854866   0.000015145906662531548
316.   0.025334195460158807   0.000015150122915881304
316.25   0.025346372670675573   0.00001515115271611749
316.5   0.025359507353557898   0.000015151923709169739
316.75   0.02537361938747226   0.000015153490927368585
317.   0.025388729235270708   0.000015156923993443414
317.25   0.025404881392699967   0.000015166922395029476
317.5   0.025422064897525378   0.000015179546253194562
317.75   0.025440292574832275   0.000015194441122031874
318.   0.025459577794615825   0.00001521124799145148
318.25   0.025479895578238092   0.000015227781878654686
318.5   0.02550131470911714   0.000015246213147320968
318.75   0.025523866184050545   0.000015266909821705916
319.   0.025547581884919835   0.000015290245937267002
319.25   0.0255725328114423   0.000015320963900379875
319.5   0.025598699491384675   0.00001535337039077686
319.75   0.025626101124377947   0.000015386080823935287
320.   0.02565475770825509   0.000015417689271149415
320.25   0.02568466745137848   0.000015442982209984128
320.5   0.025715883584995092   0.000015465783565286655
320.75   0.02574843795585817   0.000015486162540366028
321.   0.025782363519926035   0.000015504189203035244
321.25   0.025817706649608464   0.000015518135900249502
321.5   0.025854485600393634   0.000015530580415766253
321.75   0.025892731969747028   0.00001554233016021669
322.   0.025932478599423887   0.000015554206482196017
322.25   0.025973797087657815   0.000015570127807648808
322.5   0.02601667078397846   0.000015586651602311224
322.75   0.02606112132943997   0.00001560338458206662
323.   0.026107171590285232   0.000015619926672332555
323.25   0.02615471260114201   0.00001563301285408729
323.5   0.0262039552436109   0.00001564620810808385
323.75   0.026254980941393953   0.000015660259776578855
324.   0.026307873687569493   0.000015675929945671522
324.25   0.02636287789413079   0.00001569540002795875
324.5   0.026419863539392015   0.0000157175093702314
324.75   0.026478858517477822   0.000015742493297768542
325.   0.02653989253747282   0.000015770593024377783
325.25   0.026603016939351975   0.00001580907471746571
325.5   0.026668237952021903   0.000015848424814275257
325.75   0.02673558329803891   0.000015886024034382777
326.   0.026805082802716793   0.000015919197406187423
326.25   0.026876457622291496   0.000015928197225575956
326.5   0.026950174682645534   0.00001593389735086555
326.75   0.027026398691275186   0.000015940430051699682
327.   0.027105299996185748   0.000015952021636103014
327.25   0.02718739857927332   0.000015987031481530745
327.5   0.027272399199203608   0.000016030374150525416
327.75   0.027360349745541277   0.000016080812756633766
328.   0.027451301731052653   0.00001613708402975389
328.25   0.027545227102062825   0.000016195648169707373
328.5   0.02764230134375998   0.000016258310312299015
328.75   0.02774262280064134   0.000016324646344775114
329.   0.027846295458821863   0.000016394223845793585
329.25   0.027953312440161235   0.000016467633887081165
329.5   0.02806395262662396   0.000016542992015271244
329.75   0.028178387730352254   0.0000166194115163457
330.   0.028296798258876817   0.00001669598331606687
330.25   0.02841950124743936   0.000016766076651709253
330.5   0.028546520294945508   0.000016836644892737227
330.75   0.028678013708682743   0.000016909063306635552
331.   0.02881414990565311   0.000016984750493428917
331.25   0.0289550524903829   0.00001706805695922686
331.5   0.029100989892092213   0.00001715649319574369
331.75   0.02925218911508146   0.000017250428337894145
332.   0.02940889173961681   0.000017350248971490747
332.25   0.029571364019845187   0.000017461093826335482
332.5   0.02973986819855467   0.000017576825895915648
332.75   0.029914693781890322   0.00001769592142661204
333.   0.030096150465941066   0.000017816809987028452
333.25   0.030284593317420824   0.00001793025430827753
333.5   0.03048034579540832   0.00001804513139943971
333.75   0.030683780293867702   0.000018162892434737343
334.   0.030895297730074163   0.0000182850506418889
334.25   0.031115299044426132   0.000018414952407008135
334.5   0.03134429437810203   0.000018551808477662146
334.75   0.031582801765644423   0.00001869661232033006
335.   0.03183138194130973   0.000018850413255693165
335.25   0.0320906536427082   0.00001902596108444597
335.5   0.03236126271470145   0.000019208347299444513
335.75   0.032643923790244084   0.000019393916872731627
336.   0.03293941662221796   0.000019578862001784715
336.25   0.033248575156578725   0.000019738103322542006
336.5   0.033572359689507704   0.00001989660642827606
336.75   0.03391180477463813   0.000020058960558205713
337.   0.034268049453382445   0.00002023001374732916
337.25   0.03464240821332655   0.00002042608375322177
337.5   0.03503619447447301   0.00002063722981204336
337.75   0.035450929450476835   0.000020864499728554004
338.   0.03588830874878355   0.000021109058122114022
338.25   0.036350119257517965   0.00002137460663884505
338.5   0.03683863903022562   0.000021659296965600274
338.75   0.03735631183249571   0.000021963726175737868
339.   0.037905898119539205   0.000022288626121574642
339.25   0.038490640901850455   0.00002263557639301327
339.5   0.039113955430071644   0.000023004714596289038
339.75   0.03977987834217078   0.00002339704703041063
340.   0.04049305816058137   0.000023813825786910668
340.25   0.04125884760251805   0.00002424961564561926
340.5   0.04208355370955335   0.000024715853274089653
340.75   0.0429745319016987   0.00002521798791525133
341.   0.04394045493761816   0.000025762336276976017
341.25   0.04499158418715711   0.000026358295117544847
341.5   0.04614028246547453   0.000027011841018274678
341.75   0.047401406389718445   0.000027732418188044328
342.   0.04879299991672057   0.000028531429804667448
342.25   0.05033718295478695   0.000029419882141000415
342.5   0.05206116696760831   0.000030418703057875463
342.75   0.05399879025879363   0.00003155036478718356
343.   0.05619230529824545   0.000032842771648518535
343.25   0.058694446619321286   0.00003435195461039192
343.5   0.061571206955424104   0.00003609326648327494
343.75   0.06490341765612044   0.00003810960927195574
344.   0.06878690139091477   0.00004045170315862564
344.25   0.07332790766865593   0.00004314607081988538
344.5   0.07862823991835965   0.000046280036166580246
344.75   0.08475993018137767   0.00004989854599552391
345.   0.09173209321611521   0.00005401032452725349
345.25   0.0994689691582658   0.000058603911591882046
345.5   0.10781930690904348   0.00006356033384727523
345.75   0.11659223498050877   0.00006875898372355766
346.   0.1255995104154108   0.00007407803274613239
346.25   0.13468332654196857   0.00007937541781703624
346.5   0.14372396506710478   0.00008461005626364022
346.75   0.1526384242974989   0.00008973370990217688
347.   0.16137270551317257   0.00009471699834489224
347.25   0.1698938835826269   0.00009954099585736715
347.5   0.1781843211205957   0.00010420593718852066
347.75   0.18623621432542625   0.00010871637751919771
348.   0.19404833440655267   0.00011308243849449888
348.25   0.2016227670889874   0.00011733928018303356
348.5   0.2089662867169323   0.0001214760271780855
348.75   0.21608643166931632   0.00012550208559910085
349.   0.22299160893416525   0.00012942743618788458
349.25   0.22969154440685574   0.00013328982859214277
349.5   0.23619389109579594   0.00013706255008277008
349.75   0.2425070159682858   0.00014074326961255042
350.   0.2486390192990699   0.00014432832559123845
350.25   0.25459762031776784   0.00014777978847313364
350.5   0.2603902724753657   0.00015113622397510827
350.75   0.26602400140221516   0.00015440504923272866
351.   0.27150544710098234   0.00015759375029804175
351.25   0.2768407813901368   0.00016071636897302733
351.5   0.28203602816380846   0.0001637716356090295
351.75   0.2870967813421833   0.00016676432631694454
352.   0.2920283105210884   0.00016969906324301913
352.25   0.2968357263566069   0.00017260334588327833
352.5   0.3015235071419495   0.00017544996825928232
352.75   0.3060960002448384   0.00017823308615546362
353.   0.31055729947832494   0.0001809461024194634
353.25   0.3149104462526834   0.00018356982370350868
353.5   0.3191601985195159   0.00018611256813180025
353.75   0.3233103403668785   0.00018857081144741712
354.   0.32736448412336483   0.0001909406885397346
354.25   0.33132743955304805   0.00019317295482995726
354.5   0.3352006423559602   0.0001953251531154689
354.75   0.338986677223274   0.000197411803504328
355.   0.3426879711403883   0.00019944811910784397
355.25   0.34630546141582563   0.00020149376303441185
355.5   0.34984313958843327   0.00020350487977149114
355.75   0.35330358726497607   0.0002054799964465532
356.   0.35668928983390763   0.00020741739930665653
356.25   0.3600038682796729   0.00020930211862113697
356.5   0.3632479414226963   0.00021114998100029014
356.75   0.36642322370282276   0.00021296412068253574
357.   0.36953133443235137   0.00021474769774494057
357.25   0.3725726605933135   0.00021653332885678315
357.5   0.37555022700806695   0.00021828352348383747
357.75   0.37846587932960984   0.000219989124686731
358.   0.3813214057115577   0.00022164052639961202
358.25   0.38411922658234554   0.00022319420762622867
358.5   0.38686007502893677   0.00022468605589129407
358.75   0.3895452985569627   0.00022611924233606137
359.   0.3921761893668359   0.0002274970388937359
359.25   0.3947538374176906   0.0002287718802065179
359.5   0.3972796402455691   0.00023001781488666385
359.75   0.3997548031529796   0.00023125969783796484
360.   0.40218048855844724   0.0002325231800362798
360.25   0.40455806850831416   0.00023395632116591242
360.5   0.40688827872004435   0.0002354176380117625
360.75   0.4091720609043329   0.00023688437162118543
361.   0.41141031844674797   0.00023833292677262106
361.25   0.41360361496331777   0.00023967795983361262
361.5   0.4157532029660651   0.00024097881659514386
361.75   0.41786000682544405   0.00024223483565338386
362.   0.4199249225447711   0.00024344532638678206
362.25   0.421949296838394   0.0002445855045684476
362.5   0.42393330934441126   0.00024568803694204305
362.75   0.42587758027179234   0.00024676212702844677
363.   0.42778270079970226   0.00024781722230677206
363.25   0.42964799068583087   0.0002489043603578165
363.5   0.4314757138097782   0.0002499760185706508
363.75   0.43326689519140843   0.0002510252412568117
364.   0.4350225480901892   0.00025204486186663724
364.25   0.4367442920561326   0.0002529893730387054
364.5   0.43843226063538077   0.0002539041992414792
364.75   0.44008718059213325   0.0002547973126326555
365.   0.44170976314647187   0.00025567687066132
365.25   0.4433014240302694   0.00025658367225188226
365.5   0.44486184497600495   0.0002574811040708172
365.75   0.44639139773301045   0.0002583644807753127
366.   0.44789043409771917   0.00025922898423938587
366.25   0.44935982810971026   0.00026006940954427136
366.5   0.4507991403365273   0.00026088103839624964
366.75   0.45220844363937424   0.0002616587762734189
367.   0.4535877885295303   0.00026239740871153655
367.25   0.4549335321741346   0.00026295404038497925
367.5   0.4562507907393072   0.0002635146220380402
367.75   0.45754105993566235   0.0002641301147447692
368.   0.4588058464314695   0.0002648525280666398
368.25   0.46005103822148236   0.00026602666400879184
368.5   0.4612720811555038   0.00026730050334383763
368.75   0.46246872121508603   0.0002686093677363366
369.   0.46364068013823184   0.0002698872150822861
369.25   0.4647861672513813   0.00027086723395938333
369.5   0.46590693008758377   0.0002717583684585479
369.75   0.4670032311609577   0.000272572364394531
370.   0.4680753222895001   0.0002733212215264774
370.25   0.4691211090377519   0.00027417933978498074
370.5   0.47014407547026577   0.0002749334138593619
370.75   0.4711453993274464   0.00027552979746544844
371.   0.47212626581304384   0.0002759138990773612
371.25   0.47309204724678827   0.00027559765047756616
371.5   0.4740381219317132   0.00027512709683685083
371.75   0.47496398792907824   0.00027462180093820726
372.   0.47586912149666577   0.0002742034563141562
372.25   0.47675018354780874   0.00027445328695354385
372.5   0.47761050054287774   0.00027485985721927887
372.75   0.478450627474947   0.000275364148363355
373.   0.4792711178620215   0.0002759060844384047
373.25   0.48007283757014024   0.0002762495026638761
373.5   0.4808559002604596   0.0002765761844460358
373.75   0.481620727480895   0.00027689444067598563
374.   0.4823677376347675   0.0002772127111220299
374.25   0.4830982278190897   0.00027756660466557014
374.5   0.4838113815728828   0.0002779271234587444
374.75   0.48450724884760593   0.0002782920520830644
375.   0.4851858714387559   0.00027865913023874503
375.25   0.4858464673442803   0.00027902474626316346
375.5   0.4864901997894826   0.00027938837448640726
375.75   0.4871174196273417   0.00027974815705860887
376.   0.4877284750340232   0.00028010220178023364
376.25   0.48832377428406937   0.0002804468818102919
376.5   0.4889035730340813   0.00028078260919104514
376.75   0.48946818637374706   0.0002811080846152675
377.   0.4900179266691026   0.0002814219861905907
377.25   0.49055392014820304   0.00028173528206925426
377.5   0.4910753353970683   0.00028202943776920635
377.75   0.4915821447317675   0.000282298054588588
378.   0.4920743135694043   0.00028253464531168866
378.25   0.49255117297535117   0.00028266947911370546
378.5   0.49301355019907905   0.00028278397495532545
378.75   0.4934616459991801   0.0002828970765472867
379.   0.493895658043684   0.00028302797689433245
379.25   0.494315780980126   0.00028319611475472915
379.5   0.4947222065035092   0.0002834211711721496
379.75   0.49511512342221115   0.0002837230660777638
380.   0.49549471772193576   0.0002841219549604966
