310.	0.00019869345957209772	3.246232650742974e-7
310.25	0.00019849388843390828	3.2452241041883604e-7
310.5	0.00019829973514234113	3.24391765144897e-7
310.75	0.00019810829025813627	3.2429611139819706e-7
311.	0.000197924422729208	3.24215816580907e-7
311.25	0.00019774844605776395	3.2415144958593696e-7
311.5	0.00019757520422012854	3.240816289291291e-7
311.75	0.0001974078099454285	3.2404775725532994e-7
312.	0.00019724572400561203	3.2401049842889133e-7
312.25	0.00019708944766934643	3.2398044029380976e-7
312.5	0.00019693770647369254	3.239888193068701e-7
312.75	0.00019679419797978605	3.239771721932305e-7
313.	0.00019665595818951092	3.2397762255623703e-7
313.25	0.00019652437682064628	3.239983942140218e-7
313.5	0.0001964088543315816	3.240977490262615e-7
313.75	0.00019628986879374524	3.2412978707654414e-7
314.	0.0001961767643661047	3.2420087312552525e-7
314.25	0.00019606866329921496	3.2426709362605557e-7
314.5	0.00019596835007210564	3.243201911116887e-7
314.75	0.0001958751547508468	3.243959750079955e-7
315.	0.00019578657158192026	3.245031646574596e-7
315.25	0.0001957055446978117	3.246019700920279e-7
315.5	0.00019563264420526983	3.2470694179694214e-7
315.75	0.0001955666548980867	3.248071511396226e-7
316.	0.0001955059848086653	3.249184878060141e-7
316.25	0.00019545233130901666	3.250448185825863e-7
316.5	0.00019540703069467904	3.251283103461735e-7
316.75	0.00019536542672854708	3.2524644879166416e-7
317.	0.00019533432489399254	3.2543243502339295e-7
317.25	0.00019531177649226598	3.256123108655039e-7
317.5	0.0001952969838475106	3.258136816910587e-7
317.75	0.00019529061860685198	3.260072317332728e-7
318.	0.00019529303824607143	3.262521154079557e-7
318.25	0.00019530129708974654	3.26517722884753e-7
318.5	0.00019532728261934266	3.267173223107111e-7
318.75	0.00019535105267046464	3.2695450639154525e-7
319.	0.0001953853219954944	3.27244467661173e-7
319.25	0.00019542696706171593	3.275774823689518e-7
319.5	0.00019547871013003625	3.279140686751562e-7
319.75	0.00019553903693780232	3.282619623169766e-7
320.	0.00019560913774373085	3.286194944486899e-7
320.25	0.00019568943467568957	3.29074153084347e-7
320.5	0.00019577924463272828	3.2946067245945337e-7
320.75	0.00019587801645399138	3.29852517889505e-7
321.	0.0001959854115602092	3.3025504210561697e-7
321.25	0.00019610428930785757	3.306724450741143e-7
321.5	0.00019623454809733254	3.310560840452974e-7
321.75	0.00019637488892415724	3.31521667319941e-7
322.	0.00019652541592197516	3.31990883856709e-7
322.25	0.00019668718518462368	3.3249485424354877e-7
322.5	0.00019686031975769925	3.3299787840365287e-7
322.75	0.00019704582283891118	3.335460868705357e-7
323.	0.0001972414954980955	3.3399870584438694e-7
323.25	0.00019745090752866092	3.3460855017151044e-7
323.5	0.0001976721890992917	3.352273350735766e-7
323.75	0.00019790645857841453	3.358600110261658e-7
324.	0.00019814690828047363	3.367141295342587e-7
324.25	0.00019840757074305262	3.3738232633487944e-7
324.5	0.00019868225145690046	3.380974934325532e-7
324.75	0.00019897156923518955	3.388376018253757e-7
325.	0.00019927426970542622	3.3959956235590995e-7
325.25	0.00019959273006756045	3.404037648606274e-7
325.5	0.00019992672182311716	3.412165967659909e-7
325.75	0.0002002771907301476	3.4201676187774503e-7
326.	0.00020064233892784085	3.428814810564181e-7
326.25	0.00020102483078776083	3.4376972316071425e-7
326.5	0.0002014234677907396	3.4467541851008656e-7
326.75	0.00020183482080648178	3.4560992503226023e-7
327.	0.00020226917793273298	3.46577362303928e-7
327.25	0.000202722613311501	3.4758898323584766e-7
327.5	0.00020319462663070516	3.4863822324560196e-7
327.75	0.00020368848051405099	3.497528483787526e-7
328.	0.0002042020651096295	3.5087612452427083e-7
328.25	0.00020473496505325875	3.5206783951595884e-7
328.5	0.00020528656950341602	3.5341930573063566e-7
328.75	0.00020586639638207427	3.546800367832827e-7
329.	0.0002064692389515813	3.559945291932125e-7
329.25	0.00020709874210506456	3.573367857954395e-7
329.5	0.00020775054440612696	3.587333962351123e-7
329.75	0.0002084308267090761	3.601369783000561e-7
330.	0.00020913773491290435	3.616032059043219e-7
330.25	0.0002098721089148549	3.631206719369154e-7
330.5	0.0002106361512296396	3.646891700849121e-7
330.75	0.00021143115615358183	3.662996146594844e-7
331.	0.0002122555315978314	3.6798844718065585e-7
331.25	0.0002131152229092015	3.697321674029377e-7
331.5	0.00021401146441285982	3.7153358657486266e-7
331.75	0.0002149368598034631	3.734184110826788e-7
332.	0.0002159050528423625	3.7537512550428166e-7
332.25	0.00021691616211115053	3.774991393569541e-7
332.5	0.00021796409499815603	3.7956575925917506e-7
332.75	0.00021905599645827688	3.8172932519490583e-7
333.	0.00022019221589870974	3.8397019267360954e-7
333.25	0.00022137483352186883	3.8633558117434894e-7
333.5	0.00022260733111259025	3.887421342666282e-7
333.75	0.00022389362204916727	3.9125035262667094e-7
334.	0.00022523388194302718	3.9385545952160284e-7
334.25	0.00022663217454247132	3.965548055097415e-7
334.5	0.0002280911927562193	3.9937121904178115e-7
334.75	0.00022961496978001606	4.0230390283900923e-7
335.	0.00023120726955853842	4.053588658776833e-7
335.25	0.00023287183455309967	4.085447541254826e-7
335.5	0.00023461172884708955	4.1187580588365064e-7
335.75	0.00023643258234373762	4.1535585969090846e-7
336.	0.0002383407002368101	4.190001430807643e-7
336.25	0.0002403400345094907	4.22808262871951e-7
336.5	0.0002424370184451537	4.267779016392794e-7
336.75	0.0002446392380009149	4.3087915742201767e-7
337.	0.0002469523410158322	4.3532029364545077e-7
337.25	0.00024938653036291406	4.398484248463788e-7
337.5	0.0002519499472569694	4.4463133196959823e-7
337.75	0.0002546525537403051	4.4969788970750913e-7
338.	0.0002575027007712934	4.550200753744762e-7
338.25	0.0002605186900738037	4.606625948552231e-7
338.5	0.00026370980934195147	4.66664552339466e-7
338.75	0.0002670937507549555	4.729681263355491e-7
339.	0.0002706866677939926	4.796426075586322e-7
339.25	0.0002745088881368607	4.867284250049132e-7
339.5	0.00027857118832604896	4.939755268163841e-7
339.75	0.00028292085604506473	5.020440789849604e-7
340.	0.0002875781756092775	5.106707725420615e-7
340.25	0.00029257540174462704	5.199023934002376e-7
340.5	0.00029795279657661823	5.298163650314732e-7
340.75	0.0003037564158298389	5.404874670946692e-7
341.	0.0003100230902422167	5.519005601761951e-7
341.25	0.0003168472939405105	5.644457664604234e-7
341.5	0.0003242896223526216	5.780946407774056e-7
341.75	0.0003324419972309449	5.930170883591553e-7
342.	0.0003414127720100539	6.094444320958584e-7
342.25	0.0003513303191295493	6.275867042215061e-7
342.5	0.0003623594895953302	6.477676843930329e-7
342.75	0.0003747035788732647	6.702925650849091e-7
343.	0.00038861296187386873	6.957516553067731e-7
343.25	0.00040439637477802037	7.244820105584557e-7
343.5	0.000422443398120861	7.573475358418576e-7
343.75	0.00044323861639515566	7.951929347139531e-7
344.	0.00046738083485117635	8.3947731801405e-7
344.25	0.0004955534692973975	8.906274033772066e-7
344.5	0.000528510020606796	9.505258766385404e-7
344.75	0.0005669381273344424	1.0203551884070767e-6
345.	0.0006112613563780673	1.1006315998650405e-6
345.25	0.0006614329975626502	1.1918571276987441e-6
345.5	0.0007167752627680192	1.2923854499673054e-6
345.75	0.0007761228075703445	1.4002339792533413e-6
346.	0.0008381004912000812	1.5130625241354486e-6
346.25	0.0009013999544950289	1.6286854976315111e-6
346.5	0.0009649539964508105	1.744685854603617e-6
346.75	0.0010279706686535195	1.8598371747605982e-6
347.	0.001089912523476022	1.9731860995924683e-6
347.25	0.0011504239459171714	2.083903071729158e-6
347.5	0.001209328926312439	2.1921005548051318e-6
347.75	0.001266507320397331	2.297273492434303e-6
348.	0.001321923171936834	2.399407625678866e-6
348.25	0.0013755815416736578	2.498330890243167e-6
348.5	0.0014275101681161366	2.59442982376988e-6
348.75	0.0014777356895757923	2.689413019030408e-6
349.	0.001526342568039815	2.7795560054125804e-6
349.25	0.0015733840619604747	2.867146541492798e-6
349.5	0.0016189234574826255	2.9518338814391136e-6
349.75	0.0016630195478701472	3.034309562433234e-6
350.	0.0017057291944328414	3.1138744093947815e-6
350.25	0.0017471268857029729	3.1916814086839725e-6
350.5	0.0017872553219550464	3.2678126623974154e-6
350.75	0.0018261823666658045	3.3410423520204298e-6
351.	0.001863973478756757	3.4119735646100335e-6
351.25	0.0019006213371456548	3.4814548519984213e-6
351.5	0.001936232327781308	3.5489047450152802e-6
351.75	0.0019708047881158166	3.614665886489728e-6
352.	0.0020044089636057903	3.678819918761651e-6
352.25	0.0020370700130160346	3.7410483018263916e-6
352.5	0.0020688206674062625	3.8016350757581513e-6
352.75	0.0020997000938623913	3.86073522262146e-6
353.	0.0021297420407352637	3.9184243555407475e-6
353.25	0.002158971318619001	3.974142493312154e-6
353.5	0.0021874316724859034	4.028896129082335e-6
353.75	0.0022151376858968565	4.082410049001964e-6
354.	0.0022422105437071614	4.135360991949375e-6
354.25	0.002268474329515816	4.186038492531188e-6
354.5	0.002294071537371397	4.236144413132418e-6
354.75	0.0023190095021866303	4.285115374273549e-6
355.	0.0023433089547716334	4.332932869658649e-6
355.25	0.0023670036889593114	4.3796842428474454e-6
355.5	0.002390085358747151	4.425180409503219e-6
355.75	0.002412597349859632	4.4699158952085725e-6
356.	0.0024345320674768367	4.513947024359855e-6
356.25	0.0024559399904753557	4.556347687295456e-6
356.5	0.002476816265462914	4.598109837620417e-6
356.75	0.0024971996060620862	4.639060361808311e-6
357.	0.002517069152508216	4.67899750039192e-6
357.25	0.0025364280626219236	4.717649860653956e-6
357.5	0.00255533075132652	4.755882687943274e-6
357.75	0.0025737758883928245	4.793329340639022e-6
358.	0.002591758111544417	4.830209995213702e-6
358.25	0.002609306534269265	4.8660788654340914e-6
358.5	0.0026264190380241555	4.902586206808817e-6
358.75	0.002643113076311707	4.937537572775893e-6
359.	0.002659419821353789	4.970822024369831e-6
359.25	0.002675325071796659	5.0034522374645585e-6
359.5	0.00269086133154817	5.0357068830360315e-6
359.75	0.002706163306823168	5.072232237159744e-6
360.	0.002720954693764408	5.103246226291731e-6
360.25	0.0027354004443522107	5.134507867337379e-6
360.5	0.0027494877592942166	5.16432520271124e-6
360.75	0.002763227011110834	5.193234034763868e-6
361.	0.002776645742779884	5.216947832619145e-6
361.25	0.0027897058171331263	5.245143064001229e-6
361.5	0.0028024616015387012	5.272201487052419e-6
361.75	0.002814891255083798	5.298897778158046e-6
362.	0.002827023125152575	5.325631416754761e-6
362.25	0.002838828574429621	5.351597765987564e-6
362.5	0.0028503646910317195	5.376946839557213e-6
362.75	0.00286160628257512	5.402206460427387e-6
363.	0.002872583197363594	5.427079744072499e-6
363.25	0.002883282066591487	5.451553927204256e-6
363.5	0.0028937095731888063	5.475201322040507e-6
363.75	0.002903880979974263	5.49883401211952e-6
364.	0.002913793687446328	5.521376214385452e-6
364.25	0.0029234327933047497	5.544017589146907e-6
364.5	0.0029328388159650357	5.565627809064051e-6
364.75	0.002942028353137538	5.5857001436065865e-6
365.	0.0029509434076575914	5.606739897086744e-6
365.25	0.002959659236308408	5.626531165856622e-6
365.5	0.0029681156635012087	5.6462679713834285e-6
365.75	0.0029763489350343978	5.665336835542958e-6
366.	0.00298433902353174	5.6837569968348195e-6
366.25	0.0029921690106921705	5.7017846940646455e-6
366.5	0.0029997425880054383	5.719890285527777e-6
366.75	0.003007095346544024	5.737637845156567e-6
367.	0.003014276085048617	5.754556792927969e-6
367.25	0.0030212479279086548	5.771337444793168e-6
367.5	0.003028027527091423	5.787901778188598e-6
367.75	0.0030344937096321075	5.801906987848295e-6
368.	0.0030408831086581904	5.817809504763771e-6
368.25	0.0030471132329465645	5.8336440830171925e-6
368.5	0.003053144820192706	5.849460024677292e-6
368.75	0.0030589708761981967	5.864152234811446e-6
369.	0.003064633730498465	5.878827775656674e-6
369.25	0.0030701193765776936	5.893649828933538e-6
369.5	0.0030754363007810866	5.907715762557011e-6
369.75	0.0030805877907551294	5.921590987564676e-6
370.	0.003085576680933483	5.935507332048477e-6
370.25	0.0030903750043996714	5.948103783823444e-6
370.5	0.003095042274013612	5.96120645244694e-6
370.75	0.003099549921637792	5.974033771614288e-6
371.	0.0031041001489975455	5.987785164912508e-6
371.25	0.0031083005639503366	5.999864510641905e-6
371.5	0.0031123430043790176	6.010724043798098e-6
371.75	0.003116248656247666	6.02146765835919e-6
372.	0.0031200373357338786	6.035032785101657e-6
372.25	0.0031236385667923953	6.044372067042239e-6
372.5	0.003127115837073434	6.055036951183183e-6
372.75	0.003130461901355341	6.066333302837055e-6
373.	0.003133669893884425	6.074946682906822e-6
373.25	0.0031367486452932797	6.085174324046102e-6
373.5	0.003139713207694741	6.094762741096424e-6
373.75	0.0031425083052541276	6.103164166843565e-6
374.	0.0031451854737304793	6.111850824158044e-6
374.25	0.0031476581434457585	6.120064877413484e-6
374.5	0.00315009920884103	6.128575282501743e-6
374.75	0.0031524300190354706	6.136989911267343e-6
375.	0.0031546342630524487	6.145190790947366e-6
375.25	0.0031566706817233274	6.157915432611231e-6
375.5	0.0031586464726254967	6.165697706594548e-6
375.75	0.0031605239474877616	6.1731482130166236e-6
376.	0.0031622653061149472	6.1807211034206365e-6
376.25	0.003163913889803852	6.187953218019715e-6
376.5	0.003165458694210132	6.195983954431841e-6
376.75	0.0031668844735819554	6.202625657020651e-6
377.	0.0031682575324746935	6.208807971506475e-6
377.25	0.003169475030841382	6.217579785405647e-6
377.5	0.003170596124569406	6.22411840936002e-6
377.75	0.003171625306330679	6.230538070887918e-6
378.	0.003172554864593118	6.23706562953144e-6
378.25	0.0031734063461614876	6.243468267634388e-6
378.5	0.003174148215377099	6.248595973237758e-6
378.75	0.0031747838855489575	6.253251695641389e-6
379.	0.003175205661487793	6.257083834910377e-6
379.25	0.0031756605527341244	6.261267667516127e-6
379.5	0.003175879933856574	6.2651960711409645e-6
379.75	0.0031761533601447033	6.269320355587911e-6
380.	0.0031763239991401218	6.273092559757719e-6