310.	-8.394622391358793e-6	1.2192173691398731e-8
310.25	-8.40147625181278e-6	1.2203978050335683e-8
310.5	-8.408725115698954e-6	1.2212134907196463e-8
310.75	-8.416440078376134e-6	1.2214517124954453e-8
311.	-8.42464507021568e-6	1.2228520911127708e-8
311.25	-8.433373859187412e-6	1.2241199817324965e-8
311.5	-8.442619506100238e-6	1.2253550211372098e-8
311.75	-8.452354897172048e-6	1.2267546637312794e-8
312.	-8.46255636805539e-6	1.2281859657901935e-8
312.25	-8.473275148771441e-6	1.2296309970565919e-8
312.5	-8.484554482232964e-6	1.2313434082394063e-8
312.75	-8.496424149757227e-6	1.2331405946569003e-8
313.	-8.508868631330163e-6	1.2346015452380048e-8
313.25	-8.521911306330276e-6	1.2362897254696818e-8
313.5	-8.535472657629755e-6	1.238188666975624e-8
313.75	-8.549529623627182e-6	1.23998341952143e-8
314.	-8.56426512731257e-6	1.241915326267867e-8
314.25	-8.579656573070384e-6	1.244206440382952e-8
314.5	-8.595733884682723e-6	1.2466722657451261e-8
314.75	-8.61240952144861e-6	1.2493860311574208e-8
315.	-8.62979743269805e-6	1.251691565694868e-8
315.25	-8.647803257026476e-6	1.2540676006752893e-8
315.5	-8.666658638718829e-6	1.2566869490729758e-8
315.75	-8.68615198225413e-6	1.2593261564104328e-8
316.	-8.706352003818617e-6	1.2620025277766966e-8
316.25	-8.727307244528655e-6	1.265219613248395e-8
316.5	-8.749118411857397e-6	1.2683623836629328e-8
316.75	-8.771702121229453e-6	1.2715272765245721e-8
317.	-8.79507603105671e-6	1.2747775388689982e-8
317.25	-8.819293490831964e-6	1.2779410345306647e-8
317.5	-8.84440623645695e-6	1.2813051230172043e-8
317.75	-8.870486652774703e-6	1.2848584226261128e-8
318.	-8.897342157197265e-6	1.2887466634780319e-8
318.25	-8.925224269741877e-6	1.2924539046946302e-8
318.5	-8.953963089580768e-6	1.296538395040247e-8
318.75	-8.983799942813321e-6	1.3008033104861402e-8
319.	-9.014647458914874e-6	1.3049872361677212e-8
319.25	-9.046600934688073e-6	1.3095073014461538e-8
319.5	-9.07964287906767e-6	1.3142782316030367e-8
319.75	-9.113827047669047e-6	1.3190606370935179e-8
320.	-9.149182486128491e-6	1.3241135031371784e-8
320.25	-9.18572018421655e-6	1.32938227925026e-8
320.5	-9.223548263191674e-6	1.3348137984198717e-8
320.75	-9.262644773485783e-6	1.3404572660677769e-8
321.	-9.303111263191776e-6	1.3464499266605835e-8
321.25	-9.344921609749539e-6	1.3523607889710178e-8
321.5	-9.388297666344163e-6	1.3587886958237599e-8
321.75	-9.433064845899854e-6	1.3652736678664705e-8
322.	-9.479352044169956e-6	1.3720239175050658e-8
322.25	-9.52722798749005e-6	1.3789939505333783e-8
322.5	-9.576763174567443e-6	1.3865105145900766e-8
322.75	-9.628007744747138e-6	1.3938000931902888e-8
323.	-9.68098234233535e-6	1.4008773111196763e-8
323.25	-9.735865450601083e-6	1.4088143609305983e-8
323.5	-9.792733719687379e-6	1.4172889603613676e-8
323.75	-9.85173074310281e-6	1.4259886137506521e-8
324.	-9.912517146144876e-6	1.4337016044328323e-8
324.25	-9.97557073722884e-6	1.4429432029196195e-8
324.5	-0.000010040931128947207	1.4524633266728633e-8
324.75	-0.000010108633663352196	1.462252334509465e-8
325.	-0.000010178777463334182	1.4724414322213422e-8
325.25	-0.000010251497299960484	1.482985296394449e-8
325.5	-0.00001032703265654407	1.4933000291000497e-8
325.75	-0.000010405254711582429	1.50466946920828e-8
326.	-0.00001048644068675468	1.5164490446377122e-8
326.25	-0.000010570820721500928	1.529025057520253e-8
326.5	-0.000010658360104383272	1.5418229310392222e-8
326.75	-0.0000107492503828176	1.5547683567139337e-8
327.	-0.000010843789142574613	1.5681612272978076e-8
327.25	-0.000010941684988790425	1.5809581286373034e-8
327.5	-0.000011043909616246607	1.5955498234951573e-8
327.75	-0.000011150414304614726	1.6123902274659504e-8
328.	-0.000011261152624309117	1.627357609386191e-8
328.25	-0.000011376510566822267	1.6438443705748007e-8
328.5	-0.000011496758135061546	1.661132373512507e-8
328.75	-0.000011622123143173094	1.6787549038700356e-8
329.	-0.000011752876703677966	1.6973125010985173e-8
329.25	-0.000011889553266691295	1.7162492145739215e-8
329.5	-0.000012032319411496116	1.7371894956176492e-8
329.75	-0.000012181689053759327	1.75820790649423e-8
330.	-0.000012337959724707177	1.7803012019791624e-8
330.25	-0.000012501592909206577	1.803840521326747e-8
330.5	-0.000012673087816638954	1.8284993472522477e-8
330.75	-0.000012852996816522539	1.854297421648459e-8
331.	-0.000013041873649328885	1.8820069513619482e-8
331.25	-0.00001324041123652315	1.9105354554708502e-8
331.5	-0.00001344927219212864	1.940215394798083e-8
331.75	-0.000013669372722486678	1.9718121789068015e-8
332.	-0.000013901288124925395	2.005133004530282e-8
332.25	-0.000014146069701739965	2.0403943975104048e-8
332.5	-0.000014404772011926581	2.077578859430571e-8
332.75	-0.000014678532488802666	2.1169952570543104e-8
333.	-0.000014968690337375517	2.158301431476719e-8
333.25	-0.000015276400592705164	2.2021883772386888e-8
333.5	-0.00001560353266115377	2.2496427656788777e-8
333.75	-0.000015951803673532797	2.2997757623506383e-8
334.	-0.00001632299936732023	2.356652696454176e-8
334.25	-0.00001671967252093801	2.4138706641940662e-8
334.5	-0.00001714418188717901	2.4745548021379148e-8
334.75	-0.000017599640188730365	2.5401599292514212e-8
335.	-0.000018089387926650786	2.6081665319060087e-8
335.25	-0.00001861664327715878	2.682552837621217e-8
335.5	-0.00001918615607246991	2.7646377294974095e-8
335.75	-0.00001980282798975118	2.854454727367139e-8
336.	-0.000020472458037767396	2.950658690948537e-8
336.25	-0.000021201640483412196	3.0557196611259404e-8
336.5	-0.000021998453916051344	3.170529747260937e-8
336.75	-0.000022872021146731644	3.2962765999366995e-8
337.	-0.000023833346796080026	3.434555413193087e-8
337.25	-0.00002489548795035497	3.5872956760399746e-8
337.5	-0.000026074053894629012	3.7561873097927886e-8
337.75	-0.000027389025275442758	3.9372153065283485e-8
338.	-0.000028861021953337613	4.148227330756338e-8
338.25	-0.0000305190214240857	4.385991348682156e-8
338.5	-0.000032397577905927866	4.6557662414295716e-8
338.75	-0.00003453934924206505	4.962548458474844e-8
339.	-0.00003699858350621917	5.315424828511375e-8
339.25	-0.000039841440066836345	5.724110891892666e-8
339.5	-0.000043154188349918114	6.198844135447705e-8
339.75	-0.000047046316106493584	6.757843009509114e-8
340.	-0.00005165822154116674	7.419970113784147e-8
340.25	-0.00005717115521229275	8.211814541563113e-8
340.5	-0.0000638147831215185	9.168372399507881e-8
340.75	-0.00007187977139166828	1.0326725657934756e-7
341.	-0.00008171816368509322	1.1739798372185909e-7
341.25	-0.00009372344380080762	1.3449944106093299e-7
341.5	-0.0001082530875939801	1.5533608060245767e-7
341.75	-0.0001254405333779115	1.800729751292864e-7
342.	-0.00014483276499294221	2.0787756127409332e-7
342.25	-0.00016485337283211874	2.365839924724033e-7
342.5	-0.00018251891018231548	2.619319914477274e-7
342.75	-0.00019418846467801287	2.7867904115133384e-7
343.	-0.00019768260238179795	2.8364354921136307e-7
343.25	-0.0001940325328007641	2.7826771257463756e-7
343.5	-0.0001867343909164462	2.6771869900239145e-7
343.75	-0.00017932349091142295	2.570594855510907e-7
344.	-0.0001737108812343583	2.4896688993942357e-7
344.25	-0.00017012190362124626	2.4379156105569547e-7
344.5	-0.00016790713110985045	2.405930634265012e-7
344.75	-0.0001663644726282104	2.383618219576863e-7
345.	-0.00016509440275799835	2.3651129379713175e-7
345.25	-0.00016396348249258944	2.3486973078762104e-7
345.5	-0.0001629616620992564	2.3339698312320309e-7
345.75	-0.00016210754163306263	2.3219669460746077e-7
346.	-0.00016141027379176087	2.3120405719973607e-7
346.25	-0.00016086078746149982	2.3040108580342752e-7
346.5	-0.0001604377810741505	2.2975494803972487e-7
346.75	-0.00016011690375444638	2.2927352233886962e-7
347.	-0.00015987688239239902	2.2891644071966904e-7
347.25	-0.00015969940812009272	2.2866113030052153e-7
347.5	-0.00015956878377146428	2.284607388453102e-7
347.75	-0.00015947461531380728	2.283142188430607e-7
348.	-0.0001594080850286014	2.2821885397933087e-7
348.25	-0.0001593612424076513	2.2813253964025107e-7
348.5	-0.00015932924876899292	2.2807021633751501e-7
348.75	-0.00015930960521618335	2.283048282234817e-7
349.	-0.0001592964454453403	2.282299913081831e-7
349.25	-0.00015928756610212222	2.2818096685018315e-7
349.5	-0.00015928155017163998	2.2814462568141971e-7
349.75	-0.0001592768304095964	2.2811001447946913e-7
350.	-0.000159271935315178	2.28118355605446e-7
350.25	-0.00015926623954624512	2.2808725524891137e-7
350.5	-0.00015925942671680802	2.2809612945668398e-7
350.75	-0.00015924989135993848	2.278806129003882e-7
351.	-0.00015923724749802623	2.2791688787290896e-7
351.25	-0.00015922110749672485	2.2788474043694604e-7
351.5	-0.00015920118821835608	2.2791535326739138e-7
351.75	-0.0001591780077227467	2.2798772255385374e-7
352.	-0.00015915080253569243	2.2794144227617997e-7
352.25	-0.0001591185804374472	2.2771591649591769e-7
352.5	-0.00015908033986116054	2.274719323685735e-7
352.75	-0.00015903971197801513	2.274097298496856e-7
353.	-0.00015899449298616784	2.2733275727545187e-7
353.25	-0.0001589457075133337	2.2738783055381753e-7
353.5	-0.0001588926770221918	2.2732948830480283e-7
353.75	-0.00015883408061057936	2.272218206736711e-7
354.	-0.0001587710797954067	2.2715376501104946e-7
354.25	-0.00015870231128446504	2.2700828124513388e-7
354.5	-0.00015863010196305995	2.2690240445045343e-7
354.75	-0.0001585541348980712	2.267120260531214e-7
355.	-0.0001584742715188747	2.2648121808625387e-7
355.25	-0.00015838895707912028	2.2635470618428357e-7
355.5	-0.00015829948634276316	2.2620174084467575e-7
355.75	-0.00015820579409248005	2.2602365728576987e-7
356.	-0.00015810786442231175	2.258611265721742e-7
356.25	-0.0001580057025396385	2.2569660029200277e-7
356.5	-0.00015789779635319066	2.2548909790492653e-7
356.75	-0.00015778644181278691	2.2530288306072653e-7
357.	-0.0001576724813284666	2.2507118003443904e-7
357.25	-0.00015755368329071698	2.2492864014246314e-7
357.5	-0.00015743175384736474	2.2472769416949444e-7
357.75	-0.00015730596149873404	2.245223968946095e-7
358.	-0.0001571765701265486	2.2431854998211346e-7
358.25	-0.00015704329228554185	2.240899614833576e-7
358.5	-0.00015690734400908608	2.2387440057257665e-7
358.75	-0.0001567698197732037	2.2360155587290405e-7
359.	-0.0001566260077263563	2.233419752791178e-7
359.25	-0.00015647859077152094	2.2313361969749766e-7
359.5	-0.00015632717719086864	2.228974030350132e-7
359.75	-0.00015617339943683496	2.226250032820875e-7
360.	-0.00015601661117558695	2.2233940980634066e-7
360.25	-0.00015585682604864751	2.2207172990567378e-7
360.5	-0.00015569372323712106	2.218167310907876e-7
360.75	-0.00015552535901352545	2.214737510918303e-7
361.	-0.00015535495439362426	2.2140527232599852e-7
361.25	-0.0001551844649694338	2.2095609710953628e-7
361.5	-0.00015500955670142468	2.2068354130867852e-7
361.75	-0.00015483195570085246	2.2042484346609013e-7
362.	-0.0001546515465205573	2.2014485665493987e-7
362.25	-0.00015446858486543768	2.1992929181375975e-7
362.5	-0.00015428293186063168	2.196405543354521e-7
362.75	-0.00015409471033659273	2.1934910736735573e-7
363.	-0.00015390411520675663	2.1909276883616392e-7
363.25	-0.0001537064402609111	2.1913562632642146e-7
363.5	-0.00015351077943512765	2.1883616847631578e-7
363.75	-0.00015331197795341844	2.185030781882791e-7
364.	-0.00015311149024432668	2.182012709271577e-7
364.25	-0.00015290898683129856	2.1791934684003965e-7
364.5	-0.00015270440749596203	2.1761172906149787e-7
364.75	-0.00015249728886760798	2.172983374429325e-7
365.	-0.00015228956063982946	2.1683285961736397e-7
365.25	-0.00015207828711788943	2.1650299336839217e-7
365.5	-0.00015186492767222493	2.1617974379317837e-7
365.75	-0.00015164961887149787	2.158435356537768e-7
366.	-0.0001514337253878208	2.1538111698975452e-7
366.25	-0.00015121464211322554	2.1504674308383816e-7
366.5	-0.00015099371372364074	2.1468381340598583e-7
366.75	-0.00015077188609401306	2.1436133240306651e-7
367.	-0.00015054732980110494	2.1401635734652698e-7
367.25	-0.00015032099553067635	2.1366695537006e-7
367.5	-0.00015009259229223351	2.133882153850533e-7
367.75	-0.00014986483170509207	2.1298235990575793e-7
368.	-0.00014963351175473723	2.1263201769169767e-7
368.25	-0.00014940020161105405	2.1232542978388893e-7
368.5	-0.00014916567054473653	2.119476280531717e-7
368.75	-0.00014892932492209683	2.1155856438349983e-7
369.	-0.00014869315247447045	2.1123201894346871e-7
369.25	-0.00014845380081668642	2.1086770021454553e-7
369.5	-0.0001482130864483075	2.1050842030861797e-7
369.75	-0.00014797147440292257	2.1015186486074162e-7
370.	-0.00014772822381888925	2.0977283783487162e-7
370.25	-0.0001474837896198801	2.0940222229755968e-7
370.5	-0.00014723789292411872	2.090225851362064e-7
370.75	-0.0001469910207966973	2.0862108974440684e-7
371.	-0.0001467407625980409	2.0819945385121814e-7
371.25	-0.00014649121295517452	2.0783546221492383e-7
371.5	-0.00014624060555292514	2.0748540445995873e-7
371.75	-0.00014598864430740056	2.0710901144070057e-7
372.	-0.00014573588803132564	2.0672679188488095e-7
372.25	-0.00014548255048299778	2.0636310986378427e-7
372.5	-0.00014522757455021206	2.0601601531528846e-7
372.75	-0.0001449719061999203	2.056407105622886e-7
373.	-0.00014471435416940124	2.0525990124089097e-7
373.25	-0.00014445552737674106	2.048244020082905e-7
373.5	-0.0001441963885091862	2.0443721262001662e-7
373.75	-0.0001439363077383767	2.0405375415359592e-7
374.	-0.00014367529712877228	2.0363342149274773e-7
374.25	-0.000143413589844249	2.0323966077264593e-7
374.5	-0.0001431517614824316	2.0285092101783933e-7
374.75	-0.00014288827489521564	2.0245559132714135e-7
375.	-0.00014262524882919535	2.0199188403536257e-7
375.25	-0.0001423607830709768	2.0165910477556992e-7
375.5	-0.00014209487336264948	2.0126284551164113e-7
375.75	-0.00014182832101413586	2.0086070358888078e-7
376.	-0.00014156160235686898	2.004977430664587e-7
376.25	-0.00014129355625365793	2.0011338528209777e-7
376.5	-0.00014102710977721464	1.9960981249755597e-7
376.75	-0.0001407576343262	1.9920315890726404e-7
377.	-0.0001404874337406993	1.9878378501356542e-7
377.25	-0.0001402169165720387	1.9840048001384038e-7
377.5	-0.00013994567694834462	1.9799197577761662e-7
377.75	-0.00013967530978679398	1.9757764961268635e-7
378.	-0.0001394013662199183	1.9711678676789995e-7
378.25	-0.00013912784201611353	1.9670624320712078e-7
378.5	-0.00013885400447160133	1.9623746338406848e-7
378.75	-0.00013858003103384354	1.958151174069357e-7
379.	-0.00013830659772861003	1.9541178015473659e-7
379.25	-0.000138031083684113	1.949603082681387e-7
379.5	-0.00013775571851886532	1.9454184941949347e-7
379.75	-0.00013748038224596995	1.9416139479606892e-7
380.	-0.0001372041544459753	1.9374553905651543e-7