310.	0.20751536288530298	0.02040472517859098
310.25	0.20714870203676541	0.020337304596368986
310.5	0.2067705929005581	0.02026986706744849
310.75	0.20638726312286365	0.02020305222541172
311.	0.2060016115585607	0.02013617504317757
311.25	0.2055172080720673	0.020070267590959506
311.5	0.2051602786257587	0.020003943773180908
311.75	0.20473359040207947	0.019938327858705446
312.	0.204348843165649	0.019872828430191867
312.25	0.20404547714907117	0.019806609356694652
312.5	0.20366484133002366	0.01974152357186611
312.75	0.20319396804365955	0.019678325910116992
313.	0.2028049836421373	0.019613927682369834
313.25	0.20250889826026813	0.019549070276172312
313.5	0.20214611808858785	0.019485218869386842
313.75	0.2017458228478465	0.01942163014575742
314.	0.20136334820186724	0.019358171564914407
314.25	0.2009818651133182	0.01929484807240645
314.5	0.20058577820426965	0.019233115654506062
314.75	0.2001925115473666	0.01917048213107214
315.	0.19972412599191366	0.01910828616225021
315.25	0.19934272817789528	0.01904560829444208
315.5	0.19902109526197062	0.01898337332983144
315.75	0.19864666335811293	0.018921228861889468
316.	0.1981917831867599	0.018859810810700116
316.25	0.1977435644585889	0.018799052477421783
316.5	0.19737163782033612	0.018737764202900815
316.75	0.19695228940213158	0.01867608158987608
317.	0.19658269740170645	0.01861536751580243
317.25	0.19620470225356404	0.01855544254457725
317.5	0.19590078171520112	0.018495108528349975
317.75	0.1955126971930693	0.018434835793367684
318.	0.19512761766660833	0.018375007266973067
318.25	0.19470261190957008	0.018315689167350175
318.5	0.1943928494645536	0.018256588660302036
318.75	0.1940513461802711	0.01820129224098446
319.	0.1936651135419358	0.018140860190564042
319.25	0.1932930373750286	0.018082407231780187
319.5	0.19285978198916134	0.018024162241982083
319.75	0.1924834089923704	0.017966191612984555
320.	0.19210210880763906	0.01790880689812954
320.25	0.1917441645889781	0.017850900947392504
320.5	0.19140678841911307	0.01779350619868921
320.75	0.19111500625842892	0.017737521786623148
321.	0.1907472630515498	0.017680685607902334
321.25	0.19040330328777152	0.01762306872798562
321.5	0.1900419377423053	0.017566398294594842
321.75	0.18967322940860257	0.01750974233460524
322.	0.1893065880870946	0.017454132079383435
322.25	0.18893846164620656	0.017398119476091697
322.5	0.1886264630644051	0.017342555996965648
322.75	0.1882649763997225	0.017287009143344044
323.	0.1879441124906591	0.017231406055734803
323.25	0.1875858245091037	0.017176238611277032
323.5	0.1872634128101078	0.01712116445260644
323.75	0.1869208893081618	0.01706652770310452
324.	0.1865405939174056	0.017012716898373352
324.25	0.18619354277352942	0.01695871939896059
324.5	0.18583532050213794	0.016904882641120222
324.75	0.18545851326681412	0.016850876591484903
325.	0.1851635873674824	0.016798517256184576
325.25	0.184800496773746	0.016745426008454224
325.5	0.18440276551022505	0.016691028716625155
325.75	0.18405080073522495	0.016637560516265127
326.	0.1837110861350827	0.01658505720366931
326.25	0.1833436234698611	0.01653281907447681
326.5	0.18299202848441512	0.01648076866234721
326.75	0.18263367381169396	0.016428280919786233
327.	0.18229070083565674	0.01637670405260275
327.25	0.1820187998983794	0.01632533111066088
327.5	0.18166767791006483	0.016274064139091497
327.75	0.18132808211483406	0.016222544249212587
328.	0.18098989488677525	0.01617246932613742
328.25	0.18063564525301815	0.016121304875835223
328.5	0.18030502223307357	0.016071147769566835
328.75	0.17997514943921256	0.016020393144788106
329.	0.1796198010400775	0.015969839300371543
329.25	0.1792798103702294	0.015919519758533132
329.5	0.17896081661117644	0.015869854051286523
329.75	0.1786364168427666	0.01581973017023202
330.	0.1783070139872522	0.015768900444254136
330.25	0.17796770585341665	0.0157191165751973
330.5	0.17763919519520646	0.015669558344412308
330.75	0.17731539024620588	0.015620871686373468
331.	0.17697171408236068	0.01557178176168064
331.25	0.17663493155170595	0.015522737388451849
331.5	0.17626454872736766	0.015470134450465339
331.75	0.1759151430018001	0.015421630277618743
332.	0.17566105747325567	0.015376572051004482
332.25	0.17532999514170589	0.015328526127587188
332.5	0.17501183567311887	0.015280769652124054
332.75	0.17466789028144977	0.015233107759046613
333.	0.17433216354370043	0.015185687643572237
333.25	0.1739978872016991	0.015138190396302445
333.5	0.17366506928706554	0.01509086172332729
333.75	0.17314579105729785	0.015042910391865718
334.	0.17281024420052707	0.014996176803646259
334.25	0.17248063856189103	0.014950017983468582
334.5	0.172151063032913	0.014903547754621948
334.75	0.1718035783113085	0.014854996633734678
335.	0.17151369170217462	0.014808980814452899
335.25	0.17121924458031537	0.01476323170948803
335.5	0.1708875471970557	0.014717552535608717
335.75	0.17052142342504456	0.014670610134561198
336.	0.17018902238642206	0.014625262396407554
336.25	0.1698678687712893	0.0145799836057766
336.5	0.16954484982794657	0.014534925853181318
336.75	0.16922163091799497	0.014490078449202418
337.	0.16892176284909916	0.01444550447152443
337.25	0.16856770474011035	0.014401054605507009
337.5	0.16825084890280503	0.014356712500445339
337.75	0.16792623015312896	0.014312510402890652
338.	0.16760368239203519	0.014268515400945885
338.25	0.1672797837652428	0.014224708725327787
338.5	0.1669686200940915	0.014180498078947609
338.75	0.16661932888484343	0.014137047552784002
339.	0.16631369686139086	0.01409361783544979
339.25	0.16599211600108366	0.014050130126979579
339.5	0.16566833456880506	0.014007174959865684
339.75	0.1653729892187433	0.013964240547115796
340.	0.16505484204859477	0.013921517938148756
340.25	0.16468861007641894	0.013875879781766264
340.5	0.16436098463186072	0.013832991168405532
340.75	0.16409747880480743	0.013793103984701075
341.	0.16371818891590284	0.013748023733420075
341.25	0.16340108528906513	0.013706082258837241
341.5	0.16308817244304455	0.013664290472952777
341.75	0.16279937027798067	0.013625186933443108
342.	0.1624809398380649	0.01358368317954435
342.25	0.16217263499955847	0.013542500806355797
342.5	0.16187142759807838	0.013501454209370397
342.75	0.16154206516899378	0.013460281510101363
343.	0.16122376882992917	0.0134197748381885
343.25	0.16087629077390114	0.013376861683125418
343.5	0.1605971028181033	0.013335307794445998
343.75	0.1603317711690131	0.013294795504838933
344.	0.16002290161859908	0.013254730323127151
344.25	0.15971319360497777	0.013214768822255774
344.5	0.15939704181109002	0.013175035982002297
344.75	0.15908668566844775	0.013135357951625761
345.	0.15869050470371773	0.013097324177929895
345.25	0.15840479096448742	0.013057798862601326
345.5	0.15815748055131545	0.013018196535169887
345.75	0.15785186021971276	0.012978867829122331
346.	0.15755555400188934	0.012939679046452766
346.25	0.15726120882616645	0.012901381173968853
346.5	0.15695679485685668	0.012862327799335646
346.75	0.15665580821663028	0.012823338767491187
347.	0.1563558490360939	0.012784570912010058
347.25	0.1560184031436032	0.01274616317999969
347.5	0.1556746723156842	0.01270819331480392
347.75	0.15537519785487527	0.01266995331483218
348.	0.15508831051872313	0.012631487105529202
348.25	0.15479429209147155	0.012593537049324845
348.5	0.15448944279391036	0.012555497394093403
348.75	0.154190791134457	0.012518199539651609
349.	0.15389472879391117	0.012480652889545354
349.25	0.153592844149678	0.01244237168699793
349.5	0.1532960047304739	0.012405171789669744
349.75	0.15300213005163	0.01236816639709819
350.	0.1527049796158509	0.012331284849236462
350.25	0.15240957990158027	0.012294454068547222
350.5	0.15208785328806204	0.012257606086841262
350.75	0.15180373470955916	0.012220822779913024
351.	0.15148021949100485	0.012184782508130213
351.25	0.1511892672729126	0.01214848605835998
351.5	0.15094031580838094	0.012114676551009406
351.75	0.1506233298393845	0.012076252378440523
352.	0.15037000067566225	0.012043515693119166
352.25	0.15007499294979237	0.012007885214200108
352.5	0.14974558894604578	0.011968135202944723
352.75	0.14945674786701324	0.011932666500105936
353.	0.1492203168071153	0.011899114118634981
353.25	0.14890234284774673	0.011863760355471327
353.5	0.1485179991840486	0.011826671521355716
353.75	0.14827613436798487	0.011794181778340362
354.	0.14800915274096146	0.011759732899305635
354.25	0.14776165526119958	0.011724966548854623
354.5	0.14747477707860931	0.011690507135798903
354.75	0.14718938324577588	0.011656225280790364
355.	0.14691405779878264	0.011623170078803305
355.25	0.1466815188875195	0.011589869827422933
355.5	0.14639419474825918	0.011555987068421395
355.75	0.14610108756961698	0.011522059178185004
356.	0.14583890099188418	0.01148807206170304
356.25	0.1455125433171669	0.01145512473061897
356.5	0.1452649578818172	0.011421001775515728
356.75	0.14500948685135312	0.011386736365297058
357.	0.14472085135553356	0.011353562832480422
357.25	0.1444391480291802	0.011320594151123083
357.5	0.14416576237059955	0.011289088217535525
357.75	0.1438943913035504	0.011256278742900454
358.	0.14355315412295433	0.011219617502522592
358.25	0.14327348141146612	0.011187018774173451
358.5	0.14299470996289887	0.011154361938660285
358.75	0.14270368357704272	0.01112194146513473
359.	0.1424270040762316	0.011089594048354134
359.25	0.14214776127285134	0.011057232895309438
359.5	0.14186762827152893	0.011025069865392506
359.75	0.14159685927032917	0.010992571128552384
360.	0.14132022734802158	0.010960588265938275
360.25	0.14104421531408853	0.010928758266668214
360.5	0.1407658252059533	0.010897001830980257
360.75	0.14049031490518674	0.010865387060469377
361.	0.14023066883618845	0.010835077110053538
361.25	0.13991798385855223	0.0107982200724645
361.5	0.1396435416323459	0.010767187884876557
361.75	0.13925150571332717	0.010728149877438408
362.	0.13895959540440975	0.01069735704008701
362.25	0.1387881071409722	0.010672165414120019
362.5	0.13851628842247274	0.010641431880689
362.75	0.13824076015900738	0.010611456466273681
363.	0.13796228055942858	0.010580776610321705
363.25	0.13769519127016178	0.010550148006925133
363.5	0.13745665144778094	0.010519906992408484
363.75	0.1371817468111951	0.010489107096841354
364.	0.1369130514853709	0.010458874226073354
364.25	0.13664846987093457	0.010428660643943016
364.5	0.1363847282367666	0.010398605195844568
364.75	0.1361083414571209	0.01036933702413778
365.	0.1358537949050963	0.010339584641353676
365.25	0.13559168952758527	0.010309898244885051
365.5	0.13532956925491268	0.010280332730338248
365.75	0.13506277777203674	0.010250842879711258
366.	0.1347912931135863	0.010221529600765908
366.25	0.1345230259777864	0.010191934110824937
366.5	0.13426158233930496	0.01016279045372793
366.75	0.13399980571769884	0.01013372699916811
367.	0.13373823923317446	0.010104746834181453
367.25	0.13348127275868796	0.010075879265280065
367.5	0.13320605840554395	0.01004641465087071
367.75	0.13294723692038754	0.010017666197106697
368.	0.1326895785279011	0.009989036768342507
368.25	0.1324836151233597	0.009961572961063085
368.5	0.13222918494391264	0.009933142506197873
368.75	0.13197061635393728	0.009904901799884387
369.	0.13171745769732177	0.009876767186024689
369.25	0.131466430004477	0.009849030915611227
369.5	0.13125476518543477	0.009821572950175973
369.75	0.1310034845830795	0.009793589921545973
370.	0.13075007939627384	0.009765784757333572
370.25	0.13058747755056477	0.009737425582796255
370.5	0.13033584946670163	0.00970985393337681
370.75	0.13007902628268317	0.009682388905398246
371.	0.12982654803812527	0.009654847776039196
371.25	0.12957443596310056	0.009627346697740307
371.5	0.1293209594197671	0.009599799510192618
371.75	0.1291059801927007	0.00957250233430846
372.	0.12885217384935682	0.009545205729686191
372.25	0.12860160610848095	0.009518061648563976
372.5	0.12834435377773618	0.00949090435689624
372.75	0.12809515706079602	0.009464023873304866
373.	0.1278406014756214	0.009436696964849944
373.25	0.12758887349319656	0.009410027951677283
373.5	0.12729979229516036	0.009381605105543275
373.75	0.12705403603237206	0.009355080366086113
374.	0.12680446744865603	0.009328650069704982
374.25	0.12596294919755022	0.0093059050239919
374.5	0.12571912585926434	0.009279666620553576
374.75	0.1254722490930291	0.0092535770033671
375.	0.12523536962367077	0.009226704855796077
375.25	0.12499851164909197	0.009200646551147117
375.5	0.12474232043745036	0.009174672779344266
375.75	0.12450597249181425	0.00914979030802488
376.	0.12414990181226788	0.009122673507422678
376.25	0.12389163574873546	0.009096841594897636
376.5	0.12364838107064391	0.009071326591975805
376.75	0.1234170286189844	0.009045848894206187
377.	0.12317505009091359	0.009020511877295476
377.25	0.12296527080879045	0.00899529361999542
377.5	0.12272408999259309	0.008970142285999672
377.75	0.12248698363944421	0.008944971424129223
378.	0.12224737177047083	0.008919969917411227
378.25	0.12199712450604568	0.008895090555998922
378.5	0.12175974996969714	0.008870310128178351
378.75	0.12151672128652093	0.008845680069551179
379.	0.12129070437683041	0.008821866683103094
379.25	0.12104939666317709	0.008797360301331303
379.5	0.12081183927984596	0.00877288500313231
379.75	0.12057791661605281	0.008748515590095067
380.	0.12034088867484709	0.00872423460951859