310.	6.464063720523845e-8	4.442253840988248e-11
310.25	6.463253275216894e-8	4.442027576281022e-11
310.5	6.462614340297564e-8	4.441923312553804e-11
310.75	6.462148557625595e-8	4.4419369177289696e-11
311.	6.46185837979911e-8	4.442073479987805e-11
311.25	6.461746173524186e-8	4.442334844148952e-11
311.5	6.461813716853324e-8	4.442730903446616e-11
311.75	6.462063023399092e-8	4.4432083175731577e-11
312.	6.462493189755796e-8	4.443654481222198e-11
312.25	6.463117016151138e-8	4.4442970788729244e-11
312.5	6.463925175095196e-8	4.4449597507585895e-11
312.75	6.464930884000435e-8	4.4459819692515266e-11
313.	6.466131763528739e-8	4.4471607281179266e-11
313.25	6.467530821046697e-8	4.448475465159039e-11
313.5	6.469128435584762e-8	4.44998935700076e-11
313.75	6.47093272465879e-8	4.451584907456849e-11
314.	6.472944148475416e-8	4.453322895443512e-11
314.25	6.475167078668605e-8	4.4552362995541365e-11
314.5	6.477602228700394e-8	4.457270988122196e-11
314.75	6.480253945418498e-8	4.459427861706149e-11
315.	6.48312712390374e-8	4.461893181296937e-11
315.25	6.486223654824235e-8	4.464378835980807e-11
315.5	6.489547547728819e-8	4.467020100711865e-11
315.75	6.493103049771352e-8	4.46982340386549e-11
316.	6.496893859483059e-8	4.4727895827727395e-11
316.25	6.50092496821804e-8	4.476095350162652e-11
316.5	6.505198627783248e-8	4.479395545194695e-11
316.75	6.509720148320095e-8	4.4828670020923046e-11
317.	6.514493703549489e-8	4.486497168429938e-11
317.25	6.519524805761029e-8	4.490077587876336e-11
317.5	6.524816981369226e-8	4.4940840112705526e-11
317.75	6.530375378477796e-8	4.498284724789557e-11
318.	6.536205398780569e-8	4.5027279962483674e-11
318.25	6.542313574513237e-8	4.5073177785495264e-11
318.5	6.548700779579964e-8	4.512070100148755e-11
318.75	6.555377247004386e-8	4.517040103492511e-11
319.	6.562348371631585e-8	4.522239013121871e-11
319.25	6.569617935485053e-8	4.5276147208135357e-11
319.5	6.577193027217364e-8	4.533202793563824e-11
319.75	6.585079967995731e-8	4.5389114431160796e-11
320.	6.59328651599786e-8	4.545079837895936e-11
320.25	6.601814818123049e-8	4.552092036481766e-11
320.5	6.610678429217329e-8	4.558573361355157e-11
320.75	6.619883172582937e-8	4.565070660071648e-11
321.	6.629433440859452e-8	4.572118517835865e-11
321.25	6.639339634981392e-8	4.579295026994704e-11
321.5	6.649609541980553e-8	4.586746791200746e-11
321.75	6.660253110358949e-8	4.594429542992507e-11
322.	6.671276960367818e-8	4.602413154858016e-11
322.25	6.682690220530959e-8	4.610659433658953e-11
322.5	6.694503131909277e-8	4.6191830703162225e-11
322.75	6.706738837257993e-8	4.6286813728798514e-11
323.	6.719381267237931e-8	4.6378003168634284e-11
323.25	6.732454004238136e-8	4.6473568254570314e-11
323.5	6.745968527220802e-8	4.657073371739383e-11
323.75	6.75993621622564e-8	4.667105319656539e-11
324.	6.774367966203611e-8	4.67733301371589e-11
324.25	6.789276937281801e-8	4.687908047008885e-11
324.5	6.804678813461782e-8	4.699768599416207e-11
324.75	6.820584156707727e-8	4.7111707097568864e-11
325.	6.837008787086986e-8	4.722914224694665e-11
325.25	6.853965448852144e-8	4.73509061748948e-11
325.5	6.871472162619851e-8	4.7475485126462595e-11
325.75	6.889544623361572e-8	4.760454719788095e-11
326.	6.908199064397228e-8	4.773748719727908e-11
326.25	6.927447284637372e-8	4.78736181692442e-11
326.5	6.9473192235776e-8	4.8005967264810566e-11
326.75	6.967830224090894e-8	4.8151872126671077e-11
327.	6.988989607098495e-8	4.8303711143738445e-11
327.25	7.010838315344682e-8	4.8457426571976117e-11
327.5	7.033388486926655e-8	4.8616775702516554e-11
327.75	7.056661468989279e-8	4.878186432620336e-11
328.	7.080683842239475e-8	4.895219003129382e-11
328.25	7.10548093202167e-8	4.912788883483816e-11
328.5	7.131080094965494e-8	4.930899491278504e-11
328.75	7.157509507902936e-8	4.949604964957865e-11
329.	7.18478861910762e-8	4.967548949363221e-11
329.25	7.212970760060383e-8	4.987455085108329e-11
329.5	7.242080397092066e-8	5.008068676104356e-11
329.75	7.272148004987096e-8	5.0292942873791135e-11
330.	7.303196387639976e-8	5.051326910554668e-11
330.25	7.33529803011927e-8	5.073964519347289e-11
330.5	7.368498389324285e-8	5.0974530876849355e-11
330.75	7.402804053916796e-8	5.1215622146496205e-11
331.	7.438273673424001e-8	5.1465181326930356e-11
331.25	7.474969522198514e-8	5.172487466526629e-11
331.5	7.51292808325438e-8	5.199243111879019e-11
331.75	7.55221302319701e-8	5.22698130471496e-11
332.	7.592882563099205e-8	5.2555796247260855e-11
332.25	7.634999784491028e-8	5.2851767757058447e-11
332.5	7.678632446630357e-8	5.315834632750309e-11
332.75	7.723851321840087e-8	5.347638579461487e-11
333.	7.770734558393659e-8	5.3805642137513676e-11
333.25	7.819347286926844e-8	5.414566615461278e-11
333.5	7.869811004942989e-8	5.4500424528745336e-11
333.75	7.922201346808227e-8	5.486800460051013e-11
334.	7.976620294905979e-8	5.524968347164597e-11
334.25	8.033177534048461e-8	5.5646470251288934e-11
334.5	8.091992402875722e-8	5.6060584707534604e-11
334.75	8.153187476859362e-8	5.6489382798963603e-11
335.	8.216899099670081e-8	5.693609219980547e-11
335.25	8.283279553407042e-8	5.7400104814962514e-11
335.5	8.352489838859049e-8	5.788470702826353e-11
335.75	8.424703911972176e-8	5.839021705326386e-11
336.	8.500113002147822e-8	5.891884368686063e-11
336.25	8.578924101745425e-8	5.947025923677959e-11
336.5	8.661365474849257e-8	6.004696577804048e-11
336.75	8.747681825824256e-8	6.065170046282062e-11
337.	8.838157297472556e-8	6.128430756360907e-11
337.25	8.93308923796402e-8	6.194779850534985e-11
337.5	9.03281073599691e-8	6.264374010742113e-11
337.75	9.137693139171981e-8	6.337660652317443e-11
338.	9.248141295773701e-8	6.414840509059424e-11
338.25	9.364624703547133e-8	6.496200770616984e-11
338.5	9.487650570753152e-8	6.582114797789363e-11
338.75	9.617794661192183e-8	6.673039451324204e-11
339.	9.755704115808077e-8	6.769312450110575e-11
339.25	9.902112697720463e-8	6.871500659819962e-11
339.5	1.0057852317855705e-7	6.980098212175698e-11
339.75	1.0223875480393799e-7	7.095936211069151e-11
340.	1.0401260610261228e-7	7.219870347161137e-11
340.25	1.0591284621528953e-7	7.352404383179399e-11
340.5	1.0795392011096005e-7	7.494750892888441e-11
340.75	1.1015277628309279e-7	7.648281554462964e-11
341.	1.125293669777889e-7	7.813988041299579e-11
341.25	1.1510712854048512e-7	7.993685977282982e-11
341.5	1.1791401727537237e-7	8.18929951107693e-11
341.75	1.2098346331663521e-7	8.403223113089621e-11
342.	1.2435584874508264e-7	8.638273292343767e-11
342.25	1.2808025870545552e-7	8.897761837353368e-11
342.5	1.3221699840044607e-7	9.186094355182096e-11
342.75	1.3684031183382587e-7	9.508213594198824e-11
343.	1.420425207972879e-7	9.868288278731402e-11
343.25	1.479398529932339e-7	1.0278881116415707e-10
343.5	1.546767085938166e-7	1.0747878255623726e-10
343.75	1.624327495000361e-7	1.1287759699395631e-10
344.	1.7142752288492865e-7	1.1913846679724093e-10
344.25	1.8191865366559422e-7	1.264403743391354e-10
344.5	1.9418543522352083e-7	1.3497783002728177e-10
344.75	2.0848605109838495e-7	1.449305969719087e-10
345.	2.2498362630182623e-7	1.5641211837460288e-10
345.25	2.436613409275139e-7	1.6940945429193633e-10
345.5	2.6427862776528027e-7	1.8375977284122334e-10
345.75	2.8641042724485726e-7	1.9916580672513725e-10
346.	3.095514325680141e-7	2.152762999325546e-10
346.25	3.3321914332492753e-7	2.3174223908647638e-10
346.5	3.570233605963564e-7	2.4831831818593557e-10
346.75	3.8067040266654977e-7	2.648060446608579e-10
347.	4.039602660589985e-7	2.810310567096754e-10
347.25	4.2676449839393194e-7	2.9692097131663654e-10
347.5	4.490067940011963e-7	3.124016931600747e-10
347.75	4.706464825103348e-7	3.2748479152808133e-10
348.	4.916674081418993e-7	3.421407129636542e-10
348.25	5.120691178615838e-7	3.563687139892516e-10
348.5	5.31861111133292e-7	3.702008253492296e-10
348.75	5.510589070757129e-7	3.8352315413436653e-10
349.	5.696825381816295e-7	3.9651660810151424e-10
349.25	5.877529407896392e-7	4.0913545267560735e-10
349.5	6.05292297339987e-7	4.2138075247274113e-10
349.75	6.223224157018493e-7	4.332731520255912e-10
350.	6.388652618814442e-7	4.4483157128439127e-10
350.25	6.549416806144186e-7	4.5606523890521204e-10
350.5	6.705715574895494e-7	4.669891657295855e-10
350.75	6.857742707173007e-7	4.776170700113846e-10
351.	7.005687615765811e-7	4.879418479879111e-10
351.25	7.149702856023726e-7	4.980149216614277e-10
351.5	7.289960416844132e-7	5.078307215778275e-10
351.75	7.426612042017498e-7	5.173937643754631e-10
352.	7.559801348330178e-7	5.267157017960459e-10
352.25	7.689657393426981e-7	5.357550386850302e-10
352.5	7.816322272781113e-7	5.446221912828136e-10
352.75	7.939907912120149e-7	5.53281247118101e-10
353.	8.060527982055191e-7	5.617325710534858e-10
353.25	8.178296339062498e-7	5.699616156549676e-10
353.5	8.293303779124365e-7	5.780266589709849e-10
353.75	8.405654608881042e-7	5.858907816583528e-10
354.	8.515431910913867e-7	5.935930362570969e-10
354.25	8.622725526555846e-7	6.011373909672718e-10
354.5	8.727599510803466e-7	6.084175819090882e-10
354.75	8.830164699110095e-7	6.156204795325207e-10
355.	8.930477845404978e-7	6.226676547481608e-10
355.25	9.028608955054691e-7	6.295649179900973e-10
355.5	9.124623739645015e-7	6.36314865601474e-10
355.75	9.218585503186e-7	6.429227415695675e-10
356.	9.310546815735256e-7	6.493837128789151e-10
356.25	9.400577354454984e-7	6.557327240647504e-10
356.5	9.48873030586796e-7	6.619374422686285e-10
356.75	9.575055021265565e-7	6.680164979279357e-10
357.	9.659600302306824e-7	6.738963885814387e-10
357.25	9.742416981288316e-7	6.797294646979153e-10
357.5	9.823547837098186e-7	6.854497138861536e-10
357.75	9.90300348299393e-7	6.910337097383268e-10
358.	9.980895180478863e-7	6.965287465494891e-10
358.25	1.0057229329351974e-6	7.019159642607159e-10
358.5	1.0132044294986353e-6	7.071981257510537e-10
358.75	1.0205376821039707e-6	7.123782129546379e-10
359.	1.0277264818628608e-6	7.174603553853141e-10
359.25	1.0347740573882346e-6	7.224423679038936e-10
359.5	1.041683824216371e-6	7.273290567183072e-10
359.75	1.0484589736292482e-6	7.321226465528474e-10
360.	1.0551026144956282e-6	7.36825700315236e-10
360.25	1.0616176916923436e-6	7.414394055272884e-10
360.5	1.0680071321889578e-6	7.459629175355811e-10
360.75	1.0742736380322642e-6	7.504046330366348e-10
361.	1.0804206914727914e-6	7.547350546253438e-10
361.25	1.0864493525050383e-6	7.590120280208285e-10
361.5	1.0923627059541727e-6	7.632099333023099e-10
361.75	1.0981635501923091e-6	7.673293266488198e-10
362.	1.1038540422481987e-6	7.713723971775112e-10
362.25	1.109435770737323e-6	7.753442960636783e-10
362.5	1.1149123050596622e-6	7.792415909982593e-10
362.75	1.1202850894241101e-6	7.830648198730767e-10
363.	1.125556190955308e-6	7.86817702145891e-10
363.25	1.1307271522030421e-6	7.904201189258653e-10
363.5	1.1358006080460105e-6	7.940526122721516e-10
363.75	1.1407784518117193e-6	7.975995780399681e-10
364.	1.145662300519618e-6	8.010831867283468e-10
364.25	1.150454180525327e-6	8.044953965577324e-10
364.5	1.155155328996842e-6	8.078522648202692e-10
364.75	1.1597676790990792e-6	8.111478710855889e-10
365.	1.164292616622655e-6	8.14381739062227e-10
365.25	1.168732059564137e-6	8.175590483927766e-10
365.5	1.1730877297006395e-6	8.206760200151052e-10
365.75	1.1773602943161041e-6	8.237303285761255e-10
366.	1.18155235388446e-6	8.267348817951332e-10
366.25	1.1856648095584068e-6	8.296843075800844e-10
366.5	1.18969905353968e-6	8.325795928010708e-10
366.75	1.1936603145266651e-6	8.352656779820875e-10
367.	1.1975431693457103e-6	8.380772266140327e-10
367.25	1.2013523224886344e-6	8.408741312649874e-10
367.5	1.205087061245424e-6	8.435623651279758e-10
367.75	1.208750337311744e-6	8.46216304905449e-10
368.	1.2123427744616096e-6	8.488044979471979e-10
368.25	1.2158659726583594e-6	8.51346702765552e-10
368.5	1.2193208300263676e-6	8.538411650893892e-10
368.75	1.222708886400009e-6	8.56271212810784e-10
369.	1.2260345137331285e-6	8.586127542557249e-10
369.25	1.2292908682086572e-6	8.609652899851916e-10
369.5	1.2324837997225441e-6	8.632778293227079e-10
369.75	1.2356138664204695e-6	8.655469559956323e-10
370.	1.2386820658484692e-6	8.677741823289656e-10
370.25	1.241689347800976e-6	8.699531100354143e-10
370.5	1.2446360037939572e-6	8.720844455917534e-10
370.75	1.247524327618963e-6	8.741806068124505e-10
371.	1.2503545347391658e-6	8.762397212650757e-10
371.25	1.2531274676397546e-6	8.78251864655547e-10
371.5	1.2558441394517619e-6	8.802325073920114e-10
371.75	1.2585054093296743e-6	8.821760939350766e-10
372.	1.2611115451997822e-6	8.841245483133282e-10
372.25	1.2636643321068357e-6	8.858301759467402e-10
372.5	1.2661638443128427e-6	8.87599553346407e-10
372.75	1.2686111389051093e-6	8.894089966234578e-10
373.	1.2710074585836618e-6	8.911551174323521e-10
373.25	1.2733528179194007e-6	8.928764922865698e-10
373.5	1.2756482234453166e-6	8.945597977267058e-10
373.75	1.2778931134663433e-6	8.961771829865585e-10
374.	1.2800892580196262e-6	8.977638231650768e-10
374.25	1.2822394503216838e-6	8.993597602730667e-10
374.5	1.2843423473741418e-6	9.008967543660824e-10
374.75	1.2863993262935704e-6	9.023761565215956e-10
375.	1.2884098658037546e-6	9.038551710050062e-10
375.25	1.290375301330033e-6	9.053129512419309e-10
375.5	1.2922963256338009e-6	9.06743185832737e-10
375.75	1.2941734036299064e-6	9.081378706490758e-10
376.	1.2960072701876007e-6	9.095047326715315e-10
376.25	1.297798441778728e-6	9.108396491141023e-10
376.5	1.2995475618155047e-6	9.121454051030708e-10
376.75	1.301255274140947e-6	9.134216125538457e-10
377.	1.3029209763812833e-6	9.147193849520544e-10
377.25	1.3045473959772533e-6	9.159397665620518e-10
377.5	1.3061340432394291e-6	9.171322016546245e-10
377.75	1.3076814485023077e-6	9.182973290558974e-10
378.	1.3091901498847605e-6	9.194361530942493e-10
378.25	1.3106606149656845e-6	9.205471842703238e-10
378.5	1.3120934483082855e-6	9.216325084952795e-10
378.75	1.3134891167051095e-6	9.22691953984145e-10
379.	1.3148481535816744e-6	9.237282883831624e-10
379.25	1.3161709859601069e-6	9.24735976624554e-10
379.5	1.317458119422882e-6	9.257198406357136e-10
379.75	1.3187101549106989e-6	9.266823185394086e-10
380.	1.3199273324007147e-6	9.276162624824337e-10