310.	3.904282786155871e-8	2.6831132787316155e-11
311.	3.9362208904739593e-8	2.7058752144134957e-11
312.	3.971973167896314e-8	2.7311558942600805e-11
313.	4.0119013718168304e-8	2.7592339405235473e-11
314.	4.056412110997489e-8	2.7907722533824644e-11
315.	4.105977445012947e-8	2.8258635708242534e-11
316.	4.161138515308717e-8	2.8647377356458344e-11
317.	4.222530686379876e-8	2.9080344275611416e-11
318.	4.29089531122786e-8	2.9559558288117666e-11
319.	4.367107388158604e-8	3.0094567198835565e-11
320.	4.452204312555405e-8	3.0691255424876003e-11
321.	4.54742336814155e-8	3.1362195239454767e-11
322.	4.6542631939307036e-8	3.210905839642553e-11
323.	4.774545328246728e-8	3.295450422524353e-11
324.	4.910480635844509e-8	3.390420081376202e-11
325.	5.064844979668119e-8	3.4987271693327404e-11
326.	5.241114542820788e-8	3.6217491136991544e-11
327.	5.4437055288794316e-8	3.7623632914190065e-11
328.	5.6783625345021597e-8	3.9257264982982794e-11
329.	5.9525838761249415e-8	4.11560497426489e-11
330.	6.276468049454316e-8	4.341180255689467e-11
331.	6.663888312881917e-8	4.61072334015126e-11
332.	7.134273914430961e-8	4.938143624678125e-11
333.	7.715873926707911e-8	5.342577952687662e-11
334.	8.451138341895321e-8	5.853641029685168e-11
335.	9.40669620830736e-8	6.518036988348371e-11
336.	1.069255233763687e-7	7.411581700568014e-11
337.	1.2502391429913763e-7	8.669232464221486e-11
338.	1.520528060810157e-7	1.0546924714595262e-10
339.	1.957732071332066e-7	1.358436041840846e-10
340.	2.745328061146674e-7	1.905626000981939e-10
341.	4.361689523042024e-7	3.0287373588122477e-10
342.	7.764117524700567e-7	5.393278219645437e-10
343.	1.0643276953877434e-6	7.394329854307063e-10
344.	9.393138789484242e-7	6.528030825855284e-10
345.	8.965869556233817e-7	6.233212049305117e-10
346.	8.803748075302436e-7	6.122531223540751e-10
347.	8.757680001891361e-7	6.09262908272567e-10
348.	8.769640455624897e-7	6.102603077274465e-10
349.	8.801074437539854e-7	6.125819118067504e-10
350.	8.837526427689016e-7	6.153427023906316e-10
351.	8.873497908293136e-7	6.180336899044168e-10
352.	8.906720445453974e-7	6.205598922470193e-10
353.	8.93626840889283e-7	6.227623103755484e-10
354.	8.961825000866462e-7	6.247101695277652e-10
355.	8.983281471792169e-7	6.263493289848394e-10
356.	9.000747767432488e-7	6.277761252457797e-10
357.	9.0143601005376e-7	6.288815817435201e-10
358.	9.024262102106849e-7	6.297689592821531e-10
359.	9.03070429266874e-7	6.304374194438985e-10
360.	9.033846470414606e-7	6.308742069875103e-10
361.	9.03388443581228e-7	6.31068001284534e-10
362.	9.030986180319826e-7	6.310846536016976e-10
363.	9.025330860662254e-7	6.3091386693588e-10
364.	9.017087725506208e-7	6.305031916369697e-10
365.	9.006419623051635e-7	6.299673785290401e-10
366.	8.993463952187389e-7	6.292747276916416e-10
367.	8.978405875996037e-7	6.283362210717898e-10
368.	8.961312412626196e-7	6.274135041325355e-10
369.	8.942346836424763e-7	6.262477084233226e-10
370.	8.92157236040987e-7	6.250118875209718e-10
371.	8.89913056203167e-7	6.236448516422392e-10
372.	8.875126640914016e-7	6.222064465660245e-10
373.	8.84965654406072e-7	6.204854789401799e-10
374.	8.822789252315645e-7	6.187678679838998e-10
375.	8.794655933045951e-7	6.16969448408737e-10
376.	8.765303253290672e-7	6.151265487125867e-10
377.	8.734805327865776e-7	6.132294975687889e-10
378.	8.703248231147232e-7	6.112237457465418e-10
379.	8.670691866314109e-7	6.09147401161903e-10
380.	8.637200919699844e-7	6.070037220056285e-10