310.	5.082101239772755	0.031859355340665585
310.25	5.0669174274243804	0.03175653908278977
310.5	5.0517646517668515	0.03165354293943319
310.75	5.036860830261928	0.03155088458048718
311.	5.021855456705394	0.0314497550436725
311.25	5.007428138226242	0.03134450379986234
311.5	4.992589096884568	0.031243460432516877
311.75	4.977735413330629	0.031141535947747
312.	4.962951931788602	0.031040373627834683
312.25	4.948163518752035	0.030938927112159915
312.5	4.93343696718698	0.03083865322809359
312.75	4.9189110377508545	0.030740079511343815
313.	4.9043214920040015	0.030640852149244446
313.25	4.8897694011634885	0.030542655303625953
313.5	4.875351279077881	0.030443247285118224
313.75	4.8609161331289465	0.030346562651600677
314.	4.846473809055516	0.03025013615076242
314.25	4.832228175579913	0.03015309993093369
314.5	4.817940973914698	0.030056281306897206
314.75	4.80374124952683	0.02996042933888547
315.	4.789654863318377	0.029865333477287273
315.25	4.775541224250033	0.02976999387976269
315.5	4.761463951330492	0.0296730009710356
315.75	4.747376644298792	0.02957784133188392
316.	4.733409805241266	0.029483745086965
316.25	4.71950262250019	0.02939072953963037
316.5	4.705351461555804	0.029296674446157196
316.75	4.691601381953961	0.029203547784550827
317.	4.677905387760315	0.02911135428448561
317.25	4.6642220125476985	0.029019339217682117
317.5	4.650578458066487	0.028927888161806106
317.75	4.636975004565006	0.028836516016189296
318.	4.623469298526619	0.028745920259006384
318.25	4.6095674593654	0.02865049699326874
318.5	4.5961561094563015	0.02856019874654625
318.75	4.5827657089505465	0.02847058403076029
319.	4.569253979555128	0.028378707122674353
319.25	4.5559732784880485	0.02828976292149228
319.5	4.5427221683380505	0.028200225253477797
319.75	4.529522166378702	0.028111216125686758
320.	4.516402542508683	0.02802331732443811
320.25	4.503334153688748	0.027934340416710467
320.5	4.490270873976181	0.02784720971835923
320.75	4.477191766098778	0.027761273672936272
321.	4.46414092054043	0.027674421212044498
321.25	4.451186037883117	0.02758756269889067
321.5	4.438421171457669	0.027500983152926924
321.75	4.425408688590696	0.027415090715751746
322.	4.412775910715641	0.027323864823593277
322.25	4.399855588245103	0.027230732007662607
322.5	4.386827251454623	0.027142883241349194
322.75	4.374086431485727	0.027058635860431293
323.	4.361482042464331	0.026974281640405984
323.25	4.348944968757624	0.026890377740942883
323.5	4.336411114850309	0.0268068556735993
323.75	4.3239334550597155	0.026723663736291724
324.	4.311502869630177	0.026640064516393433
324.25	4.299109975169426	0.026558264498583332
324.5	4.286760519605518	0.02647602427614254
324.75	4.2744626206409695	0.026394184637628333
325.	4.262218390338792	0.026312671401938055
325.25	4.250007616702381	0.026231196857659324
325.5	4.237875237760477	0.02615007940009091
325.75	4.226197921290182	0.02607160262959686
326.	4.214126324508441	0.02599129695163594
326.25	4.202116205480957	0.025911462781771716
326.5	4.190026527542938	0.02583029567093658
326.75	4.178076511105276	0.025750228327373656
327.	4.166156081051148	0.02567250844511799
327.25	4.1542802236077865	0.025593946373824877
327.5	4.142493636625598	0.025515387100972585
327.75	4.13072488576756	0.02543585735657898
328.	4.119015116474469	0.02535770821454713
328.25	4.107312125840018	0.025281206945371826
328.5	4.095660960137469	0.025203959855476337
328.75	4.084304171378469	0.02512787031079035
329.	4.072709122440673	0.02505162225765587
329.25	4.0611649241105985	0.02497465868351573
329.5	4.049611812051709	0.024893545317323063
329.75	4.038143048113413	0.02481698903667716
330.	4.026759452091196	0.02474229347606799
330.25	4.015515146867171	0.0246608009777747
330.5	4.004170556386916	0.024585525137435754
330.75	3.99288054383736	0.024511101732501418
331.	3.981512796844433	0.024435618967399823
331.25	3.970274798639922	0.024368809091340735
331.5	3.959246690314438	0.024293450852879782
331.75	3.9480033639880143	0.024214840427890565
332.	3.9368333329611103	0.02414221616119606
332.25	3.9257657153677443	0.024069090044511264
332.5	3.9146882184470537	0.02399652548681749
332.75	3.903680419109825	0.02392346044697349
333.	3.8927174127642985	0.02385118782839875
333.25	3.8818043881844235	0.023779216855226045
333.5	3.870908891618223	0.023706949642462467
333.75	3.8600416865054648	0.023635107104505445
334.	3.849205387461859	0.02356343689006178
334.25	3.8382247387503643	0.023490443618571402
334.5	3.827508332495909	0.02342012322566016
334.75	3.8170453965528814	0.02334712911143437
335.	3.806382177421536	0.023276911606501208
335.25	3.79574034030858	0.023207402414669932
335.5	3.7851880684839574	0.023137527037104855
335.75	3.774613976271927	0.023068433851226203
336.	3.7640629328191966	0.022999951780215997
336.25	3.7534510458263037	0.022929009663915617
336.5	3.743005405324742	0.02286045829272719
336.75	3.7325936762358616	0.022791991660415043
337.	3.722218220219759	0.022723741748659668
337.25	3.711891279610284	0.022655933082297755
337.5	3.701570135554756	0.022588016503350038
337.75	3.69128847187447	0.022521337116516438
338.	3.681050966479995	0.022453576615484895
338.25	3.6708532382743866	0.022386411901314636
338.5	3.6606822200045706	0.02231985974030345
338.75	3.6504914390587047	0.022253725216589665
339.	3.640343289498325	0.022186585891420304
339.25	3.630281628913346	0.022120556428369947
339.5	3.620259797189497	0.022054173547965517
339.75	3.610293677124496	0.021988143291421174
340.	3.600383687276928	0.021919586223956157
340.25	3.590458556379794	0.021854395603038864
340.5	3.5802949634644157	0.021786082586732668
340.75	3.570442079293627	0.021721315002777283
341.	3.5606131717399183	0.021657308084809233
341.25	3.550888087379573	0.021593675475064786
341.5	3.541121685714427	0.021529646348578003
341.75	3.5312744525292534	0.021464790333505714
342.	3.521591890261524	0.02140115389840935
342.25	3.5119607719414114	0.02133740505835318
342.5	3.5023041913381703	0.021274236214190976
342.75	3.492692183322587	0.021210510838715477
343.	3.4831241166924065	0.02114642305575558
343.25	3.4735433874074375	0.021083302005792198
343.5	3.4640416142623462	0.021020859088998
343.75	3.4545296632689833	0.0209586777504381
344.	3.445095955921353	0.020896718772430104
344.25	3.4356859886134843	0.020835546376652397
344.5	3.4263221235913304	0.020774273160743876
344.75	3.416969990185426	0.02071315419325374
345.	3.4076917072770305	0.02065200361249325
345.25	3.3983650687098232	0.020591455846331732
345.5	3.3892001763162116	0.020532382580446845
345.75	3.3799532916009185	0.020472300371283125
346.	3.370769930917026	0.020412108133227337
346.25	3.361611205882903	0.02035232688306382
346.5	3.3524715522442943	0.020292713083625583
346.75	3.3433733208375607	0.020233458324182982
347.	3.334164125207215	0.0201738164501659
347.25	3.325124277543907	0.020114953723285495
347.5	3.3161240680251924	0.020056642825008762
347.75	3.3071439878795674	0.019998257301554277
348.	3.2981970477690674	0.019940384186858288
348.25	3.2892701180233606	0.019882496948259998
348.5	3.2803738027240024	0.01982489102308549
348.75	3.2713900914478033	0.019764458722599076
349.	3.2625614026799132	0.019707193805453486
349.25	3.2537561421197725	0.019649302625909543
349.5	3.2449899696905247	0.019592447256065314
349.75	3.236258680974387	0.01953681631820605
350.	3.2275512541163742	0.019480458055455344
350.25	3.2188473110871643	0.019424057763548556
350.5	3.210150805404681	0.019366526366261766
350.75	3.2015147836861493	0.01931078754483991
351.	3.1928661211791507	0.01925566523245233
351.25	3.1843076686789105	0.019200191736542492
351.5	3.1757370110530294	0.019144228915351943
351.75	3.1673600791983203	0.01908769667722227
352.	3.1588105522802428	0.019032548845306543
352.25	3.15032507541045	0.018976798800842385
352.5	3.142024187736529	0.01892046742547406
352.75	3.133604962518304	0.018865501942614733
353.	3.125084002361461	0.018809726004082112
353.25	3.1167284073844104	0.01875518146027057
353.5	3.1083424595742906	0.018700388852835814
353.75	3.1000463621377703	0.0186463847618222
354.	3.0916664789518107	0.018592583368916775
354.25	3.083417134134396	0.01853908527629144
354.5	3.0751996909866057	0.01848581845086613
354.75	3.0669887424515063	0.01843281827655357
355.	3.0588462467731734	0.018379747285366586
355.25	3.050703204495798	0.018326910035922524
355.5	3.0427227313330416	0.018279255260186575
355.75	3.0346139222909665	0.018225657556859735
356.	3.026569844463631	0.01817402909850127
356.25	3.018558767197558	0.018122504471396805
356.5	3.010648965179598	0.01807057312281533
356.75	3.0026680358543216	0.01801900568015689
357.	2.9947243936419534	0.017967866035104335
357.25	2.986815119057337	0.017916921481486155
357.5	2.9789110985494083	0.01786315331086254
357.75	2.9710417706074654	0.01781249194711499
358.	2.963183557754206	0.01776188987423651
358.25	2.9553529291658047	0.01771165495678379
358.5	2.9475597165268153	0.017661552873135356
358.75	2.9397963956148976	0.017611761029796467
359.	2.9320665957910954	0.01756189726274242
359.25	2.9243542974223007	0.017512466981155612
359.5	2.9167366292629153	0.01746280006953746
359.75	2.9090714342150896	0.017413417729445952
360.	2.901420092875958	0.01736455781298639
360.25	2.8938010705444865	0.01731580790594559
360.5	2.8861332995281224	0.017267482196674285
360.75	2.8785564528826746	0.01721869981958755
361.	2.871029705466156	0.017168975594733384
361.25	2.8635000162434476	0.017121217224000892
361.5	2.8560805772382585	0.017072351436875133
361.75	2.8486066128326195	0.0170242585814133
362.	2.841130247932391	0.01697618893875866
362.25	2.8336816349783494	0.016926582016080105
362.5	2.8262751830290855	0.016878738218269126
362.75	2.818893062623345	0.016831232841743874
363.	2.8115404011783998	0.016795855679225643
363.25	2.8042249094100193	0.01674986183352922
363.5	2.7964569831677704	0.016694591689944596
363.75	2.789165656118596	0.016647515160776984
364.	2.7818875825391105	0.016601352444907444
364.25	2.774682349434693	0.01654135133997974
364.5	2.7674667999560225	0.016495007512472598
364.75	2.7602795082183658	0.016448773727842966
365.	2.753130109911286	0.016402457929790896
365.25	2.7459810618147786	0.016356623662385803
365.5	2.738838351357466	0.016311303123003447
365.75	2.731736416665683	0.01626580277712347
366.	2.7246568077467552	0.01622049279267792
366.25	2.717627185860877	0.016175310629619355
366.5	2.710597482003601	0.016129342939863407
366.75	2.7035644670560046	0.01608400057551305
367.	2.696567251899906	0.016039806771561294
367.25	2.6896177564460975	0.015994608362425916
367.5	2.682686815565368	0.015949937031721546
367.75	2.6757705465189785	0.015905898898282204
368.	2.6688667796514745	0.015861918098452745
368.25	2.6619853827927535	0.015818119212158675
368.5	2.6551254195086127	0.01577455273156567
368.75	2.6482607177300896	0.01573079362015565
369.	2.641444607080163	0.015687372941982955
369.25	2.6346539840306886	0.015644036534433105
369.5	2.627952089628534	0.015600351112276686
369.75	2.6211970543388823	0.015557341673560059
370.	2.614463356913974	0.015514520749841323
370.25	2.607743301316774	0.015471678147360134
370.5	2.601067556095722	0.015429733893921585
370.75	2.5943931697164655	0.015386254848472353
371.	2.587754478976942	0.01534470301169443
371.25	2.581133227031304	0.015302279455657082
371.5	2.574530354574924	0.01526009513235922
371.75	2.5679055619420033	0.015212033690005278
372.	2.5613313779156783	0.015170098606089399
372.25	2.554761608312515	0.015128938799600335
372.5	2.548274545187372	0.015086724742195003
372.75	2.5417711589334147	0.015045216438345638
373.	2.535262404270929	0.015014248883278335
373.25	2.5287771284774956	0.014973261344087174
373.5	2.5223306691400134	0.014932259600029368
373.75	2.5159221100957705	0.014891418758903735
374.	2.5095148990081126	0.014850711541151845
374.25	2.503127614853877	0.014809518302695106
374.5	2.496995235832704	0.014770557932482
374.75	2.4906705794524284	0.014738918024159574
375.	2.48434118166927	0.014699075648150347
375.25	2.478075340272924	0.01465932263224972
375.5	2.471782802281756	0.01461961348820678
375.75	2.465519420370208	0.014578899649353065
376.	2.459326178170295	0.014537290823705635
376.25	2.453028170879085	0.014497455151378196
376.5	2.4467760715027467	0.014459644201342825
376.75	2.4405838933229878	0.014419889341128398
377.	2.4344063919528662	0.014379286289702696
377.25	2.4282532305717033	0.014339232465255338
377.5	2.4221221482252875	0.01430058664668645
377.75	2.416044250812404	0.014260348016862457
378.	2.4100002366798705	0.014221266721624423
378.25	2.4039171212456867	0.014182230588957092
378.5	2.397852761231643	0.0141433326210514
378.75	2.3918107772903605	0.014104936999342153
379.	2.3857970059099856	0.01406715704335078
379.25	2.3797837289079546	0.014028819027942261
379.5	2.3737911001042296	0.013990710268662396
379.75	2.3678151213526304	0.013952776606906839
380.	2.361861097661401	0.013914998681232542